#!ascii label  , from subject  vox2ras=TkReg
538
27596  -43.546  -74.952  5.384 0.0000000000
61353  -44.411  -75.093  5.600 0.0000000000
125831  -43.974  -75.605  5.224 0.0000000000
125832  -43.100  -75.453  5.000 0.0000000000
125833  -42.665  -74.797  5.099 0.0000000000
61354  -43.938  -74.460  5.683 0.0000000000
61355  -43.064  -74.309  5.447 0.0000000000
61352  -44.796  -74.573  5.900 0.0000000000
12770  -45.238  -75.185  5.802 0.0000000000
125830  -44.833  -75.710  5.434 0.0000000000
5091  -44.325  -73.983  5.890 0.0000000000
61356  -43.468  -73.832  5.697 0.0000000000
125834  -42.209  -74.136  5.163 0.0000000000
27597  -42.597  -73.677  5.438 0.0000000000
156692  -43.805  -73.327  5.833 0.0000000000
156693  -43.003  -73.208  5.630 0.0000000000
96714  -45.632  -75.824  5.706 0.0000000000
61351  -45.180  -76.381  5.296 0.0000000000
27595  -44.384  -76.273  5.024 0.0000000000
125829  -43.499  -76.128  4.838 0.0000000000
5090  -42.646  -75.931  4.505 0.0000000000
111586  -42.238  -75.271  4.653 0.0000000000
21032  -41.820  -74.607  4.811 0.0000000000
125835  -41.721  -73.453  5.150 0.0000000000
51752  -41.351  -73.884  4.823 0.0000000000
2294  -40.949  -73.165  4.727 0.0000000000
156694  -42.102  -73.012  5.356 0.0000000000
156695  -41.308  -72.747  5.003 0.0000000000
38578  -43.305  -72.730  5.732 0.0000000000
156691  -44.104  -72.834  5.974 0.0000000000
156689  -44.646  -73.471  6.041 0.0000000000
86203  -42.443  -72.591  5.487 0.0000000000
38579  -41.635  -72.369  5.212 0.0000000000
156703  -40.886  -72.063  4.833 0.0000000000
156704  -40.602  -72.433  4.563 0.0000000000
38582  -40.230  -71.646  4.373 0.0000000000
86211  -40.513  -71.327  4.683 0.0000000000
156702  -41.207  -71.717  5.043 0.0000000000
156705  -39.982  -71.988  4.046 0.0000000000
51756  -40.291  -72.847  4.224 0.0000000000
21036  -39.708  -72.292  3.656 0.0000000000
86213  -39.714  -71.132  3.888 0.0000000000
156706  -39.485  -71.425  3.471 0.0000000000
38583  -39.346  -70.569  3.384 0.0000000000
156707  -39.230  -70.823  2.951 0.0000000000
111594  -39.327  -71.665  3.066 0.0000000000
9440  -39.131  -71.053  2.497 0.0000000000
156709  -39.179  -69.935  2.809 0.0000000000
156710  -39.135  -70.160  2.381 0.0000000000
38584  -39.162  -69.218  2.204 0.0000000000
86216  -39.144  -68.996  2.603 0.0000000000
156708  -39.250  -69.687  3.224 0.0000000000
156711  -39.178  -69.451  1.791 0.0000000000
86151  -39.120  -70.371  1.878 0.0000000000
38558  -39.250  -69.624  1.280 0.0000000000
86218  -39.283  -68.470  1.581 0.0000000000
156712  -39.370  -68.708  1.093 0.0000000000
38585  -39.508  -67.776  0.903 0.0000000000
156713  -39.638  -67.911  0.428 0.0000000000
156632  -39.489  -68.898  0.629 0.0000000000
156714  -39.884  -67.044  0.312 0.0000000000
131  -39.797  -68.111  -0.016 0.0000000000
143618  -40.026  -67.235  -0.121 0.0000000000
34184  -40.346  -66.431  -0.212 0.0000000000
86220  -39.708  -66.861  0.738 0.0000000000
156715  -40.196  -66.199  0.160 0.0000000000
38586  -40.049  -65.952  0.532 0.0000000000
156716  -40.573  -65.433  0.035 0.0000000000
75353  -40.724  -65.659  -0.317 0.0000000000
7946  -41.192  -65.009  -0.405 0.0000000000
156718  -40.458  -65.197  0.430 0.0000000000
156719  -41.046  -64.753  -0.060 0.0000000000
38587  -40.984  -64.516  0.324 0.0000000000
86223  -40.389  -64.940  0.837 0.0000000000
156717  -39.974  -65.727  0.967 0.0000000000
156720  -41.620  -64.125  -0.163 0.0000000000
105116  -41.749  -64.384  -0.497 0.0000000000
17438  -42.362  -63.828  -0.548 0.0000000000
86225  -41.555  -63.914  0.257 0.0000000000
21060  -39.906  -65.455  1.384 0.0000000000
111636  -39.578  -66.344  1.568 0.0000000000
86221  -39.644  -66.609  1.140 0.0000000000
21058  -39.213  -68.756  2.998 0.0000000000
111632  -39.374  -69.402  3.590 0.0000000000
86214  -39.510  -70.290  3.752 0.0000000000
38581  -40.837  -70.943  4.909 0.0000000000
156701  -41.541  -71.287  5.212 0.0000000000
86204  -41.979  -71.978  5.350 0.0000000000
156700  -41.138  -70.522  5.069 0.0000000000
156698  -41.842  -70.857  5.351 0.0000000000
9447  -42.313  -71.554  5.487 0.0000000000
86209  -40.465  -70.100  4.722 0.0000000000
156699  -40.757  -69.721  4.902 0.0000000000
38580  -41.447  -70.122  5.233 0.0000000000
21056  -40.178  -69.256  4.562 0.0000000000
111628  -40.474  -68.950  4.814 0.0000000000
86207  -41.063  -69.367  5.147 0.0000000000
156697  -42.145  -70.424  5.499 0.0000000000
111626  -42.626  -71.068  5.607 0.0000000000
86206  -41.714  -69.775  5.415 0.0000000000
156696  -42.351  -70.126  5.695 0.0000000000
21054  -42.806  -70.717  5.740 0.0000000000
27608  -41.906  -69.471  5.653 0.0000000000
125858  -42.520  -69.879  5.961 0.0000000000
51774  -42.987  -70.453  5.972 0.0000000000
86201  -43.653  -72.274  5.846 0.0000000000
156690  -44.389  -72.445  6.114 0.0000000000
38577  -44.964  -72.988  6.233 0.0000000000
21053  -43.849  -71.912  5.978 0.0000000000
111623  -44.561  -72.119  6.285 0.0000000000
86199  -45.160  -72.608  6.420 0.0000000000
156688  -45.482  -73.588  6.255 0.0000000000
96717  -45.162  -74.103  6.082 0.0000000000
86198  -45.733  -73.173  6.519 0.0000000000
156687  -46.258  -73.763  6.642 0.0000000000
12771  -45.976  -74.233  6.368 0.0000000000
38576  -46.489  -73.347  6.930 0.0000000000
156686  -46.977  -73.907  7.071 0.0000000000
43491  -46.749  -74.378  6.771 0.0000000000
156685  -47.169  -73.482  7.403 0.0000000000
156659  -47.636  -74.034  7.559 0.0000000000
552  -47.412  -74.525  7.198 0.0000000000
86196  -46.645  -72.935  7.208 0.0000000000
156684  -47.269  -72.993  7.762 0.0000000000
38567  -47.779  -73.576  7.945 0.0000000000
38575  -46.752  -72.499  7.550 0.0000000000
156683  -47.233  -72.632  8.094 0.0000000000
86174  -47.668  -73.173  8.327 0.0000000000
156682  -46.777  -72.128  7.892 0.0000000000
156680  -47.136  -72.268  8.395 0.0000000000
9443  -47.508  -72.812  8.629 0.0000000000
86194  -46.228  -71.989  7.395 0.0000000000
156681  -46.307  -71.638  7.747 0.0000000000
38574  -46.717  -71.804  8.250 0.0000000000
21051  -45.693  -71.513  7.283 0.0000000000
111619  -45.826  -71.157  7.662 0.0000000000
86192  -46.249  -71.321  8.149 0.0000000000
156679  -46.753  -71.994  8.743 0.0000000000
111608  -47.175  -72.482  8.903 0.0000000000
86191  -46.372  -71.528  8.617 0.0000000000
156678  -46.305  -71.748  9.055 0.0000000000
21044  -46.656  -72.222  9.158 0.0000000000
38573  -45.941  -71.297  8.990 0.0000000000
156677  -45.771  -71.547  9.367 0.0000000000
51764  -46.154  -72.013  9.439 0.0000000000
156676  -45.423  -71.124  9.311 0.0000000000
156668  -45.291  -71.416  9.637 0.0000000000
2295  -45.632  -71.854  9.717 0.0000000000
86189  -45.596  -70.860  8.903 0.0000000000
156667  -44.800  -71.275  9.875 0.0000000000
125846  -45.093  -71.690  9.967 0.0000000000
27602  -44.558  -71.518  10.190 0.0000000000
156658  -48.094  -74.199  8.068 0.0000000000
135222  -47.935  -74.682  7.662 0.0000000000
86173  -48.098  -73.751  8.528 0.0000000000
156657  -48.358  -74.393  8.668 0.0000000000
31224  -48.293  -74.833  8.160 0.0000000000
38566  -48.209  -73.973  9.060 0.0000000000
156656  -48.455  -74.582  9.261 0.0000000000
68556  -48.527  -75.025  8.745 0.0000000000
156655  -48.215  -74.173  9.597 0.0000000000
156653  -48.376  -74.782  9.761 0.0000000000
6798  -48.572  -75.213  9.345 0.0000000000
86171  -47.956  -73.597  9.334 0.0000000000
156654  -47.841  -73.776  9.798 0.0000000000
38565  -48.071  -74.397  10.054 0.0000000000
21043  -47.516  -73.242  9.548 0.0000000000
111605  -47.380  -73.431  10.015 0.0000000000
86169  -47.664  -73.967  10.301 0.0000000000
156652  -48.224  -74.941  10.251 0.0000000000
101037  -48.410  -75.387  9.881 0.0000000000
86168  -47.891  -74.481  10.535 0.0000000000
156631  -39.338  -69.749  0.769 0.0000000000
41693  -39.623  -69.044  0.114 0.0000000000
86150  -39.173  -70.470  1.383 0.0000000000
156630  -39.249  -70.573  0.864 0.0000000000
10973  -39.425  -69.906  0.221 0.0000000000
38557  -39.186  -71.327  1.482 0.0000000000
156629  -39.240  -71.411  0.966 0.0000000000
93479  -39.324  -70.723  0.319 0.0000000000
156628  -39.248  -72.180  1.614 0.0000000000
156626  -39.300  -72.271  1.151 0.0000000000
3293  -39.376  -71.498  0.444 0.0000000000
86148  -39.218  -72.041  2.105 0.0000000000
156627  -39.335  -72.857  2.200 0.0000000000
38556  -39.376  -72.984  1.697 0.0000000000
21035  -39.339  -72.651  2.682 0.0000000000
111591  -39.592  -73.456  2.770 0.0000000000
86146  -39.561  -73.629  2.270 0.0000000000
156625  -39.456  -73.032  1.179 0.0000000000
55958  -39.469  -72.293  0.582 0.0000000000
86145  -39.551  -73.722  1.742 0.0000000000
156624  -39.589  -73.752  1.288 0.0000000000
24359  -39.580  -73.063  0.695 0.0000000000
38555  -39.752  -74.407  1.796 0.0000000000
156623  -39.824  -74.459  1.313 0.0000000000
118277  -39.688  -73.795  0.824 0.0000000000
156622  -40.085  -75.112  1.773 0.0000000000
156614  -40.154  -75.146  1.257 0.0000000000
1373  -39.939  -74.478  0.770 0.0000000000
86143  -40.118  -75.038  2.247 0.0000000000
156621  -40.483  -75.695  2.207 0.0000000000
38552  -40.519  -75.757  1.706 0.0000000000
38554  -40.618  -75.618  2.704 0.0000000000
156620  -41.064  -76.242  2.567 0.0000000000
86136  -40.993  -76.333  2.120 0.0000000000
156619  -41.235  -76.142  3.091 0.0000000000
156617  -41.715  -76.745  2.916 0.0000000000
9438  -41.558  -76.834  2.408 0.0000000000
86141  -40.829  -75.481  3.265 0.0000000000
156618  -41.516  -75.972  3.645 0.0000000000
38553  -41.953  -76.591  3.463 0.0000000000
21033  -41.117  -75.280  3.789 0.0000000000
111587  -41.855  -75.654  4.151 0.0000000000
86139  -42.268  -76.321  3.997 0.0000000000
156616  -42.450  -77.155  3.239 0.0000000000
111585  -42.240  -77.301  2.706 0.0000000000
86138  -42.740  -76.891  3.763 0.0000000000
156615  -43.242  -77.435  3.576 0.0000000000
21031  -42.989  -77.677  3.027 0.0000000000
27594  -43.566  -77.113  4.072 0.0000000000
125826  -44.046  -77.655  3.853 0.0000000000
51751  -43.738  -77.999  3.345 0.0000000000
156613  -40.563  -75.808  1.189 0.0000000000
46358  -40.239  -75.184  0.713 0.0000000000
86135  -41.006  -76.391  1.609 0.0000000000
143620  -40.422  -66.851  -0.592 0.0000000000
143619  -40.132  -67.678  -0.527 0.0000000000
135221  -48.157  -75.305  7.729 0.0000000000
43487  -47.748  -75.173  7.285 0.0000000000
68555  -48.453  -75.456  8.261 0.0000000000
135220  -48.253  -75.922  7.799 0.0000000000
12767  -47.981  -75.818  7.284 0.0000000000
31223  -48.379  -76.086  8.344 0.0000000000
135219  -48.192  -76.545  7.845 0.0000000000
96709  -48.039  -76.398  7.319 0.0000000000
135218  -48.237  -76.664  8.430 0.0000000000
135216  -48.070  -77.130  7.879 0.0000000000
5087  -47.961  -77.004  7.359 0.0000000000
68553  -48.383  -76.282  8.941 0.0000000000
135215  -47.759  -77.710  7.951 0.0000000000
61342  -47.778  -77.622  7.387 0.0000000000
125857  -42.742  -69.595  6.306 0.0000000000
2296  -43.239  -70.176  6.358 0.0000000000
125859  -42.142  -69.242  5.954 0.0000000000
27607  -42.310  -68.978  6.248 0.0000000000
125856  -42.892  -69.295  6.634 0.0000000000
51768  -43.476  -69.864  6.724 0.0000000000
61371  -42.554  -68.739  6.543 0.0000000000
125855  -43.228  -69.019  6.987 0.0000000000
21048  -43.680  -69.541  7.076 0.0000000000
27606  -42.885  -68.478  6.868 0.0000000000
125854  -43.468  -68.772  7.245 0.0000000000
111614  -43.841  -69.271  7.311 0.0000000000
125853  -43.088  -68.207  7.149 0.0000000000
125851  -43.647  -68.518  7.541 0.0000000000
5096  -44.053  -69.020  7.617 0.0000000000
61369  -42.475  -67.828  6.757 0.0000000000
125850  -43.843  -68.296  7.940 0.0000000000
86183  -44.251  -68.745  7.983 0.0000000000
27604  -44.248  -68.582  8.438 0.0000000000
125845  -44.894  -71.950  10.322 0.0000000000
51760  -45.452  -72.137  10.063 0.0000000000
125844  -44.726  -72.167  10.800 0.0000000000
21040  -45.211  -72.377  10.495 0.0000000000
27601  -44.201  -71.876  11.011 0.0000000000
125843  -44.513  -72.216  11.235 0.0000000000
111600  -45.049  -72.545  11.040 0.0000000000
125842  -43.970  -71.871  11.433 0.0000000000
125840  -44.288  -72.182  11.669 0.0000000000
5093  -44.888  -72.559  11.493 0.0000000000
125841  -43.450  -71.468  11.631 0.0000000000
27600  -43.697  -71.784  11.847 0.0000000000
96719  -42.903  -71.094  11.864 0.0000000000
61359  -43.180  -71.421  12.054 0.0000000000
125839  -44.061  -72.143  12.111 0.0000000000
86160  -44.661  -72.533  11.945 0.0000000000
61358  -43.527  -71.754  12.263 0.0000000000
27599  -44.506  -72.498  12.396 0.0000000000
125828  -43.937  -76.747  4.576 0.0000000000
86137  -43.093  -76.546  4.301 0.0000000000
61350  -44.776  -76.954  4.819 0.0000000000
125827  -44.394  -77.317  4.344 0.0000000000
27593  -45.211  -77.517  4.604 0.0000000000
125825  -44.821  -77.891  4.120 0.0000000000
2293  -44.464  -78.243  3.616 0.0000000000
125824  -45.554  -78.093  4.431 0.0000000000
51745  -45.180  -78.482  3.938 0.0000000000
61348  -45.981  -77.631  4.961 0.0000000000
118279  -39.794  -73.352  0.237 0.0000000000
118278  -39.980  -74.067  0.189 0.0000000000
111635  -39.353  -67.029  2.198 0.0000000000
9449  -39.357  -67.290  1.759 0.0000000000
111637  -39.561  -66.157  2.018 0.0000000000
21059  -39.358  -66.770  2.577 0.0000000000
111634  -39.247  -67.754  2.764 0.0000000000
86215  -39.190  -67.998  2.398 0.0000000000
51778  -39.303  -67.468  3.126 0.0000000000
111633  -39.303  -68.451  3.319 0.0000000000
21057  -39.410  -68.130  3.665 0.0000000000
111631  -39.517  -69.065  3.878 0.0000000000
9448  -39.694  -69.969  4.083 0.0000000000
111630  -39.709  -68.731  4.142 0.0000000000
86208  -39.879  -69.598  4.353 0.0000000000
51776  -39.620  -67.803  3.986 0.0000000000
111629  -39.975  -68.406  4.430 0.0000000000
21055  -39.822  -67.512  4.305 0.0000000000
111627  -40.210  -68.100  4.741 0.0000000000
5098  -40.718  -68.601  5.078 0.0000000000
125864  -40.437  -67.810  4.997 0.0000000000
125865  -40.012  -67.228  4.591 0.0000000000
111625  -43.332  -71.352  5.863 0.0000000000
86200  -43.153  -71.694  5.728 0.0000000000
51773  -43.500  -71.019  6.051 0.0000000000
111624  -44.041  -71.574  6.175 0.0000000000
21052  -44.252  -71.239  6.450 0.0000000000
111622  -44.765  -71.771  6.537 0.0000000000
9446  -45.323  -72.270  6.637 0.0000000000
111621  -44.962  -71.400  6.839 0.0000000000
86193  -45.520  -71.870  6.944 0.0000000000
51771  -44.429  -70.904  6.764 0.0000000000
111620  -45.149  -71.044  7.184 0.0000000000
21050  -44.630  -70.557  7.093 0.0000000000
111618  -45.382  -70.695  7.539 0.0000000000
9445  -45.791  -70.836  8.068 0.0000000000
111617  -44.890  -70.209  7.468 0.0000000000
86186  -45.351  -70.385  7.960 0.0000000000
51769  -44.189  -70.054  7.107 0.0000000000
111616  -44.384  -69.720  7.421 0.0000000000
21049  -44.939  -69.916  7.846 0.0000000000
111615  -44.498  -69.480  7.731 0.0000000000
156672  -44.944  -69.706  8.194 0.0000000000
86185  -44.646  -69.265  8.113 0.0000000000
111607  -47.116  -72.734  9.328 0.0000000000
86170  -47.623  -72.995  9.083 0.0000000000
51763  -46.579  -72.500  9.564 0.0000000000
111606  -47.011  -72.988  9.767 0.0000000000
21042  -46.483  -72.774  9.988 0.0000000000
111604  -46.856  -73.188  10.231 0.0000000000
9442  -47.202  -73.616  10.521 0.0000000000
111603  -46.283  -72.939  10.431 0.0000000000
86163  -46.684  -73.319  10.757 0.0000000000
51761  -45.841  -72.564  10.216 0.0000000000
111602  -45.654  -72.736  10.720 0.0000000000
21041  -46.105  -73.088  11.007 0.0000000000
111601  -45.480  -72.873  11.279 0.0000000000
156645  -45.968  -73.175  11.567 0.0000000000
86162  -45.330  -72.890  11.789 0.0000000000
111593  -39.495  -72.473  3.199 0.0000000000
86147  -39.194  -71.835  2.595 0.0000000000
51755  -39.982  -73.042  3.784 0.0000000000
111592  -39.736  -73.257  3.302 0.0000000000
21034  -40.316  -73.786  3.858 0.0000000000
111590  -40.051  -74.012  3.329 0.0000000000
9439  -39.903  -74.217  2.817 0.0000000000
111589  -40.700  -74.530  3.866 0.0000000000
86140  -40.431  -74.770  3.348 0.0000000000
51753  -41.014  -74.242  4.378 0.0000000000
111588  -41.449  -74.963  4.295 0.0000000000
111584  -42.771  -77.864  2.518 0.0000000000
86132  -42.063  -77.405  2.228 0.0000000000
51750  -43.504  -78.253  2.820 0.0000000000
105118  -42.381  -64.218  -0.877 0.0000000000
105117  -41.786  -64.780  -0.812 0.0000000000
101036  -48.290  -75.919  9.992 0.0000000000
68552  -48.448  -75.876  9.454 0.0000000000
96718  -42.368  -70.753  12.160 0.0000000000
5092  -42.584  -71.102  12.298 0.0000000000
96720  -42.669  -70.755  11.689 0.0000000000
141909  -42.042  -70.819  12.613 0.0000000000
141910  -41.801  -70.448  12.500 0.0000000000
96716  -45.632  -74.702  6.107 0.0000000000
43490  -46.433  -74.842  6.424 0.0000000000
96715  -46.074  -75.336  6.068 0.0000000000
12769  -46.832  -75.464  6.435 0.0000000000
96713  -46.451  -76.002  6.018 0.0000000000
5089  -45.987  -76.485  5.617 0.0000000000
96712  -47.151  -76.126  6.407 0.0000000000
61345  -46.797  -76.630  5.948 0.0000000000
43488  -47.473  -75.622  6.848 0.0000000000
96711  -47.682  -76.270  6.823 0.0000000000
12768  -47.410  -76.764  6.330 0.0000000000
96710  -47.786  -76.881  6.825 0.0000000000
125820  -47.488  -77.356  6.307 0.0000000000
61344  -47.693  -77.472  6.876 0.0000000000
93481  -39.569  -70.296  -0.238 0.0000000000
93480  -39.539  -71.050  -0.138 0.0000000000
38588  -42.187  -63.381  0.218 0.0000000000
86224  -40.906  -64.267  0.734 0.0000000000
86226  -41.473  -63.673  0.675 0.0000000000
9450  -40.842  -64.041  1.168 0.0000000000
86222  -40.308  -64.690  1.264 0.0000000000
111638  -39.862  -65.315  1.857 0.0000000000
111639  -40.297  -64.479  1.724 0.0000000000
86219  -39.404  -67.540  1.346 0.0000000000
86217  -39.227  -68.249  1.992 0.0000000000
86212  -39.941  -70.857  4.238 0.0000000000
86210  -40.190  -70.517  4.544 0.0000000000
86205  -41.266  -69.041  5.369 0.0000000000
125860  -41.501  -68.764  5.605 0.0000000000
125861  -40.952  -68.309  5.315 0.0000000000
86202  -42.797  -72.150  5.608 0.0000000000
86197  -45.916  -72.766  6.755 0.0000000000
86195  -46.082  -72.375  7.020 0.0000000000
86190  -45.957  -71.057  8.557 0.0000000000
86188  -45.582  -70.601  8.445 0.0000000000
86187  -45.247  -70.151  8.321 0.0000000000
86184  -44.532  -69.071  8.510 0.0000000000
38571  -44.786  -69.545  8.572 0.0000000000
86172  -47.890  -73.376  8.845 0.0000000000
86167  -47.506  -74.083  10.837 0.0000000000
86165  -47.027  -73.739  11.073 0.0000000000
86166  -47.295  -74.158  11.307 0.0000000000
86164  -46.528  -73.430  11.320 0.0000000000
86161  -45.171  -72.842  12.254 0.0000000000
86149  -39.144  -71.218  1.982 0.0000000000
86144  -39.814  -74.346  2.271 0.0000000000
86142  -40.255  -74.943  2.795 0.0000000000
86134  -41.496  -76.896  1.971 0.0000000000
86133  -42.010  -77.478  1.782 0.0000000000
75355  -41.262  -65.406  -0.727 0.0000000000
75354  -40.797  -66.093  -0.664 0.0000000000
68554  -48.532  -75.641  8.826 0.0000000000
61370  -42.204  -68.135  6.459 0.0000000000
61372  -41.961  -68.341  6.190 0.0000000000
5097  -41.687  -67.670  6.077 0.0000000000
61368  -41.920  -67.498  6.392 0.0000000000
96726  -41.746  -66.802  6.346 0.0000000000
96727  -41.505  -66.973  6.036 0.0000000000
61357  -42.935  -71.456  12.487 0.0000000000
27598  -43.282  -71.833  12.730 0.0000000000
141905  -42.665  -71.580  12.942 0.0000000000
141906  -42.340  -71.197  12.752 0.0000000000
61349  -45.600  -77.005  5.138 0.0000000000
61347  -46.418  -77.121  5.487 0.0000000000
61346  -47.052  -77.236  5.860 0.0000000000
61343  -47.429  -78.124  6.878 0.0000000000
55960  -39.591  -71.817  -0.023 0.0000000000
55959  -39.677  -72.611  0.124 0.0000000000
51777  -39.406  -67.180  3.501 0.0000000000
51779  -39.425  -66.486  2.942 0.0000000000
2297  -39.522  -66.238  3.279 0.0000000000
51775  -39.582  -66.895  3.807 0.0000000000
125866  -39.706  -66.623  4.117 0.0000000000
125867  -39.660  -65.988  3.630 0.0000000000
51772  -43.705  -70.735  6.368 0.0000000000
51770  -43.939  -70.396  6.732 0.0000000000
51762  -46.073  -72.330  9.779 0.0000000000
51754  -40.589  -73.515  4.358 0.0000000000
51749  -44.191  -78.595  3.117 0.0000000000
21029  -43.904  -78.846  2.652 0.0000000000
51747  -44.797  -78.884  3.481 0.0000000000
51748  -44.514  -79.198  3.016 0.0000000000
21027  -45.030  -79.512  3.417 0.0000000000
51746  -45.401  -79.122  3.868 0.0000000000
46360  -40.235  -74.799  0.164 0.0000000000
46359  -40.544  -75.542  0.094 0.0000000000
43489  -47.192  -74.954  6.848 0.0000000000
41695  -39.898  -68.602  -0.464 0.0000000000
41694  -39.700  -69.484  -0.352 0.0000000000
156729  -42.148  -63.123  0.609 0.0000000000
61373  -41.740  -68.550  5.913 0.0000000000
51780  -39.564  -65.907  2.414 0.0000000000
156725  -40.865  -63.815  1.609 0.0000000000
156728  -41.467  -63.440  1.082 0.0000000000
61374  -41.450  -67.842  5.822 0.0000000000
96728  -41.237  -67.113  5.734 0.0000000000
51781  -39.657  -65.591  2.791 0.0000000000
125868  -39.762  -65.346  3.143 0.0000000000
93482  -39.884  -69.870  -0.769 0.0000000000
10975  -40.029  -69.059  -0.887 0.0000000000
161737  -40.255  -68.167  -0.976 0.0000000000
137002  -40.282  -74.413  -0.352 0.0000000000
21061  -39.911  -65.050  2.275 0.0000000000
156723  -39.986  -64.769  2.664 0.0000000000
118282  -39.757  -71.364  -0.585 0.0000000000
27609  -41.207  -68.026  5.547 0.0000000000
125862  -40.945  -67.269  5.471 0.0000000000
143621  -40.951  -66.551  -1.043 0.0000000000
34186  -41.386  -65.848  -1.092 0.0000000000
143623  -41.885  -65.211  -1.133 0.0000000000
10974  -39.790  -70.634  -0.663 0.0000000000
93483  -40.257  -69.474  -1.274 0.0000000000
55961  -40.158  -70.273  -1.136 0.0000000000
3295  -40.529  -69.826  -1.622 0.0000000000
161738  -40.425  -68.614  -1.374 0.0000000000
161739  -40.684  -68.986  -1.718 0.0000000000
12777  -41.395  -66.212  5.952 0.0000000000
96729  -41.102  -66.345  5.665 0.0000000000
12778  -40.804  -66.472  5.369 0.0000000000
96730  -40.834  -65.702  5.285 0.0000000000
96731  -40.609  -65.087  4.946 0.0000000000
61375  -40.475  -65.849  4.986 0.0000000000
96733  -40.930  -64.428  4.830 0.0000000000
5099  -40.356  -65.274  4.635 0.0000000000
96732  -40.646  -64.539  4.550 0.0000000000
125872  -40.775  -64.008  4.134 0.0000000000
61381  -40.336  -64.717  4.235 0.0000000000
156724  -40.379  -64.252  2.151 0.0000000000
55962  -40.092  -71.040  -1.029 0.0000000000
125863  -40.686  -67.501  5.219 0.0000000000
61376  -40.509  -66.662  5.093 0.0000000000
27610  -40.231  -66.922  4.831 0.0000000000
61378  -39.944  -66.357  4.432 0.0000000000
27611  -39.807  -65.738  3.970 0.0000000000
125869  -39.882  -65.111  3.504 0.0000000000
27612  -40.129  -64.548  3.050 0.0000000000
61380  -40.057  -64.948  3.891 0.0000000000
141908  -41.729  -70.939  13.097 0.0000000000
34185  -40.596  -67.332  -0.977 0.0000000000
143622  -41.538  -66.260  -1.413 0.0000000000
90406  -41.122  -66.995  -1.375 0.0000000000
7947  -41.695  -66.662  -1.726 0.0000000000
143624  -41.968  -65.628  -1.425 0.0000000000
143625  -42.145  -66.031  -1.728 0.0000000000
143626  -42.751  -65.878  -2.085 0.0000000000
114148  -42.255  -66.436  -2.072 0.0000000000
22456  -42.872  -66.244  -2.378 0.0000000000
38589  -40.945  -63.553  2.033 0.0000000000
156727  -41.514  -63.183  1.500 0.0000000000
90407  -40.723  -67.780  -1.398 0.0000000000
40261  -40.946  -68.179  -1.741 0.0000000000
161741  -41.141  -68.535  -2.117 0.0000000000
161742  -40.905  -69.337  -2.088 0.0000000000
40262  -41.342  -68.915  -2.517 0.0000000000
161740  -41.442  -67.811  -2.079 0.0000000000
161743  -41.212  -69.774  -2.421 0.0000000000
55965  -40.841  -70.216  -2.004 0.0000000000
24363  -41.154  -70.635  -2.311 0.0000000000
22457  -41.951  -67.489  -2.386 0.0000000000
114149  -41.803  -67.100  -2.068 0.0000000000
90408  -41.292  -67.402  -1.726 0.0000000000
114150  -42.368  -66.811  -2.381 0.0000000000
61379  -40.056  -65.494  4.323 0.0000000000
61377  -40.209  -66.081  4.720 0.0000000000
55963  -40.454  -70.654  -1.498 0.0000000000
55964  -40.806  -71.072  -1.909 0.0000000000
24362  -40.427  -71.471  -1.460 0.0000000000
