#
636
87 -19.866649 -88.014260 -7.449499 1.000000
442 -15.826873 -96.923307 -2.091905 1.000000
976 -16.259814 -100.060418 -6.513787 1.000000
977 -15.565014 -97.539172 -11.542160 1.000000
1404 -13.097347 -92.363976 -8.817049 1.000000
1779 -23.753505 -83.335452 -11.750219 1.000000
1991 -11.834993 -92.789389 -4.979730 1.000000
1992 -13.449774 -95.247298 -7.671496 1.000000
1994 -17.728299 -93.464747 -9.698036 1.000000
1997 -23.313282 -86.814009 -13.068578 1.000000
2372 -27.897196 -90.447031 -1.488364 1.000000
2897 -17.856741 -99.050149 -10.537538 1.000000
2898 -20.277601 -99.457659 -11.154719 1.000000
3324 -16.028587 -90.684399 -7.396314 1.000000
3325 -13.682745 -89.807607 -7.719838 1.000000
3326 -17.213695 -87.668218 -7.927506 1.000000
3925 -25.404975 -81.565037 -9.422192 1.000000
4367 -15.693456 -93.447350 -3.846479 1.000000
4368 -16.430404 -94.985336 -5.473375 1.000000
5283 -25.528293 -90.702102 0.098450 1.000000
5284 -27.016383 -87.876506 -0.063217 1.000000
5285 -28.954884 -87.675005 -2.004574 1.000000
6364 -15.768843 -98.792009 -4.348298 1.000000
6365 -17.016672 -96.579999 -7.367377 1.000000
6366 -17.078841 -98.174304 -9.358210 1.000000
6912 -23.027044 -93.883403 1.553332 1.000000
7391 -22.254372 -98.738141 -10.903380 1.000000
7989 -22.534577 -85.661456 -9.861635 1.000000
7990 -20.149279 -85.891828 -8.667735 1.000000
7991 -22.345355 -83.604649 -9.832064 1.000000
8557 -12.541625 -93.950078 -6.278476 1.000000
8559 -14.598952 -96.487045 -9.506907 1.000000
8563 -15.037941 -92.619710 -9.281578 1.000000
8564 -18.741235 -90.727739 -8.266584 1.000000
8571 -21.368353 -92.275180 -11.015977 1.000000
8572 -21.580424 -89.699812 -10.680544 1.000000
8573 -22.263601 -87.602034 -10.007731 1.000000
8574 -23.340551 -84.906660 -12.614138 1.000000
9670 -24.589229 -93.451522 0.040520 1.000000
9671 -26.919598 -93.084231 -1.147734 1.000000
10108 -11.495437 -91.277450 -2.904789 1.000000
11004 -17.950485 -89.357466 -7.016435 1.000000
11005 -16.612081 -88.874251 -7.065160 1.000000
11006 -18.342718 -87.711379 -7.363599 1.000000
12046 -15.659723 -96.149817 -1.158282 1.000000
12047 -16.583927 -95.014192 -2.861070 1.000000
12048 -16.874647 -95.746294 -3.745473 1.000000
14446 -15.778409 -99.660121 -5.527792 1.000000
14447 -16.708853 -98.376080 -6.781494 1.000000
14448 -16.846130 -98.948747 -7.835813 1.000000
15733 -12.806323 -89.270018 -8.542794 1.000000
17529 -23.015743 -84.505901 -11.155367 1.000000
17530 -22.321552 -84.714182 -10.069347 1.000000
17531 -23.016023 -83.483927 -10.882922 1.000000
17533 -24.427395 -81.633650 -8.571139 1.000000
18859 -14.715784 -94.151184 -5.997128 1.000000
18860 -14.428305 -93.389250 -5.303920 1.000000
18861 -12.982244 -94.567001 -6.924355 1.000000
18864 -16.276313 -97.058505 -9.675647 1.000000
18865 -15.980808 -96.278764 -8.700878 1.000000
18866 -15.041750 -97.012855 -10.546794 1.000000
18876 -16.201794 -93.074903 -9.565115 1.000000
18877 -16.659942 -91.971695 -8.412263 1.000000
18878 -18.053720 -92.104197 -8.966498 1.000000
18895 -21.156544 -93.396746 -11.999024 1.000000
18899 -22.617014 -88.307396 -11.983780 1.000000
18900 -21.845996 -88.589273 -10.459795 1.000000
18901 -22.816535 -87.186478 -11.727278 1.000000
18902 -23.039240 -86.126357 -11.297901 1.000000
18903 -23.293819 -85.801221 -12.772957 1.000000
21607 -23.358006 -92.453077 1.740809 1.000000
21608 -23.715910 -93.690261 0.775851 1.000000
21609 -24.042044 -92.226230 0.814926 1.000000
21610 -26.835307 -90.630874 -0.631099 1.000000
21611 -26.218312 -91.878526 -0.569735 1.000000
21612 -27.419198 -91.717757 -1.219499 1.000000
21617 -29.776800 -86.159624 -1.931746 1.000000
21618 -29.664418 -87.665327 -2.836872 1.000000
22706 -11.797171 -92.147291 -3.853163 1.000000
22727 -20.257810 -84.910356 -9.060547 1.000000
22728 -19.110288 -85.871153 -9.132834 1.000000
23645 -17.335894 -99.275306 -8.512343 1.000000
23647 -19.010518 -99.255875 -10.946946 1.000000
24414 -14.461284 -91.648340 -7.989964 1.000000
24415 -13.239952 -91.363512 -8.005925 1.000000
24416 -14.902097 -90.317495 -7.385748 1.000000
24417 -15.525412 -88.537097 -7.541383 1.000000
25494 -25.600636 -82.475178 -11.436036 1.000000
25495 -24.461767 -82.371444 -10.590837 1.000000
25497 -27.370166 -80.803819 -9.172799 1.000000
26292 -16.125934 -94.189838 -1.970173 1.000000
26293 -16.020244 -94.286680 -4.600487 1.000000
26294 -15.107968 -94.890237 -6.840699 1.000000
26303 -17.666424 -94.630785 -10.685324 1.000000
26317 -24.084918 -86.604215 -14.332504 1.000000
26318 -23.837468 -85.502058 -14.053691 1.000000
27943 -26.318936 -89.279681 0.107785 1.000000
27944 -27.474981 -89.306414 -0.794415 1.000000
27945 -28.401911 -89.142777 -1.731833 1.000000
27946 -28.088277 -87.769017 -1.069424 1.000000
30208 -15.823595 -97.856447 -3.114841 1.000000
30209 -16.909702 -96.625336 -4.691668 1.000000
30210 -16.783636 -97.549424 -5.762850 1.000000
30211 -17.044285 -97.471565 -8.331820 1.000000
30212 -16.513331 -97.838633 -10.612785 1.000000
30213 -17.159931 -98.718554 -10.013686 1.000000
30215 -16.063228 -98.035112 -12.515103 1.000000
31489 -22.269636 -94.069138 2.398309 1.000000
31490 -22.812473 -92.653282 2.842850 1.000000
32675 -21.882229 -99.346511 -9.043040 1.000000
32677 -22.909215 -97.906291 -10.547507 1.000000
34299 -21.476405 -86.901918 -8.527726 1.000000
34300 -20.014737 -86.796649 -7.862293 1.000000
34301 -21.432227 -85.807592 -8.901156 1.000000
34302 -21.362446 -84.818125 -9.340656 1.000000
34303 -21.375721 -83.734393 -8.906507 1.000000
34304 -23.544133 -82.432576 -9.770012 1.000000
35933 -12.134215 -93.373150 -5.729276 1.000000
35937 -16.789464 -95.752284 -6.490551 1.000000
35938 -15.584048 -95.597446 -7.712594 1.000000
35939 -14.048192 -95.844150 -8.510832 1.000000
35948 -12.751958 -93.080215 -9.935982 1.000000
35951 -14.136517 -92.507891 -9.037539 1.000000
35952 -15.465320 -91.867082 -8.068620 1.000000
35953 -17.225573 -90.862870 -7.541837 1.000000
35954 -19.399870 -89.373730 -7.668060 1.000000
35955 -21.398067 -99.274293 -11.056923 1.000000
35975 -19.616490 -93.166351 -10.165888 1.000000
35977 -21.501401 -90.990387 -10.648688 1.000000
35978 -19.822633 -91.751784 -9.692378 1.000000
35979 -20.156872 -90.348333 -9.362197 1.000000
35980 -20.812666 -88.948585 -8.989708 1.000000
35981 -21.265421 -87.911882 -8.552713 1.000000
35982 -22.470038 -86.641401 -9.762891 1.000000
35983 -23.051484 -85.315384 -11.172599 1.000000
35984 -23.495050 -84.175333 -12.297455 1.000000
35985 -23.948787 -84.460676 -13.803398 1.000000
35986 -24.352534 -83.731875 -13.395864 1.000000
35987 -24.837986 -83.134085 -12.529682 1.000000
39201 -15.008377 -100.881755 -4.803355 1.000000
39204 -16.001537 -101.304464 -5.527366 1.000000
39247 -24.995700 -92.092484 0.089545 1.000000
39248 -25.701050 -93.188144 -0.548039 1.000000
40561 -10.043443 -92.457108 -4.464455 1.000000
40585 -18.803218 -86.743213 -8.280422 1.000000
41724 -18.906653 -88.614650 -7.120280 1.000000
41725 -18.142499 -88.509277 -7.071330 1.000000
41726 -19.072961 -87.845713 -7.259302 1.000000
42766 -15.751122 -96.516497 -1.654489 1.000000
42767 -16.358091 -95.941827 -2.433120 1.000000
42768 -16.440213 -96.330255 -2.883901 1.000000
45166 -15.954088 -99.898517 -6.069628 1.000000
45167 -16.359959 -99.310920 -6.673784 1.000000
45168 -16.544200 -99.515155 -7.136927 1.000000
46449 -12.489892 -92.693068 -9.266280 1.000000
46450 -11.843803 -92.605352 -9.266755 1.000000
46451 -12.506557 -92.296764 -8.748495 1.000000
48249 -23.294140 -83.924934 -11.627747 1.000000
48250 -23.009874 -84.015958 -11.072286 1.000000
48251 -23.347788 -83.313040 -11.330474 1.000000
49579 -14.033734 -94.742641 -6.851381 1.000000
49580 -13.834982 -94.344430 -6.502921 1.000000
49581 -13.175565 -94.932884 -7.301187 1.000000
49582 -12.359072 -95.107019 -7.661437 1.000000
49583 -12.628398 -95.431760 -8.054839 1.000000
49584 -15.848981 -97.323164 -10.570863 1.000000
49585 -15.739091 -96.989609 -10.170208 1.000000
49586 -15.310613 -97.268477 -11.039333 1.000000
49594 -16.787983 -93.958877 -10.101666 1.000000
49595 -16.038254 -93.666919 -10.083032 1.000000
49596 -16.908383 -93.342282 -9.638716 1.000000
49597 -17.040640 -92.689440 -9.171756 1.000000
49598 -17.783526 -92.809841 -9.331642 1.000000
49617 -23.351233 -87.389931 -13.214567 1.000000
49618 -22.992156 -88.140845 -12.661876 1.000000
49619 -22.985071 -87.595828 -12.567500 1.000000
49620 -22.687688 -87.769203 -11.862459 1.000000
49621 -23.041969 -87.006330 -12.414854 1.000000
49622 -23.106094 -86.429395 -12.241335 1.000000
49623 -23.287170 -86.295582 -12.899872 1.000000
52330 -27.377889 -90.533525 -1.018689 1.000000
52331 -27.131720 -91.158405 -0.904018 1.000000
52332 -27.664082 -91.064833 -1.335899 1.000000
52333 -27.941464 -91.683961 -1.664002 1.000000
52334 -28.088801 -91.046162 -1.852496 1.000000
52335 -28.353093 -91.036201 -2.377780 1.000000
52336 -28.271988 -90.443760 -1.973761 1.000000
53424 -12.659131 -92.266977 -4.125125 1.000000
53425 -12.635774 -91.991149 -3.591587 1.000000
53426 -11.825285 -92.456289 -4.453898 1.000000
54769 -19.878902 -99.304914 -10.001735 1.000000
54770 -19.224564 -99.231325 -9.939664 1.000000
54771 -19.642595 -99.330239 -11.056704 1.000000
54772 -19.408181 -99.389590 -11.982259 1.000000
54773 -19.975182 -99.434182 -12.127550 1.000000
56049 -15.186023 -91.217257 -7.706943 1.000000
56050 -14.669691 -91.067858 -7.680946 1.000000
56051 -15.476196 -90.504393 -7.379238 1.000000
56052 -16.880907 -88.231400 -7.383237 1.000000
56053 -16.002102 -88.833705 -7.182982 1.000000
56054 -16.369602 -88.053517 -7.707544 1.000000
56055 -15.795778 -87.969571 -8.059033 1.000000
56056 -16.650880 -87.554693 -8.304266 1.000000
59179 -16.688120 -94.948202 -4.141656 1.000000
59180 -16.486995 -94.551347 -3.778798 1.000000
59181 -16.243966 -94.637416 -5.037698 1.000000
59182 -15.617529 -94.494775 -5.786587 1.000000
59183 -15.849002 -94.822809 -6.271104 1.000000
61930 -26.435887 -87.884836 0.457371 1.000000
61931 -26.079627 -88.603266 0.558794 1.000000
61932 -26.670635 -88.601701 0.018995 1.000000
61933 -26.924128 -89.312650 -0.345170 1.000000
61934 -27.236877 -88.626295 -0.460969 1.000000
61935 -27.782772 -88.571042 -0.941275 1.000000
61936 -27.553089 -87.841123 -0.548614 1.000000
66376 -15.782440 -98.311216 -3.725744 1.000000
66377 -16.403075 -97.752474 -4.355657 1.000000
66378 -16.357811 -98.156743 -4.973272 1.000000
66379 -17.052449 -98.190233 -8.018584 1.000000
66380 -16.988046 -97.874768 -7.499686 1.000000
66381 -17.065134 -97.858809 -8.851552 1.000000
66382 -16.765462 -97.664930 -9.527964 1.000000
66383 -16.857702 -97.995058 -10.035960 1.000000
66384 -17.599052 -99.097058 -9.465529 1.000000
66385 -17.270988 -98.966785 -9.257093 1.000000
66386 -17.406724 -98.923221 -10.324626 1.000000
70232 -13.408989 -90.662979 -7.823593 1.000000
70233 -12.531021 -91.149822 -8.148421 1.000000
70234 -12.843193 -90.409763 -8.026098 1.000000
75624 -22.105854 -86.297072 -9.119700 1.000000
75625 -21.460934 -86.333036 -8.612064 1.000000
75626 -22.033451 -85.734561 -9.288191 1.000000
75627 -22.275466 -84.159195 -10.123915 1.000000
75628 -21.876533 -84.739901 -9.706324 1.000000
75629 -21.880701 -84.237427 -9.669901 1.000000
75630 -21.403637 -84.322743 -9.221334 1.000000
75631 -21.937702 -83.557300 -9.274099 1.000000
75632 -25.026347 -81.939235 -9.991166 1.000000
75633 -24.036771 -82.306564 -10.161626 1.000000
75634 -24.440192 -81.903048 -9.562734 1.000000
79614 -15.968384 -93.277633 -2.589225 1.000000
79615 -15.865792 -92.953674 -2.234649 1.000000
79616 -15.603491 -93.083203 -3.457364 1.000000
79617 -13.472861 -93.664289 -5.846202 1.000000
79618 -14.271701 -93.097441 -4.982442 1.000000
79619 -13.276072 -93.346044 -5.534858 1.000000
79620 -13.083365 -93.069628 -5.246224 1.000000
79621 -12.330148 -93.649097 -5.982092 1.000000
79622 -11.451140 -93.958817 -6.371802 1.000000
79623 -11.671450 -94.252713 -6.627854 1.000000
79629 -17.001651 -96.564606 -6.105769 1.000000
79630 -16.987026 -96.108750 -5.630115 1.000000
79631 -16.880652 -96.148722 -6.964930 1.000000
79632 -15.311655 -96.338704 -9.162825 1.000000
79633 -15.784003 -95.939346 -8.218767 1.000000
79634 -15.087552 -96.020885 -8.597765 1.000000
79635 -14.827779 -95.681645 -8.143176 1.000000
79636 -14.364868 -96.151799 -8.940986 1.000000
79662 -14.800168 -93.033418 -10.004273 1.000000
79663 -14.110393 -93.329735 -10.565157 1.000000
79664 -14.385271 -92.890173 -9.889017 1.000000
79665 -13.914668 -92.823327 -9.689169 1.000000
79666 -14.616824 -92.570074 -9.117360 1.000000
79667 -14.781717 -92.201203 -8.516336 1.000000
79668 -15.278287 -92.261180 -8.611766 1.000000
79669 -17.607212 -91.463573 -8.227671 1.000000
79670 -16.907796 -91.451660 -7.937565 1.000000
79671 -17.930752 -90.852141 -7.825051 1.000000
79672 -18.342890 -90.143800 -7.478304 1.000000
79673 -19.090777 -90.074688 -7.939064 1.000000
79674 -22.088936 -99.076845 -10.063367 1.000000
79675 -21.649214 -99.269487 -10.093099 1.000000
79676 -21.867283 -99.052444 -10.991503 1.000000
79722 -21.334443 -92.880875 -11.454742 1.000000
79723 -20.381657 -93.926430 -11.659866 1.000000
79724 -20.474819 -93.369409 -11.066118 1.000000
79725 -19.595893 -93.799055 -10.696390 1.000000
79726 -20.564647 -92.746712 -10.544935 1.000000
79730 -22.149190 -89.514799 -11.236448 1.000000
79731 -22.178171 -90.030432 -11.237524 1.000000
79732 -21.565411 -90.319440 -10.621473 1.000000
79733 -20.704277 -91.397859 -10.122719 1.000000
79734 -20.859929 -90.739243 -10.015853 1.000000
79735 -19.950420 -91.022395 -9.538593 1.000000
79736 -20.882603 -90.103380 -10.066618 1.000000
79737 -22.071771 -88.109642 -10.209036 1.000000
79738 -21.378396 -88.775039 -9.716230 1.000000
79739 -21.640370 -88.290177 -9.448119 1.000000
79740 -21.095149 -88.420846 -8.673813 1.000000
79741 -21.808736 -87.789886 -9.283831 1.000000
79742 -21.923808 -87.313779 -9.134520 1.000000
79743 -22.381246 -87.116897 -9.874799 1.000000
79744 -23.230493 -85.486718 -11.965770 1.000000
79745 -23.056261 -85.706361 -11.197294 1.000000
79746 -23.233624 -85.083328 -11.914502 1.000000
79747 -23.237683 -84.700584 -11.818968 1.000000
79748 -23.412516 -84.571764 -12.460226 1.000000
79750 -23.840435 -84.920980 -13.920240 1.000000
87862 -22.800991 -94.514586 1.462373 1.000000
87863 -23.023421 -95.128551 1.146854 1.000000
87864 -23.197498 -94.446033 1.120399 1.000000
87865 -24.114460 -93.591809 0.405434 1.000000
87866 -23.967678 -94.257660 0.428514 1.000000
87867 -24.423869 -94.150059 0.091179 1.000000
87868 -24.763072 -94.720483 -0.126441 1.000000
87869 -24.965409 -94.043300 -0.202896 1.000000
87870 -24.946053 -90.746306 0.501941 1.000000
87871 -24.655957 -91.470055 0.476648 1.000000
87872 -25.238551 -91.392063 0.087381 1.000000
87873 -26.578812 -92.454545 -0.842800 1.000000
87874 -25.946269 -92.525803 -0.565549 1.000000
87875 -26.316486 -93.116626 -0.842929 1.000000
87876 -26.054611 -93.801156 -0.848877 1.000000
87877 -26.631204 -93.778402 -1.148094 1.000000
87878 -27.007306 -94.394267 -1.414435 1.000000
87879 -27.250996 -93.724474 -1.447524 1.000000
87892 -28.682770 -88.398047 -1.877256 1.000000
87893 -28.690927 -89.205511 -2.272310 1.000000
87894 -28.983179 -88.455118 -2.374968 1.000000
91152 -12.339402 -91.236159 -2.540426 1.000000
91153 -12.918551 -90.775557 -1.577537 1.000000
91154 -12.216515 -90.730518 -2.080791 1.000000
91155 -12.086484 -90.257674 -1.729946 1.000000
91156 -11.367555 -90.764917 -2.494776 1.000000
91217 -20.072985 -86.312830 -8.276851 1.000000
91218 -19.344144 -86.758308 -8.010612 1.000000
91219 -19.473551 -86.312868 -8.450754 1.000000
92767 -20.089962 -99.350497 -8.918469 1.000000
92768 -20.503499 -99.409558 -10.022131 1.000000
93534 -17.005567 -90.055980 -7.066609 1.000000
93535 -16.345348 -89.851618 -7.120860 1.000000
93536 -17.190503 -89.177415 -6.978662 1.000000
93537 -17.452609 -88.306427 -7.194911 1.000000
93538 -17.706638 -87.671831 -7.571916 1.000000
95413 -16.759932 -95.409684 -3.244895 1.000000
95414 -16.783398 -95.274150 -4.628268 1.000000
97063 -26.338840 -87.174237 0.937052 1.000000
97064 -26.880834 -87.148659 0.371854 1.000000
97065 -27.406650 -87.118477 -0.125646 1.000000
97066 -27.388638 -86.422086 0.317247 1.000000
99730 -15.731899 -99.274531 -4.957362 1.000000
99731 -16.291035 -98.578282 -5.584279 1.000000
99732 -16.266869 -98.991677 -6.153072 1.000000
99733 -16.771732 -98.709062 -7.301572 1.000000
99734 -17.094877 -98.441511 -8.554087 1.000000
99735 -18.180031 -99.076279 -11.546819 1.000000
99736 -17.629744 -98.928280 -11.362997 1.000000
102044 -14.082278 -88.952780 -7.992299 1.000000
102045 -13.187025 -89.506976 -8.084254 1.000000
102046 -13.660290 -88.765889 -8.442052 1.000000
105279 -22.787461 -85.035972 -10.569682 1.000000
105280 -22.434779 -85.119508 -9.987778 1.000000
105281 -22.752814 -84.586136 -10.586943 1.000000
105282 -22.662120 -84.127478 -10.558058 1.000000
105283 -22.671092 -83.553173 -10.367203 1.000000
105284 -25.871741 -81.226707 -8.857239 1.000000
105285 -24.870258 -81.573755 -9.024460 1.000000
105286 -25.313970 -81.317008 -8.494066 1.000000
107673 -15.288976 -93.725100 -4.988042 1.000000
107674 -15.150409 -93.347371 -4.627234 1.000000
107675 -14.573146 -93.740582 -5.645883 1.000000
107676 -13.710914 -93.972288 -6.136964 1.000000
107677 -12.812017 -94.247147 -6.566263 1.000000
107678 -11.904914 -94.538815 -6.921933 1.000000
107679 -12.128069 -94.818324 -7.270690 1.000000
107682 -16.674668 -96.762963 -8.594709 1.000000
107683 -16.592557 -96.323751 -8.097140 1.000000
107684 -16.165752 -96.651576 -9.171648 1.000000
107685 -15.522951 -96.652001 -9.675263 1.000000
107686 -14.785007 -96.753515 -10.040324 1.000000
107703 -15.382382 -93.369447 -10.066123 1.000000
107704 -15.578055 -92.790768 -9.433431 1.000000
107705 -15.812144 -92.311099 -8.783472 1.000000
107706 -16.397124 -92.477478 -9.007467 1.000000
107707 -17.328145 -92.060775 -8.685675 1.000000
107708 -18.373622 -91.419689 -8.621250 1.000000
107709 -22.422740 -98.337136 -11.764904 1.000000
107710 -22.075199 -98.790392 -11.886632 1.000000
107711 -22.399364 -98.496601 -12.765608 1.000000
107739 -21.957498 -92.366099 -11.861237 1.000000
107740 -22.056311 -91.808595 -11.514282 1.000000
107744 -22.636728 -88.832036 -11.947454 1.000000
107745 -22.168301 -88.964678 -11.247490 1.000000
107746 -21.665106 -89.145370 -10.619489 1.000000
107747 -22.250798 -88.440962 -11.197970 1.000000
107748 -22.433706 -87.932356 -11.060217 1.000000
107749 -22.607792 -87.378815 -10.878484 1.000000
107750 -22.708436 -86.859331 -10.656260 1.000000
107751 -22.974262 -86.617053 -11.515466 1.000000
107752 -23.181384 -85.936747 -12.087356 1.000000
107753 -23.319909 -85.331097 -12.667870 1.000000
112621 -23.213478 -93.195483 1.662268 1.000000
112622 -23.374034 -93.800589 1.131528 1.000000
112623 -23.548067 -93.056187 1.191230 1.000000
112624 -23.876904 -92.979923 0.796686 1.000000
112625 -24.301976 -92.871703 0.419097 1.000000
112626 -26.202245 -90.717122 -0.322745 1.000000
112627 -25.854727 -91.303766 -0.296915 1.000000
112628 -26.520422 -91.247819 -0.588054 1.000000
112629 -26.840033 -91.799371 -0.859534 1.000000
112630 -27.180273 -92.403986 -1.160286 1.000000
112631 -27.491521 -93.062118 -1.503225 1.000000
112632 -27.738618 -92.376970 -1.562433 1.000000
112639 -29.285889 -86.866379 -2.002031 1.000000
112640 -29.313177 -87.668277 -2.419418 1.000000
112641 -29.723398 -86.876020 -2.375829 1.000000
114597 -12.535825 -91.647096 -2.928016 1.000000
114598 -11.662705 -91.764502 -3.344016 1.000000
114635 -20.204889 -85.443549 -9.018618 1.000000
114636 -19.602176 -85.909531 -8.874632 1.000000
114637 -19.711480 -85.449249 -9.166880 1.000000
116608 -16.708417 -100.297302 -6.810287 1.000000
116609 -16.888982 -99.681363 -7.505295 1.000000
116610 -17.308187 -99.715300 -7.741133 1.000000
116611 -17.747378 -99.279374 -8.662517 1.000000
116612 -18.064037 -99.154040 -9.684904 1.000000
116614 -18.612659 -99.196248 -9.844630 1.000000
116615 -18.407762 -99.159725 -10.757344 1.000000
116616 -18.763553 -99.231385 -11.798900 1.000000
118404 -13.793127 -92.021070 -8.376511 1.000000
118405 -13.145610 -91.895565 -8.331760 1.000000
118406 -13.905683 -91.509432 -7.957358 1.000000
118407 -14.096860 -90.965964 -7.664735 1.000000
118408 -14.260855 -90.049572 -7.504776 1.000000
118409 -15.746402 -89.697592 -7.170863 1.000000
118410 -15.186480 -89.417651 -7.306942 1.000000
118411 -14.584936 -89.139543 -7.604045 1.000000
118412 -14.951253 -88.384882 -7.977141 1.000000
120924 -24.578007 -82.853779 -11.649409 1.000000
120925 -24.019344 -82.848504 -11.216029 1.000000
120926 -24.978621 -82.424715 -10.963994 1.000000
120927 -25.469547 -82.038626 -10.399208 1.000000
120928 -25.994891 -81.654765 -9.781232 1.000000
120930 -26.915796 -81.264891 -9.624550 1.000000
120931 -26.402272 -81.249051 -9.242163 1.000000
120932 -26.831882 -80.849715 -8.781841 1.000000
122785 -15.939187 -93.763515 -1.627850 1.000000
122786 -16.086254 -93.707770 -2.969831 1.000000
122787 -16.355678 -94.596237 -2.432156 1.000000
122788 -16.267516 -94.160810 -3.362495 1.000000
122789 -15.848119 -93.869589 -4.211348 1.000000
122790 -15.433695 -94.136216 -5.346494 1.000000
122791 -14.902109 -94.546534 -6.355732 1.000000
122792 -14.302423 -95.038772 -7.271714 1.000000
122793 -15.386820 -97.659595 -12.449100 1.000000
122794 -15.036984 -97.461775 -11.993252 1.000000
122795 -14.911890 -97.542718 -12.841022 1.000000
122812 -16.712813 -94.512649 -10.577398 1.000000
122813 -17.684156 -94.087347 -10.137720 1.000000
122844 -23.793925 -87.265216 -13.805185 1.000000
122845 -23.678722 -86.657152 -13.766020 1.000000
122846 -23.543356 -86.156026 -13.565381 1.000000
122847 -23.920313 -86.057670 -14.215815 1.000000
126637 -24.776554 -90.078995 0.991207 1.000000
126638 -25.263157 -90.040967 0.568167 1.000000
126640 -25.662018 -89.317039 0.581970 1.000000
126641 -25.840908 -90.030596 0.152974 1.000000
126642 -26.555736 -90.031326 -0.305366 1.000000
126643 -27.140591 -89.978285 -0.695052 1.000000
126644 -27.666800 -89.879617 -1.129331 1.000000
126645 -28.144490 -89.844786 -1.590095 1.000000
126646 -27.991565 -89.194894 -1.229743 1.000000
126647 -28.271860 -88.437192 -1.402635 1.000000
126648 -28.556300 -87.701365 -1.531398 1.000000
126649 -27.928870 -87.066248 -0.613975 1.000000
126650 -28.438374 -86.982802 -1.124108 1.000000
126651 -28.894983 -86.917289 -1.603185 1.000000
126652 -29.288525 -86.147718 -1.643518 1.000000
128169 -11.031427 -93.356751 -5.785617 1.000000
128170 -10.914311 -92.962079 -5.317985 1.000000
128171 -10.173327 -93.491293 -6.128659 1.000000
132460 -15.852572 -97.383320 -2.570091 1.000000
132461 -16.482292 -96.783690 -3.317841 1.000000
132462 -16.448131 -97.304277 -3.785573 1.000000
132463 -16.818691 -97.113587 -5.222364 1.000000
132464 -16.994465 -97.022027 -6.583845 1.000000
132465 -16.766261 -97.961560 -6.283353 1.000000
132466 -17.008664 -97.447008 -7.093231 1.000000
132467 -17.014248 -97.018078 -7.903309 1.000000
132468 -16.707340 -97.229227 -9.081992 1.000000
132469 -16.334020 -97.483747 -10.107609 1.000000
132470 -16.052363 -97.679883 -11.094680 1.000000
132471 -17.025311 -99.167600 -8.220015 1.000000
132472 -17.139118 -98.694548 -9.001444 1.000000
132473 -17.093845 -98.458156 -9.740231 1.000000
132474 -17.236661 -98.747425 -11.095800 1.000000
132475 -17.007574 -98.527595 -10.755229 1.000000
132476 -16.906800 -98.289594 -10.423407 1.000000
132477 -16.631039 -98.126508 -11.042375 1.000000
132478 -16.266046 -97.954527 -11.614166 1.000000
132479 -15.824966 -97.811915 -12.047282 1.000000
132480 -15.655411 -97.902082 -12.872305 1.000000
135938 -22.339869 -94.638325 1.837076 1.000000
135939 -22.656376 -93.953528 1.929411 1.000000
135941 -22.559477 -93.382642 2.632561 1.000000
135942 -22.921234 -93.300745 2.177424 1.000000
135943 -23.079971 -92.577316 2.283112 1.000000
137345 -12.437319 -91.781579 -8.399471 1.000000
137348 -12.367884 -90.143539 -8.369436 1.000000
139249 -22.318561 -99.181905 -9.094656 1.000000
139250 -22.497868 -98.779067 -9.951418 1.000000
139252 -22.878811 -98.428153 -9.788133 1.000000
139253 -22.617055 -98.324381 -10.761335 1.000000
139254 -22.749938 -97.897157 -11.563201 1.000000
143949 -20.720067 -87.478384 -7.971059 1.000000
143950 -19.975496 -87.390594 -7.615909 1.000000
143951 -20.776022 -86.888656 -8.065347 1.000000
143952 -20.771137 -86.304069 -8.309182 1.000000
143953 -20.801637 -85.869595 -8.710209 1.000000
143954 -21.947917 -85.230298 -9.503770 1.000000
143955 -21.400983 -85.323505 -9.200254 1.000000
143956 -20.758519 -85.397691 -8.977924 1.000000
143957 -20.788928 -84.923968 -9.097176 1.000000
143960 -23.643320 -82.808658 -10.762945 1.000000
143961 -23.242975 -82.881205 -10.353185 1.000000
143962 -22.847842 -82.958251 -9.865006 1.000000
143963 -23.963584 -81.991926 -9.149547 1.000000
143964 -23.162657 -82.459874 -9.226027 1.000000
143965 -22.480136 -83.017863 -9.335307 1.000000
143966 -22.014169 -83.065018 -8.832283 1.000000
148772 -12.782924 -92.529878 -4.529891 1.000000
148776 -15.036189 -93.019336 -4.242690 1.000000
148780 -12.896129 -92.822902 -4.945773 1.000000
148781 -11.953610 -93.095660 -5.383871 1.000000
148782 -11.225018 -93.642771 -6.152432 1.000000
148785 -11.042985 -94.750196 -7.220574 1.000000
148791 -16.940556 -96.153118 -4.210263 1.000000
148792 -16.917674 -95.680192 -5.122104 1.000000
148793 -16.618626 -95.360875 -5.972712 1.000000
148794 -16.414464 -95.928654 -7.723595 1.000000
148795 -16.327361 -95.566735 -7.280402 1.000000
148796 -16.093094 -95.204175 -6.710151 1.000000
148797 -15.323789 -95.229410 -7.316747 1.000000
148798 -14.560193 -95.349878 -7.725722 1.000000
148799 -13.757019 -95.528744 -8.081110 1.000000
148800 -14.690605 -97.281508 -11.454359 1.000000
148801 -14.357962 -97.086050 -10.938696 1.000000
148802 -14.090269 -96.881494 -10.391156 1.000000
148804 -13.399402 -97.003944 -10.671481 1.000000
148805 -13.844180 -96.651889 -9.824330 1.000000
148806 -13.567084 -96.371368 -9.342965 1.000000
148807 -13.276019 -96.071079 -8.889211 1.000000
148808 -12.932113 -95.777661 -8.427580 1.000000
148809 -12.202361 -95.914230 -8.722148 1.000000
148825 -12.335228 -93.065098 -9.780729 1.000000
148826 -12.972781 -92.716143 -9.344020 1.000000
148834 -13.445257 -92.760794 -9.497870 1.000000
148835 -13.658374 -92.411682 -8.870794 1.000000
148836 -14.288538 -92.095427 -8.448989 1.000000
148837 -14.944284 -91.749340 -8.020533 1.000000
148838 -15.712382 -91.353275 -7.732164 1.000000
148839 -16.036790 -91.912299 -8.171789 1.000000
148840 -16.307868 -91.419354 -7.764216 1.000000
148841 -16.650537 -90.796404 -7.388616 1.000000
148842 -17.648136 -90.126127 -7.164048 1.000000
148843 -18.637162 -89.379020 -7.238691 1.000000
148844 -19.636406 -88.717237 -7.480582 1.000000
148846 -21.055859 -99.407077 -10.037549 1.000000
148847 -20.811595 -99.471293 -11.123907 1.000000
148848 -21.676783 -99.073015 -12.009107 1.000000
148849 -21.133859 -99.308372 -12.093025 1.000000
148850 -20.551251 -99.439003 -12.142428 1.000000
148851 -20.271327 -99.404164 -13.060112 1.000000
148906 -18.654553 -94.010398 -10.283121 1.000000
148907 -18.659541 -93.416303 -9.840589 1.000000
148909 -22.701543 -90.788223 -11.713136 1.000000
148910 -22.097422 -91.216892 -11.265064 1.000000
148912 -22.139296 -90.612940 -11.158482 1.000000
148913 -21.431323 -91.639854 -10.770226 1.000000
148914 -20.614674 -92.068687 -10.293965 1.000000
148915 -19.693634 -92.472963 -9.880468 1.000000
148916 -18.743321 -92.737265 -9.562185 1.000000
148917 -18.911850 -92.000388 -9.293567 1.000000
148918 -19.162353 -91.279373 -9.030120 1.000000
148919 -19.471310 -90.521529 -8.833107 1.000000
148920 -21.093590 -89.415096 -9.925307 1.000000
148921 -20.499624 -89.584090 -9.218275 1.000000
148922 -19.833332 -89.810938 -8.578578 1.000000
148923 -20.151941 -89.172021 -8.260604 1.000000
148924 -20.420814 -88.533953 -8.002864 1.000000
148925 -20.605113 -88.001817 -7.947523 1.000000
148926 -21.379054 -87.422796 -8.501877 1.000000
148927 -22.046238 -86.826369 -9.061472 1.000000
148928 -22.532342 -86.171836 -9.762018 1.000000
148929 -22.796823 -86.363405 -10.538133 1.000000
148930 -22.850597 -85.926928 -10.488325 1.000000
148931 -22.871003 -85.484974 -10.473165 1.000000
148932 -23.012007 -84.909625 -11.146414 1.000000
148933 -23.250178 -84.320679 -11.721484 1.000000
148934 -23.569366 -83.736189 -12.128868 1.000000
148935 -23.483006 -85.656606 -13.428149 1.000000
148936 -23.473514 -85.169494 -13.331522 1.000000
148937 -23.514563 -84.705099 -13.252485 1.000000
148939 -24.105849 -84.063157 -13.649654 1.000000
148940 -23.660991 -84.301434 -13.129150 1.000000
148941 -23.858685 -83.963268 -12.907532 1.000000
148942 -24.017449 -83.612472 -12.573605 1.000000
148943 -24.268322 -83.229169 -12.163585 1.000000
148944 -25.173170 -82.791030 -12.035429 1.000000
158522 -14.882497 -96.844308 -0.501859 1.000000
158523 -14.977692 -97.185470 -1.017520 1.000000
158549 -14.110548 -97.871639 -0.513897 1.000000
158550 -15.091388 -97.596750 -1.515562 1.000000
158551 -15.105280 -98.036207 -2.067478 1.000000
158552 -15.097084 -98.517224 -2.710581 1.000000
158553 -15.110779 -99.028885 -3.329694 1.000000
158556 -15.109894 -99.537879 -3.922373 1.000000
158557 -15.115744 -99.983349 -4.517597 1.000000
158558 -15.346577 -100.314349 -5.169257 1.000000
158559 -15.647247 -100.493856 -5.682418 1.000000
158567 -15.440038 -101.096191 -5.274942 1.000000
158568 -16.137837 -100.702457 -6.053204 1.000000
158569 -16.747806 -100.798108 -6.289872 1.000000
158689 -23.574544 -94.361722 0.785130 1.000000
158696 -24.484033 -92.174634 0.446593 1.000000
158697 -24.769675 -92.744693 0.032060 1.000000
158698 -25.591670 -91.991931 -0.256997 1.000000
158699 -25.345908 -92.641257 -0.261370 1.000000
158700 -25.136610 -93.310975 -0.251517 1.000000
158701 -25.512736 -93.915284 -0.521824 1.000000
158707 -27.883906 -93.584917 -1.720790 1.000000
158722 -28.484944 -89.854494 -2.098853 1.000000
158725 -29.250531 -88.443682 -2.827786 1.000000
162637 -11.027589 -92.678025 -4.716499 1.000000
162638 -10.921199 -92.326283 -4.149625 1.000000
162639 -10.766283 -91.879673 -3.683767 1.000000
162641 -9.793429 -92.000559 -3.950289 1.000000
162642 -10.562434 -91.357082 -3.233353 1.000000
162643 -10.533015 -90.823986 -2.800904 1.000000
162709 -19.230852 -87.250777 -7.574541 1.000000
162710 -18.577237 -87.124832 -7.793653 1.000000
162711 -18.035648 -87.191761 -8.132895 1.000000
162712 -18.994903 -86.339787 -8.748073 1.000000
162713 -18.284820 -86.724564 -8.714714 1.000000
162714 -17.494818 -87.157302 -8.549901 1.000000
162715 -16.956668 -87.074019 -8.935119 1.000000
