#
571
40 34.319907 -73.450729 -11.987600 1.000000
445 39.189987 -87.057903 -13.050345 1.000000
833 35.718836 -67.768969 -13.981842 1.000000
978 39.374165 -85.388213 0.305790 1.000000
1996 40.605482 -84.785625 -8.082036 1.000000
1997 43.914780 -81.606187 -11.256920 1.000000
1998 40.618196 -81.295237 -12.954709 1.000000
2499 31.480610 -72.304673 -13.056315 1.000000
2751 36.706071 -70.846349 -12.675069 1.000000
2752 37.295435 -68.246163 -13.755306 1.000000
2753 34.883149 -70.586130 -12.563251 1.000000
2898 37.200022 -83.937421 0.332869 1.000000
3894 14.050116 -88.285387 2.750100 1.000000
3895 13.504453 -86.895533 2.256932 1.000000
3924 43.580316 -75.907581 -13.535298 1.000000
4379 40.287863 -86.328432 -10.676832 1.000000
4380 42.511832 -83.544657 -9.924607 1.000000
4381 41.776311 -84.498078 -12.350237 1.000000
4382 42.531487 -81.829913 -12.803447 1.000000
4383 39.797585 -84.495395 -13.459967 1.000000
5602 30.493433 -74.207664 -10.622622 1.000000
5604 31.696402 -69.412135 -14.491000 1.000000
7391 34.569595 -85.147478 -0.629280 1.000000
8565 36.831852 -86.613856 -1.040670 1.000000
8566 38.652014 -87.295629 -2.410692 1.000000
8575 43.198388 -78.647420 -12.726352 1.000000
8576 41.215751 -78.333400 -13.012354 1.000000
8579 38.722131 -77.808268 -13.009819 1.000000
8580 36.508217 -77.426381 -12.502832 1.000000
8581 34.945831 -76.906070 -11.815382 1.000000
8582 33.751238 -76.049946 -10.941677 1.000000
10026 32.591112 -75.656943 -10.366252 1.000000
10052 31.557757 -74.912906 -10.640299 1.000000
10053 32.987989 -72.858997 -12.394140 1.000000
10054 33.459604 -70.061199 -13.634966 1.000000
10429 35.137855 -73.877759 -12.213456 1.000000
10430 36.304042 -72.677113 -12.625944 1.000000
10431 35.511136 -72.126992 -12.297751 1.000000
10432 35.828400 -70.544943 -12.479715 1.000000
10433 34.625959 -72.037511 -12.184071 1.000000
10577 37.371378 -82.835287 1.155120 1.000000
11574 14.407865 -86.856321 3.841662 1.000000
11604 42.816143 -75.772204 -13.907678 1.000000
11605 44.181328 -74.316360 -14.110687 1.000000
12058 38.792126 -87.627061 -11.074604 1.000000
12059 39.957877 -86.935408 -11.926890 1.000000
12060 41.232016 -85.651413 -11.562475 1.000000
12061 40.608622 -85.931987 -12.731832 1.000000
12062 40.895324 -84.634021 -13.137581 1.000000
12063 39.553337 -85.884981 -13.483797 1.000000
14014 36.478862 -67.986280 -13.824389 1.000000
14016 36.985245 -66.755041 -14.959873 1.000000
14018 36.271524 -66.423401 -15.026114 1.000000
14451 40.548846 -84.707022 1.028588 1.000000
14453 40.361978 -85.814409 -0.335882 1.000000
17441 13.031097 -88.397197 1.395003 1.000000
17442 13.715971 -88.734291 1.402237 1.000000
18880 35.783969 -85.953280 -0.792593 1.000000
18881 35.489030 -87.433577 -1.274060 1.000000
18883 37.395768 -88.214479 -2.722604 1.000000
18885 39.151285 -86.454682 -3.165728 1.000000
18890 39.176017 -85.869707 -8.557209 1.000000
18892 39.273698 -85.021436 -7.268483 1.000000
18894 40.672503 -84.037855 -6.854211 1.000000
18896 41.747455 -83.736330 -7.776646 1.000000
18897 43.341022 -82.669236 -10.688849 1.000000
18903 44.326793 -80.402635 -11.615572 1.000000
18904 41.537613 -81.594013 -12.957604 1.000000
18905 42.939112 -80.248870 -12.736975 1.000000
18906 41.962199 -79.983361 -12.868021 1.000000
18907 42.197920 -78.464106 -12.916300 1.000000
18908 40.934827 -79.736464 -12.855406 1.000000
18915 38.459167 -79.121180 -12.505657 1.000000
18916 37.322942 -78.930661 -12.279847 1.000000
18917 37.550144 -77.651627 -12.822655 1.000000
18920 34.574334 -78.199752 -11.214713 1.000000
18921 33.972953 -77.883817 -10.812254 1.000000
18922 34.323420 -76.504737 -11.444055 1.000000
18923 33.449553 -77.433579 -10.321016 1.000000
22499 32.359961 -76.970786 -9.336526 1.000000
22500 31.665105 -76.673344 -9.058336 1.000000
22564 30.933788 -73.239282 -11.896752 1.000000
22565 31.056540 -74.568070 -10.665406 1.000000
22566 31.636592 -73.620453 -11.930185 1.000000
22567 32.184526 -73.947713 -11.819997 1.000000
22568 32.300092 -72.590105 -12.853915 1.000000
22569 33.246506 -71.529679 -13.054161 1.000000
22570 32.455709 -71.258895 -13.534467 1.000000
23383 37.877403 -69.841996 -13.220332 1.000000
23384 38.168255 -68.539858 -13.835971 1.000000
23385 36.961127 -69.506615 -12.980764 1.000000
23386 36.107447 -69.301099 -12.963099 1.000000
23387 35.250839 -69.152437 -13.138163 1.000000
23647 38.458001 -83.499976 1.229339 1.000000
23648 38.322464 -84.619328 0.404812 1.000000
25440 14.466400 -88.344879 4.368581 1.000000
25441 14.222740 -87.837145 4.121346 1.000000
25442 13.576395 -87.851845 2.551340 1.000000
25496 44.929564 -74.432097 -13.256022 1.000000
26312 39.014470 -86.735845 -9.844047 1.000000
26313 40.513664 -85.497439 -9.343567 1.000000
26314 41.593619 -84.294155 -9.051880 1.000000
26315 41.548602 -84.861428 -10.314551 1.000000
26316 42.291645 -84.153645 -11.259782 1.000000
26317 42.921141 -83.140686 -11.906218 1.000000
26318 43.326765 -81.855237 -12.218732 1.000000
26319 42.188421 -83.215363 -12.812258 1.000000
26320 41.193716 -83.128639 -13.161148 1.000000
26321 40.092427 -82.999647 -13.226802 1.000000
28514 29.914770 -75.128101 -9.215805 1.000000
28515 29.985620 -73.651895 -10.366773 1.000000
28518 31.509638 -70.895188 -13.965355 1.000000
30229 37.381105 -88.020504 -13.196960 1.000000
30230 37.874211 -86.857453 -13.740021 1.000000
32677 33.205509 -85.950628 -0.565985 1.000000
34189 14.564229 -88.702947 2.911301 1.000000
34196 12.299998 -86.969681 0.859737 1.000000
35955 35.992883 -84.434055 -0.342766 1.000000
35956 37.076335 -85.191421 -0.360302 1.000000
35957 38.083203 -85.944839 -0.533443 1.000000
35959 37.728261 -87.268651 -1.583962 1.000000
35960 39.087012 -86.544573 -0.964913 1.000000
35976 42.657763 -83.053440 -8.627313 1.000000
35988 43.286387 -77.203169 -12.988872 1.000000
35989 42.375606 -77.095106 -13.268080 1.000000
35991 38.192000 -85.660644 -13.793274 1.000000
35992 38.465708 -84.298313 -13.472835 1.000000
35996 39.397702 -81.035875 -12.754641 1.000000
35997 39.695423 -79.405703 -12.670337 1.000000
35998 39.957535 -78.115955 -13.124110 1.000000
35999 40.236484 -76.955102 -13.747953 1.000000
36001 37.713502 -76.709472 -13.568629 1.000000
36003 35.391521 -78.500755 -11.652632 1.000000
36004 35.633974 -77.164359 -12.155882 1.000000
36005 35.891131 -76.084197 -12.769765 1.000000
36006 35.240289 -75.774536 -12.421169 1.000000
36008 34.011547 -74.755073 -11.617646 1.000000
40312 32.925457 -77.159047 -9.701644 1.000000
40313 33.133440 -75.817026 -10.574419 1.000000
40314 33.350997 -74.592121 -11.382587 1.000000
40391 30.816875 -75.931527 -9.379969 1.000000
40392 31.270713 -76.282039 -9.168340 1.000000
40393 32.043751 -75.237788 -10.375086 1.000000
40394 32.818474 -74.293256 -11.539299 1.000000
40395 33.618107 -73.209524 -12.063332 1.000000
40396 33.930015 -71.717791 -12.473165 1.000000
40397 34.197394 -70.285901 -12.994551 1.000000
40398 34.518730 -68.835042 -13.628291 1.000000
40399 32.649569 -69.709577 -14.161649 1.000000
40401 34.976617 -67.280270 -14.297818 1.000000
41149 34.720957 -73.673449 -12.063143 1.000000
41150 35.365276 -73.034227 -12.264565 1.000000
41151 34.903008 -72.853468 -12.147527 1.000000
41152 35.066996 -72.073132 -12.160688 1.000000
41153 34.474995 -72.767980 -12.090360 1.000000
42777 38.794667 -87.603621 -12.696546 1.000000
42778 39.180417 -87.483741 -12.137898 1.000000
42779 39.638259 -87.045223 -12.554893 1.000000
42780 40.334661 -86.473152 -12.347659 1.000000
42781 39.969482 -86.531721 -12.910628 1.000000
42782 40.149990 -85.917786 -13.155751 1.000000
42783 39.400611 -86.501896 -13.306773 1.000000
44734 36.083072 -67.846850 -13.869921 1.000000
44735 36.711365 -67.374453 -14.385435 1.000000
44736 36.302857 -67.174822 -14.414119 1.000000
44737 36.625899 -66.597886 -14.968597 1.000000
44738 35.986926 -67.075796 -14.479505 1.000000
45169 39.416444 -84.766857 0.791932 1.000000
45170 40.012322 -84.486142 1.188132 1.000000
45171 39.953515 -85.061841 0.690028 1.000000
45172 40.488269 -85.314080 0.410717 1.000000
45173 39.861396 -85.682146 0.016635 1.000000
49610 39.946463 -85.312307 -8.292963 1.000000
49611 39.247993 -85.418902 -7.911164 1.000000
49612 39.980467 -84.931374 -7.644222 1.000000
49613 40.091176 -84.543198 -7.084647 1.000000
49614 40.663719 -84.440932 -7.468462 1.000000
49615 41.191734 -83.999723 -7.302272 1.000000
49616 41.175384 -84.283479 -7.941714 1.000000
49617 43.662820 -82.154617 -10.989956 1.000000
49618 43.844737 -81.956930 -10.328153 1.000000
49619 44.066392 -81.463084 -10.598284 1.000000
49620 44.417694 -80.691203 -10.298181 1.000000
49621 44.238321 -80.948532 -10.864512 1.000000
49622 44.496294 -80.319010 -11.112261 1.000000
49623 44.105340 -81.055239 -11.449775 1.000000
49624 41.054312 -81.403174 -13.007535 1.000000
49625 41.749839 -80.744527 -12.899988 1.000000
49626 41.286156 -80.597714 -12.945033 1.000000
49627 41.469522 -79.841174 -12.888861 1.000000
49628 40.818978 -80.454655 -12.891931 1.000000
53284 31.166373 -72.710872 -12.583341 1.000000
53285 31.273052 -73.445410 -11.974903 1.000000
53286 31.601947 -73.003329 -12.462244 1.000000
53287 31.937249 -73.112018 -12.558783 1.000000
53288 31.963702 -72.473943 -12.988841 1.000000
53289 32.367919 -71.984082 -13.203448 1.000000
53290 31.966418 -71.854405 -13.368314 1.000000
54327 36.532022 -71.714796 -12.608451 1.000000
54328 36.930956 -72.069265 -12.884848 1.000000
54329 37.116796 -71.154736 -12.849363 1.000000
54330 37.709821 -70.645250 -13.096377 1.000000
54331 37.294175 -70.322104 -12.908956 1.000000
54332 37.432391 -69.643885 -13.087055 1.000000
54333 36.815695 -70.172638 -12.793068 1.000000
54334 35.357032 -70.611924 -12.529695 1.000000
54335 35.946295 -69.934018 -12.669565 1.000000
54336 35.530157 -69.904096 -12.754061 1.000000
54337 35.709336 -69.239736 -13.016952 1.000000
54338 35.052437 -69.876418 -12.844061 1.000000
54769 37.270356 -83.366886 0.738322 1.000000
54770 37.908565 -83.157346 1.186039 1.000000
54771 37.822869 -83.697319 0.773632 1.000000
54772 38.358022 -84.072597 0.784107 1.000000
54773 37.803486 -84.247313 0.388292 1.000000
57761 13.983896 -86.865298 3.002191 1.000000
57762 13.917712 -87.416545 3.186815 1.000000
57763 13.417723 -87.433212 2.429286 1.000000
57764 12.960252 -87.931909 1.893940 1.000000
57765 12.838735 -87.480061 1.740297 1.000000
57849 44.016518 -75.974464 -13.194431 1.000000
57850 44.646345 -75.253576 -13.006490 1.000000
57851 44.309847 -75.184204 -13.446284 1.000000
59210 39.556094 -87.018326 -10.873049 1.000000
59211 38.913198 -87.221056 -10.463228 1.000000
59212 39.693948 -86.592466 -10.290278 1.000000
59213 39.810199 -86.095899 -9.529575 1.000000
59214 40.437400 -85.905835 -9.993615 1.000000
59215 41.073479 -85.206673 -9.799605 1.000000
59216 40.970977 -85.624412 -10.456318 1.000000
59217 41.532047 -85.091591 -12.020040 1.000000
59218 41.748419 -84.905222 -11.427294 1.000000
59219 42.103585 -84.403656 -11.856188 1.000000
59220 42.674873 -83.664775 -11.617254 1.000000
59221 42.328533 -83.832413 -12.162472 1.000000
59222 42.561941 -83.202802 -12.365944 1.000000
59223 41.994527 -83.882391 -12.607655 1.000000
59224 40.394936 -84.566034 -13.331464 1.000000
59225 41.027021 -83.895184 -13.187510 1.000000
59226 40.486228 -83.838582 -13.304987 1.000000
59227 40.632315 -83.071701 -13.216444 1.000000
59228 39.925236 -83.771102 -13.356979 1.000000
65079 37.727050 -68.395078 -13.737868 1.000000
65080 38.334299 -67.895152 -14.260092 1.000000
65081 37.917793 -67.747757 -14.272192 1.000000
75361 14.337623 -88.320978 3.553292 1.000000
75362 14.583392 -88.492110 3.602328 1.000000
75363 14.311501 -88.470362 2.865872 1.000000
75365 14.081301 -88.990882 1.415380 1.000000
79674 34.674894 -84.396251 -0.406114 1.000000
79675 35.383593 -84.072769 -0.290087 1.000000
79676 35.304420 -84.788375 -0.531026 1.000000
79677 36.336817 -86.274385 -0.885274 1.000000
79678 36.480438 -85.581101 -0.654082 1.000000
79679 36.966927 -85.883044 -0.710479 1.000000
79680 37.608620 -85.554868 -0.370784 1.000000
79681 37.442852 -86.274721 -0.854427 1.000000
79685 38.076852 -87.770261 -2.578873 1.000000
79686 37.578408 -87.800734 -2.166858 1.000000
79687 38.220923 -87.373398 -1.963583 1.000000
79688 38.403999 -86.889736 -1.286231 1.000000
79689 38.910240 -87.001629 -1.679353 1.000000
79690 39.582774 -86.633131 -1.403094 1.000000
79691 39.316002 -86.887151 -2.131830 1.000000
79727 42.052664 -83.941638 -9.504212 1.000000
79728 42.103723 -83.693311 -8.873614 1.000000
79729 42.566907 -83.324157 -9.283671 1.000000
79749 42.962171 -81.857406 -12.584480 1.000000
79750 43.558098 -81.181519 -12.350958 1.000000
79751 43.155342 -81.132844 -12.622628 1.000000
79752 43.095343 -79.426780 -12.700831 1.000000
79753 43.537531 -79.526044 -12.517325 1.000000
79754 43.625742 -78.759544 -12.541525 1.000000
79755 44.023462 -78.152873 -12.309084 1.000000
79756 43.657683 -78.016952 -12.611837 1.000000
79757 43.702863 -77.336513 -12.729710 1.000000
79758 43.210968 -77.897802 -12.827894 1.000000
79759 41.735299 -78.400746 -12.940247 1.000000
79760 42.270236 -77.772111 -13.039978 1.000000
79761 41.815393 -77.716790 -13.126388 1.000000
79762 41.935258 -77.056475 -13.384931 1.000000
79763 41.339349 -77.633180 -13.228453 1.000000
79782 38.572680 -78.452043 -12.705912 1.000000
79783 39.180469 -78.596361 -12.764918 1.000000
79784 39.385151 -77.877507 -13.035235 1.000000
79785 40.108841 -77.483810 -13.456168 1.000000
79786 39.535012 -77.299707 -13.380140 1.000000
79787 39.673660 -76.800033 -13.739629 1.000000
79788 38.874585 -77.190720 -13.387018 1.000000
79789 37.045065 -77.564761 -12.683732 1.000000
79790 37.611306 -77.129960 -13.185075 1.000000
79791 37.118647 -77.030554 -13.073415 1.000000
79792 37.185416 -76.561816 -13.409459 1.000000
79793 36.581304 -76.830581 -12.873349 1.000000
79797 34.785107 -77.521421 -11.481970 1.000000
79798 35.130050 -77.660508 -11.686872 1.000000
79799 35.291065 -77.047408 -12.027909 1.000000
79800 35.756644 -76.602243 -12.462110 1.000000
79801 35.404451 -76.516904 -12.334405 1.000000
79802 35.555333 -75.992942 -12.616548 1.000000
79803 35.055868 -76.348245 -12.170110 1.000000
79804 34.033049 -76.318271 -11.233556 1.000000
79805 34.519803 -75.867355 -11.800637 1.000000
79806 34.205265 -75.664088 -11.521162 1.000000
79807 34.359511 -75.062171 -11.757506 1.000000
79808 33.845033 -75.422600 -11.309677 1.000000
90536 32.483887 -76.290466 -9.839384 1.000000
90537 32.769389 -76.369509 -9.928894 1.000000
90538 32.844428 -75.769797 -10.415823 1.000000
90539 33.225961 -75.201727 -10.999126 1.000000
90540 32.936186 -75.168647 -10.887175 1.000000
90729 30.211089 -74.651770 -9.895102 1.000000
90730 30.147206 -75.406261 -9.251284 1.000000
90731 30.482860 -74.941859 -9.893798 1.000000
90732 31.305790 -74.729264 -10.705507 1.000000
90733 30.990612 -75.202346 -10.039053 1.000000
90734 31.226460 -75.423241 -9.994562 1.000000
90735 31.016596 -76.178484 -9.266027 1.000000
90736 31.448435 -75.602904 -9.863080 1.000000
90737 31.698786 -75.732879 -9.725485 1.000000
90738 31.820029 -75.073205 -10.456167 1.000000
90739 32.496221 -73.507428 -12.244209 1.000000
90740 32.451712 -74.112497 -11.632116 1.000000
90741 32.893255 -73.553592 -11.991242 1.000000
90742 33.182204 -73.772416 -11.873076 1.000000
90743 33.274285 -72.992198 -12.231303 1.000000
90744 33.768296 -72.483689 -12.282308 1.000000
90745 33.388406 -72.283298 -12.456743 1.000000
90746 33.349235 -70.826918 -13.336413 1.000000
90747 33.676170 -70.912041 -12.984323 1.000000
90748 33.800937 -70.172891 -13.322153 1.000000
90749 34.342293 -69.582418 -13.315849 1.000000
90750 33.969566 -69.363527 -13.628919 1.000000
90751 31.531174 -70.263460 -14.290314 1.000000
90752 32.057233 -70.304915 -14.093768 1.000000
90753 32.173216 -69.515549 -14.363039 1.000000
92502 35.915200 -72.428092 -12.414014 1.000000
92503 36.123447 -71.494736 -12.435024 1.000000
92504 36.272276 -70.725054 -12.552042 1.000000
92505 35.665143 -71.316525 -12.367216 1.000000
92506 35.202809 -71.339652 -12.330998 1.000000
92507 34.770720 -71.237490 -12.275079 1.000000
92767 36.744524 -83.029114 0.755534 1.000000
92768 36.659896 -83.569840 0.333612 1.000000
94562 14.672231 -86.312100 3.692801 1.000000
94563 14.258321 -86.306132 2.841431 1.000000
94614 43.227091 -75.820208 -13.755391 1.000000
94615 43.908417 -75.119488 -13.831077 1.000000
94616 43.532435 -75.041652 -14.084061 1.000000
95432 39.439768 -87.313518 -11.464702 1.000000
95433 40.143766 -86.719885 -11.285576 1.000000
95434 40.806271 -86.025819 -11.098215 1.000000
95435 40.644355 -86.345375 -11.694172 1.000000
95436 40.946312 -85.807689 -12.164379 1.000000
95437 41.190729 -85.179813 -12.543507 1.000000
95438 41.400552 -84.521234 -12.812643 1.000000
95439 40.787701 -85.310586 -13.003039 1.000000
95440 40.290765 -85.256666 -13.277852 1.000000
95441 39.702121 -85.202858 -13.544535 1.000000
98952 36.917139 -68.090118 -13.825775 1.000000
98953 37.471499 -67.612916 -14.269224 1.000000
98954 37.128467 -67.466937 -14.359014 1.000000
105121 13.613111 -88.303871 2.046213 1.000000
105122 13.895838 -88.476196 2.098979 1.000000
105123 13.384859 -88.531829 1.403971 1.000000
107709 34.409493 -85.882477 -0.792656 1.000000
107710 35.202321 -85.540600 -0.739247 1.000000
107711 35.072841 -86.326517 -0.848850 1.000000
107712 35.662275 -86.692259 -0.984515 1.000000
107713 36.190245 -87.031104 -1.176500 1.000000
107717 37.668683 -87.921545 -3.208109 1.000000
107718 38.309805 -87.461986 -3.087310 1.000000
107719 39.004799 -86.991757 -2.897442 1.000000
107720 38.497929 -86.948939 -3.451842 1.000000
107741 42.973701 -83.113626 -10.329317 1.000000
107742 43.022703 -82.916565 -9.667288 1.000000
107743 43.449789 -82.465775 -10.017271 1.000000
107754 42.034417 -81.733659 -12.923068 1.000000
107755 42.754453 -81.063464 -12.797958 1.000000
107756 42.248480 -80.904528 -12.886516 1.000000
107757 42.436816 -80.117114 -12.844848 1.000000
107758 42.599358 -79.343878 -12.805765 1.000000
107759 42.675477 -78.553118 -12.850439 1.000000
107760 42.098016 -79.221398 -12.870916 1.000000
107761 41.617140 -79.099335 -12.873535 1.000000
107762 41.082051 -79.032592 -12.879812 1.000000
107775 37.859414 -79.039834 -12.427887 1.000000
107776 38.009398 -78.319117 -12.601779 1.000000
107777 38.187463 -77.691816 -12.892575 1.000000
107778 37.458617 -78.250162 -12.507685 1.000000
107779 36.944456 -78.203171 -12.351724 1.000000
107780 36.410742 -78.081362 -12.189667 1.000000
107784 34.291387 -78.112036 -10.998340 1.000000
107785 34.493774 -77.352412 -11.282294 1.000000
107786 34.615435 -76.700702 -11.631887 1.000000
107787 34.158859 -77.167965 -11.114324 1.000000
107788 33.852614 -76.995768 -10.921872 1.000000
107789 33.628058 -76.702505 -10.613346 1.000000
114227 32.048091 -76.728612 -9.173448 1.000000
114228 32.195251 -76.138392 -9.675024 1.000000
114342 30.776469 -73.747970 -11.265093 1.000000
114343 30.793579 -74.419856 -10.656213 1.000000
114344 31.019770 -73.916778 -11.322363 1.000000
114345 31.344738 -74.097522 -11.374598 1.000000
114346 31.621456 -74.249677 -11.332887 1.000000
114347 31.835698 -74.443586 -11.244253 1.000000
114348 31.939398 -73.770463 -12.047449 1.000000
114349 32.257766 -73.284492 -12.389046 1.000000
114350 32.671366 -72.811939 -12.659183 1.000000
114351 33.105180 -72.246507 -12.739751 1.000000
114352 32.757856 -72.168626 -12.954386 1.000000
114353 32.832116 -71.474500 -13.256546 1.000000
114354 32.917213 -70.699140 -13.579300 1.000000
114355 31.917717 -68.529129 -14.676214 1.000000
114356 32.328494 -68.778820 -14.566251 1.000000
114357 32.617982 -67.911826 -14.804004 1.000000
116002 37.577730 -68.998843 -13.359930 1.000000
116003 37.118874 -68.882830 -13.318118 1.000000
116004 36.408480 -70.038565 -12.753157 1.000000
116005 36.544692 -69.396421 -13.003141 1.000000
116006 36.718555 -68.747841 -13.332672 1.000000
116007 36.291193 -68.649434 -13.344233 1.000000
116008 35.886221 -68.548761 -13.400798 1.000000
116009 35.465624 -68.479329 -13.527973 1.000000
116617 38.890090 -84.428906 0.822203 1.000000
116618 38.834762 -85.009530 0.391203 1.000000
120800 14.322385 -88.130414 4.281191 1.000000
120801 14.127806 -88.117935 3.422943 1.000000
120802 14.278776 -87.396942 4.012935 1.000000
120803 13.989680 -87.835714 3.291859 1.000000
120804 13.855428 -88.126600 2.637608 1.000000
120805 13.274504 -88.197529 1.984467 1.000000
120929 44.583630 -74.406080 -13.697612 1.000000
122834 39.892234 -85.703135 -8.914319 1.000000
122835 40.569782 -85.150197 -8.734391 1.000000
122836 41.118629 -84.600329 -8.572844 1.000000
122837 41.050550 -84.902249 -9.183004 1.000000
122838 41.515797 -84.615715 -9.657647 1.000000
122839 41.988745 -84.281147 -10.137897 1.000000
122840 41.383874 -85.305639 -10.953550 1.000000
122841 41.904114 -84.564790 -10.808920 1.000000
122842 42.433448 -83.849669 -10.639980 1.000000
122843 42.848773 -83.388574 -11.012620 1.000000
122844 43.179341 -82.906976 -11.331942 1.000000
122845 43.450430 -82.364701 -11.602497 1.000000
122846 43.660477 -81.765182 -11.771862 1.000000
122847 43.119330 -82.520202 -12.078719 1.000000
122848 42.768374 -82.545966 -12.493399 1.000000
122849 42.342801 -82.554705 -12.804761 1.000000
122850 41.514423 -83.880067 -12.969892 1.000000
122851 41.695874 -83.190955 -13.010178 1.000000
122852 41.870050 -82.487829 -12.977674 1.000000
122853 41.355539 -82.388975 -13.045799 1.000000
122854 40.834289 -82.255788 -13.109728 1.000000
122855 40.338751 -82.198150 -13.061964 1.000000
127972 30.009329 -74.389942 -9.796347 1.000000
127973 30.225933 -73.937118 -10.529637 1.000000
127975 30.132700 -73.274300 -11.094004 1.000000
127976 30.386066 -73.439538 -11.264717 1.000000
127977 30.622030 -73.052682 -11.885417 1.000000
127978 30.819239 -72.635815 -12.519293 1.000000
127979 31.098317 -72.017260 -13.122788 1.000000
127980 31.485341 -71.584776 -13.542700 1.000000
127981 31.015826 -71.434185 -13.627176 1.000000
127982 31.003574 -70.731118 -14.057126 1.000000
127983 31.076122 -69.944359 -14.373165 1.000000
127985 30.630637 -69.691546 -14.273512 1.000000
127986 31.256448 -69.135897 -14.590357 1.000000
127987 31.518321 -68.257734 -14.739229 1.000000
130821 38.172707 -67.096353 -14.818769 1.000000
132516 37.909843 -88.137411 -12.768944 1.000000
132517 38.271591 -87.563619 -13.174436 1.000000
132518 38.558282 -86.964197 -13.464152 1.000000
132519 37.682090 -87.466165 -13.474040 1.000000
139249 34.073941 -84.142663 -0.262544 1.000000
139250 33.968803 -84.796384 -0.480508 1.000000
139252 33.299036 -85.233293 -0.468073 1.000000
139253 33.847366 -85.534409 -0.659878 1.000000
139254 33.729129 -86.293593 -0.739124 1.000000
143632 14.204106 -88.713214 2.146194 1.000000
143648 14.411380 -85.797042 2.587567 1.000000
143649 13.705203 -86.320199 2.037128 1.000000
143651 12.999260 -86.398579 1.274834 1.000000
143652 12.893718 -86.935326 1.535117 1.000000
148846 36.097154 -83.766051 -0.057849 1.000000
148847 36.635030 -84.114671 -0.044028 1.000000
148848 35.913050 -85.193746 -0.606941 1.000000
148849 36.560778 -84.819153 -0.357176 1.000000
148850 37.168778 -84.491193 -0.008692 1.000000
148851 37.709393 -84.855959 0.009010 1.000000
148852 38.215071 -85.239977 -0.015212 1.000000
148853 38.695782 -85.664965 -0.143192 1.000000
148855 35.952304 -87.771304 -1.549728 1.000000
148856 36.637817 -87.371863 -1.428480 1.000000
148858 37.084833 -87.654345 -1.773455 1.000000
148859 37.293237 -86.982958 -1.276283 1.000000
148860 37.915587 -86.630143 -1.053295 1.000000
148861 38.570590 -86.280234 -0.719370 1.000000
148862 39.218467 -85.994489 -0.340912 1.000000
148863 39.732892 -86.206101 -0.659197 1.000000
148866 39.599158 -86.536229 -2.602188 1.000000
148908 41.674305 -84.026381 -8.423113 1.000000
148911 43.148633 -82.692429 -9.047984 1.000000
148935 43.869030 -81.145838 -11.925961 1.000000
148938 43.339740 -80.349505 -12.604420 1.000000
148945 43.830741 -76.647185 -12.950811 1.000000
148946 43.406341 -76.546639 -13.225459 1.000000
148947 42.733487 -77.814914 -12.968447 1.000000
148948 42.804405 -77.109210 -13.143496 1.000000
148949 42.979307 -76.457687 -13.443911 1.000000
148950 42.561546 -76.431789 -13.564435 1.000000
148953 38.783364 -86.362317 -13.635485 1.000000
148954 38.948052 -85.765257 -13.689593 1.000000
148955 39.058961 -85.104391 -13.632922 1.000000
148957 38.353056 -84.980592 -13.698713 1.000000
148958 39.176278 -84.405795 -13.510910 1.000000
148959 39.329335 -83.678268 -13.347363 1.000000
148960 39.551333 -82.888603 -13.161697 1.000000
148961 39.791759 -82.030259 -13.003708 1.000000
148969 39.141968 -81.937686 -12.946498 1.000000
148970 40.043067 -81.172690 -12.894075 1.000000
148971 40.230379 -80.363244 -12.804713 1.000000
148972 40.360209 -79.601817 -12.799589 1.000000
148973 40.478796 -78.890271 -12.866161 1.000000
148975 39.805666 -78.779146 -12.851962 1.000000
148976 40.584955 -78.236438 -13.078662 1.000000
148977 40.758844 -77.576555 -13.335978 1.000000
148983 38.304459 -77.184588 -13.300451 1.000000
148990 35.777163 -78.660041 -11.861555 1.000000
148991 35.954516 -77.920727 -12.045749 1.000000
148993 35.514418 -77.799134 -11.877797 1.000000
148994 36.070962 -77.274248 -12.337230 1.000000
148995 36.153831 -76.731622 -12.670254 1.000000
149001 34.780130 -76.078154 -11.962145 1.000000
149005 34.561936 -74.337490 -11.936555 1.000000
149006 34.200035 -74.077487 -11.861370 1.000000
161891 33.219673 -77.224165 -10.089691 1.000000
161892 33.331960 -76.593079 -10.438136 1.000000
161894 33.060495 -76.459035 -10.110300 1.000000
161895 33.426460 -75.946219 -10.831354 1.000000
161896 33.517346 -75.305954 -11.227630 1.000000
161897 33.701055 -74.677452 -11.503343 1.000000
161898 33.822723 -74.064635 -11.739449 1.000000
162127 30.734256 -75.053118 -10.056580 1.000000
162134 31.877797 -75.899653 -9.692822 1.000000
162135 32.311626 -75.479239 -10.311028 1.000000
162136 32.123636 -74.582011 -11.103707 1.000000
162137 32.395370 -74.793123 -10.985692 1.000000
162138 32.690290 -75.007886 -10.946802 1.000000
162139 33.070855 -74.465290 -11.420862 1.000000
162140 33.482697 -73.929295 -11.750807 1.000000
162141 33.964206 -73.288001 -11.966705 1.000000
162142 34.115456 -72.561264 -12.100871 1.000000
162143 34.215357 -71.829364 -12.336660 1.000000
162144 34.373432 -71.085274 -12.557554 1.000000
162145 33.532649 -71.595140 -12.709574 1.000000
162146 34.064978 -70.980765 -12.692332 1.000000
162147 34.555487 -70.357807 -12.778554 1.000000
162148 34.714945 -69.677934 -13.069076 1.000000
162149 34.895826 -69.015458 -13.362857 1.000000
162150 35.098400 -68.307526 -13.714017 1.000000
162151 31.959668 -71.133696 -13.760267 1.000000
162152 32.538913 -70.512660 -13.847494 1.000000
162153 33.074196 -69.860734 -13.902826 1.000000
162154 32.826006 -68.891451 -14.444288 1.000000
162155 33.223212 -69.064252 -14.209888 1.000000
162156 33.597097 -69.237910 -13.941195 1.000000
162157 34.155112 -68.568565 -13.901571 1.000000
162158 34.716249 -68.061627 -13.927667 1.000000
162159 35.330262 -67.532144 -14.158083 1.000000
162160 35.662331 -66.774078 -14.695216 1.000000
