#
973
87 -19.866649 -88.014260 -7.449499 1.000000
206 -28.355191 -94.936334 -4.693714 1.000000
349 -30.817620 -78.471705 -10.560203 1.000000
686 -29.770000 -89.342706 -5.356158 1.000000
829 -35.371635 -72.149456 -15.674558 1.000000
830 -29.323513 -73.747575 -12.691316 1.000000
978 -18.974243 -99.147864 -14.375285 1.000000
1523 -23.747917 -97.391456 -13.819582 1.000000
1524 -28.003307 -94.830222 -10.266078 1.000000
1782 -28.617362 -74.434713 -7.040291 1.000000
1997 -23.313282 -86.814009 -13.068578 1.000000
1999 -35.571441 -75.820938 -13.387317 1.000000
2344 -31.031866 -84.938608 -1.478362 1.000000
2372 -27.897196 -90.447031 -1.488364 1.000000
2897 -17.856741 -99.050149 -10.537538 1.000000
2898 -20.277601 -99.457659 -11.154719 1.000000
3497 -25.525138 -96.182361 -8.555776 1.000000
3498 -27.546667 -94.983168 -7.453103 1.000000
3926 -28.986800 -79.332739 -9.282362 1.000000
3927 -29.403843 -70.947401 -13.316251 1.000000
3928 -28.985117 -74.294239 -9.855257 1.000000
3929 -30.032495 -71.330197 -10.124960 1.000000
4368 -16.430404 -94.985336 -5.473375 1.000000
4374 -26.665563 -95.823012 -14.716410 1.000000
4380 -23.739986 -88.813618 -12.935901 1.000000
4384 -37.861068 -77.405684 -14.099090 1.000000
4386 -37.743386 -75.480945 -15.008934 1.000000
4387 -38.138460 -73.818088 -16.196586 1.000000
5283 -25.528293 -90.702102 0.098450 1.000000
5284 -27.016383 -87.876506 -0.063217 1.000000
5285 -28.954884 -87.675005 -2.004574 1.000000
5286 -28.970623 -85.073352 -0.204858 1.000000
5842 -28.380683 -92.414320 -4.861203 1.000000
5843 -29.023143 -92.899367 -6.927463 1.000000
5844 -30.834718 -90.034276 -6.741141 1.000000
6099 -32.867059 -75.031184 -13.319637 1.000000
6100 -29.992053 -76.113909 -11.615223 1.000000
6101 -32.156304 -72.638758 -14.668895 1.000000
6102 -32.032397 -69.975048 -15.095198 1.000000
6365 -17.016672 -96.579999 -7.367377 1.000000
6366 -17.078841 -98.174304 -9.358210 1.000000
6367 -16.876929 -98.485664 -13.283374 1.000000
7391 -22.254372 -98.738141 -10.903380 1.000000
7392 -23.512222 -97.124860 -9.959441 1.000000
7393 -25.828125 -96.250989 -12.070107 1.000000
7989 -22.534577 -85.661456 -9.861635 1.000000
7994 -28.872944 -77.059262 -9.149074 1.000000
7995 -27.594788 -77.478729 -6.912722 1.000000
8564 -18.741235 -90.727739 -8.266584 1.000000
8565 -21.754658 -98.789871 -14.551905 1.000000
8572 -21.580424 -89.699812 -10.680544 1.000000
8573 -22.263601 -87.602034 -10.007731 1.000000
8579 -33.273712 -76.825120 -11.852106 1.000000
8580 -35.495553 -74.275404 -14.758908 1.000000
8581 -38.670994 -71.485855 -16.768338 1.000000
9669 -28.139541 -95.285095 -2.461309 1.000000
9670 -24.589229 -93.451522 0.040520 1.000000
9671 -26.919598 -93.084231 -1.147734 1.000000
9672 -28.309632 -92.664503 -2.893201 1.000000
9673 -28.540371 -90.256371 -3.440913 1.000000
9674 -30.617243 -87.520204 -3.503948 1.000000
11178 -28.001115 -95.044665 -6.023477 1.000000
11605 -28.333481 -80.548391 -9.826209 1.000000
11606 -29.896259 -78.964770 -9.889338 1.000000
11607 -29.788068 -69.481567 -13.281664 1.000000
11608 -29.619567 -71.189471 -11.651885 1.000000
11609 -30.153340 -69.703646 -11.744063 1.000000
12047 -16.583927 -95.014192 -2.861070 1.000000
12048 -16.874647 -95.746294 -3.745473 1.000000
12054 -27.857291 -94.649099 -14.429840 1.000000
12055 -26.663717 -95.037013 -15.543632 1.000000
12064 -38.892645 -76.098196 -14.486360 1.000000
12065 -37.770171 -76.395616 -14.488634 1.000000
12066 -38.979050 -75.212739 -15.144152 1.000000
12067 -39.100669 -74.363269 -15.792388 1.000000
12965 -27.900448 -86.346164 -0.176160 1.000000
12966 -28.049266 -85.126877 0.729106 1.000000
13576 -28.688252 -90.949602 -5.108561 1.000000
13577 -29.198086 -91.195859 -5.989035 1.000000
13578 -30.228455 -89.645714 -6.115857 1.000000
14004 -33.856340 -73.666610 -14.700311 1.000000
14005 -32.343064 -73.960297 -14.190038 1.000000
14006 -33.737324 -72.301529 -15.140790 1.000000
14008 -33.756398 -69.459274 -15.179123 1.000000
14010 -32.188736 -68.479508 -15.046255 1.000000
14447 -16.708853 -98.376080 -6.781494 1.000000
14448 -16.846130 -98.948747 -7.835813 1.000000
14449 -18.477350 -99.134170 -12.592608 1.000000
14450 -17.435687 -98.785661 -12.115221 1.000000
14451 -17.897667 -98.816916 -13.922742 1.000000
16249 -26.612269 -95.587917 -9.573027 1.000000
16250 -25.387494 -96.032485 -10.439387 1.000000
16251 -26.978696 -95.712267 -11.207196 1.000000
16254 -30.406224 -91.645099 -7.596365 1.000000
17530 -22.321552 -84.714182 -10.069347 1.000000
17537 -29.341742 -75.114273 -12.243327 1.000000
17538 -29.254613 -76.540425 -10.284773 1.000000
17539 -28.994439 -75.506635 -10.832340 1.000000
17540 -28.852601 -74.390262 -8.453676 1.000000
17541 -28.476801 -75.940356 -8.221690 1.000000
17542 -27.977960 -75.903602 -7.006934 1.000000
18879 -22.780262 -98.045319 -12.554423 1.000000
18880 -22.013040 -98.885901 -12.988779 1.000000
18881 -22.821063 -98.217256 -14.377563 1.000000
18897 -23.450259 -87.941639 -13.237981 1.000000
18898 -22.709789 -89.275062 -11.866978 1.000000
18899 -22.617014 -88.307396 -11.983780 1.000000
18900 -21.845996 -88.589273 -10.459795 1.000000
18901 -22.816535 -87.186478 -11.727278 1.000000
18912 -35.507005 -76.825231 -13.033570 1.000000
18914 -34.383841 -77.352256 -12.171927 1.000000
18915 -33.130866 -78.097694 -11.420911 1.000000
18916 -34.463380 -76.225989 -12.583869 1.000000
18917 -34.385897 -75.321943 -13.284067 1.000000
18918 -35.562500 -75.008355 -13.968107 1.000000
18919 -39.766312 -72.326697 -16.791072 1.000000
18920 -38.407605 -72.734177 -16.535992 1.000000
21606 -27.070718 -95.602497 -1.649365 1.000000
21609 -24.042044 -92.226230 0.814926 1.000000
21610 -26.835307 -90.630874 -0.631099 1.000000
21611 -26.218312 -91.878526 -0.569735 1.000000
21612 -27.419198 -91.717757 -1.219499 1.000000
21613 -28.040340 -92.902221 -1.874899 1.000000
21614 -28.239593 -91.639452 -2.204551 1.000000
21615 -28.230900 -91.502771 -3.192808 1.000000
21616 -28.500361 -90.456404 -2.477835 1.000000
21617 -29.776800 -86.159624 -1.931746 1.000000
21618 -29.664418 -87.665327 -2.836872 1.000000
21619 -30.826788 -86.239360 -2.532417 1.000000
21621 -32.213472 -85.121542 -1.749718 1.000000
23122 -31.219564 -88.008843 -5.168662 1.000000
23123 -31.646613 -88.325761 -5.941288 1.000000
23379 -37.086122 -70.629142 -16.489064 1.000000
23380 -35.364773 -70.811734 -15.835226 1.000000
23645 -17.335894 -99.275306 -8.512343 1.000000
23647 -19.010518 -99.255875 -10.946946 1.000000
23648 -19.689457 -99.387959 -12.979588 1.000000
24727 -26.539383 -95.673308 -7.860471 1.000000
24728 -27.664337 -94.806544 -8.834455 1.000000
25498 -28.124584 -79.777665 -8.500593 1.000000
25499 -29.328912 -72.304539 -13.158468 1.000000
25500 -29.008484 -74.086905 -11.309754 1.000000
25501 -29.274484 -72.586976 -11.567904 1.000000
25502 -29.379314 -72.795890 -9.978344 1.000000
25503 -29.484140 -72.843723 -8.535939 1.000000
25505 -30.046733 -71.434319 -8.596239 1.000000
26304 -25.136409 -96.636578 -14.471014 1.000000
26306 -25.333477 -96.112698 -15.611850 1.000000
26314 -23.901148 -89.503855 -12.534151 1.000000
26315 -24.854876 -88.400938 -13.881342 1.000000
26317 -24.084918 -86.604215 -14.332504 1.000000
26318 -23.837468 -85.502058 -14.053691 1.000000
26322 -36.608115 -78.888535 -13.681280 1.000000
26324 -36.647685 -77.643536 -13.684878 1.000000
26325 -36.615435 -76.469019 -13.903008 1.000000
26326 -36.583152 -75.566694 -14.271349 1.000000
26327 -36.764123 -74.825816 -14.914611 1.000000
26328 -37.780892 -74.659042 -15.587273 1.000000
26329 -39.341956 -73.480330 -16.428577 1.000000
27943 -26.318936 -89.279681 0.107785 1.000000
27944 -27.474981 -89.306414 -0.794415 1.000000
27945 -28.401911 -89.142777 -1.731833 1.000000
27946 -28.088277 -87.769017 -1.069424 1.000000
27947 -28.860468 -86.230390 -1.176488 1.000000
27948 -29.993480 -84.993541 -0.964240 1.000000
28990 -28.356414 -93.772583 -4.663493 1.000000
28991 -28.377635 -94.048500 -5.760441 1.000000
28992 -28.716136 -92.716478 -5.829182 1.000000
28993 -29.787639 -91.409713 -6.809920 1.000000
28994 -31.579148 -90.458907 -7.354894 1.000000
28995 -32.274127 -88.779077 -6.638626 1.000000
29589 -31.883139 -76.528601 -11.734753 1.000000
29590 -30.652508 -77.211522 -10.891460 1.000000
29591 -31.427387 -75.433880 -12.650238 1.000000
29592 -30.780284 -74.395068 -13.460996 1.000000
29593 -30.472754 -73.204510 -13.948537 1.000000
29594 -33.793893 -70.945486 -15.245695 1.000000
29595 -32.070581 -71.276903 -14.918419 1.000000
29596 -30.439846 -71.734391 -14.402197 1.000000
29597 -30.474095 -70.378609 -14.598106 1.000000
29598 -30.511374 -68.950206 -14.566973 1.000000
30209 -16.909702 -96.625336 -4.691668 1.000000
30210 -16.783636 -97.549424 -5.762850 1.000000
30211 -17.044285 -97.471565 -8.331820 1.000000
30213 -17.159931 -98.718554 -10.013686 1.000000
30214 -16.765406 -98.386787 -11.450064 1.000000
30237 -37.916496 -78.350201 -13.879344 1.000000
32675 -21.882229 -99.346511 -9.043040 1.000000
32677 -22.909215 -97.906291 -10.547507 1.000000
32678 -23.449808 -97.222477 -12.017009 1.000000
32679 -24.494246 -96.501954 -9.211134 1.000000
32680 -24.287855 -96.471652 -11.269106 1.000000
32681 -24.750086 -96.752062 -13.039076 1.000000
32682 -26.413310 -96.203625 -13.512344 1.000000
32685 -28.399346 -94.050638 -7.050893 1.000000
34299 -21.476405 -86.901918 -8.527726 1.000000
34310 -29.740963 -77.648818 -9.993568 1.000000
34311 -29.098878 -78.161269 -9.034563 1.000000
34313 -28.685672 -75.831175 -9.526064 1.000000
34314 -28.499546 -77.423766 -7.939783 1.000000
34316 -26.213022 -78.664720 -6.312171 1.000000
35937 -16.789464 -95.752284 -6.490551 1.000000
35954 -19.399870 -89.373730 -7.668060 1.000000
35955 -21.398067 -99.274293 -11.056923 1.000000
35956 -20.875596 -99.318616 -13.051966 1.000000
35957 -20.342179 -99.191330 -14.617745 1.000000
35960 -19.885810 -98.697372 -15.627766 1.000000
35976 -22.704197 -90.225227 -11.605169 1.000000
35977 -21.501401 -90.990387 -10.648688 1.000000
35979 -20.156872 -90.348333 -9.362197 1.000000
35980 -20.812666 -88.948585 -8.989708 1.000000
35981 -21.265421 -87.911882 -8.552713 1.000000
35982 -22.470038 -86.641401 -9.762891 1.000000
35983 -23.051484 -85.315384 -11.172599 1.000000
35999 -32.004781 -77.624992 -11.122378 1.000000
36000 -33.132255 -75.888120 -12.514309 1.000000
36001 -34.058370 -74.547887 -14.047792 1.000000
36002 -35.345972 -73.334299 -15.366800 1.000000
36003 -36.785834 -74.078351 -15.564146 1.000000
36004 -36.883526 -73.075153 -15.999049 1.000000
36005 -36.942065 -72.001509 -16.301891 1.000000
36006 -38.938262 -70.201419 -17.017925 1.000000
39008 -29.610269 -84.012531 0.624556 1.000000
39010 -31.776626 -84.082440 -0.412216 1.000000
39013 -32.888945 -84.384933 -0.693949 1.000000
39242 -28.037863 -96.422471 -3.694309 1.000000
39243 -28.460827 -95.025852 -3.560179 1.000000
39247 -24.995700 -92.092484 0.089545 1.000000
39248 -25.701050 -93.188144 -0.548039 1.000000
39250 -27.676258 -94.276026 -1.687005 1.000000
39251 -28.390946 -93.894951 -2.560748 1.000000
39252 -28.365754 -93.815371 -3.690480 1.000000
39253 -28.187007 -92.616044 -3.900601 1.000000
39254 -28.235169 -91.361143 -4.186517 1.000000
39255 -28.870117 -89.882448 -4.480205 1.000000
39256 -28.882852 -89.176245 -2.715956 1.000000
39257 -29.374456 -88.992730 -3.687105 1.000000
39258 -30.067684 -88.572733 -4.527221 1.000000
39259 -31.617466 -87.286703 -3.993154 1.000000
41724 -18.906653 -88.614650 -7.120280 1.000000
41725 -18.142499 -88.509277 -7.071330 1.000000
41726 -19.072961 -87.845713 -7.259302 1.000000
41896 -28.252155 -95.513783 -4.843926 1.000000
41897 -28.055841 -95.560804 -5.523932 1.000000
41898 -28.205527 -95.015846 -5.350446 1.000000
42324 -30.224957 -79.499207 -10.340894 1.000000
42325 -29.683579 -79.659037 -10.037239 1.000000
42326 -30.308664 -78.765601 -10.284904 1.000000
44296 -29.227519 -90.097085 -5.281594 1.000000
44297 -29.448841 -90.248920 -5.689878 1.000000
44298 -30.013455 -89.463547 -5.749886 1.000000
44724 -34.530658 -72.929241 -15.208453 1.000000
44725 -33.801727 -72.980396 -14.980700 1.000000
44726 -34.529272 -72.226062 -15.386380 1.000000
45169 -18.770967 -99.170297 -13.534784 1.000000
45170 -18.190855 -98.998487 -13.307094 1.000000
45171 -18.424589 -99.021666 -14.137800 1.000000
45172 -18.156730 -98.782018 -14.572605 1.000000
45173 -18.716877 -98.897047 -14.829064 1.000000
46969 -27.338451 -95.363006 -9.862452 1.000000
46970 -26.773077 -95.642447 -10.375499 1.000000
46971 -27.537709 -95.342875 -10.655896 1.000000
46972 -27.723039 -95.290102 -11.402813 1.000000
46973 -28.217249 -94.808571 -10.933756 1.000000
48257 -29.276956 -74.486479 -12.478308 1.000000
48258 -29.076321 -75.327344 -11.485478 1.000000
48259 -29.145783 -74.644066 -11.729195 1.000000
48260 -28.759858 -74.410424 -7.729614 1.000000
48261 -28.469697 -75.166553 -7.703995 1.000000
48262 -28.308284 -75.171188 -7.020790 1.000000
48263 -27.707025 -75.892106 -6.377848 1.000000
48264 -28.041143 -75.093009 -6.405500 1.000000
48265 -27.744776 -74.934475 -5.815259 1.000000
48266 -28.393338 -74.340716 -6.418155 1.000000
49599 -23.202427 -97.742230 -13.255939 1.000000
49600 -22.801455 -98.165892 -13.502411 1.000000
49601 -23.255518 -97.809017 -14.152667 1.000000
49617 -23.351233 -87.389931 -13.214567 1.000000
49618 -22.992156 -88.140845 -12.661876 1.000000
49619 -22.985071 -87.595828 -12.567500 1.000000
49620 -22.687688 -87.769203 -11.862459 1.000000
49621 -23.041969 -87.006330 -12.414854 1.000000
49622 -23.106094 -86.429395 -12.241335 1.000000
49623 -23.287170 -86.295582 -12.899872 1.000000
49632 -35.509653 -76.313928 -13.165343 1.000000
49633 -34.974068 -77.046901 -12.535001 1.000000
49634 -35.015374 -76.490954 -12.733616 1.000000
49635 -34.436706 -76.766133 -12.332703 1.000000
49636 -35.024039 -75.996965 -12.974880 1.000000
49637 -35.041664 -75.533256 -13.263132 1.000000
49638 -35.578981 -75.393960 -13.653437 1.000000
52330 -27.377889 -90.533525 -1.018689 1.000000
52331 -27.131720 -91.158405 -0.904018 1.000000
52332 -27.664082 -91.064833 -1.335899 1.000000
52333 -27.941464 -91.683961 -1.664002 1.000000
52334 -28.088801 -91.046162 -1.852496 1.000000
52335 -28.353093 -91.036201 -2.377780 1.000000
52336 -28.271988 -90.443760 -1.973761 1.000000
52337 -30.349120 -85.535094 -1.770196 1.000000
52338 -30.314198 -86.154468 -2.246507 1.000000
52339 -30.925792 -85.541017 -2.004694 1.000000
52340 -31.497989 -85.604295 -2.218093 1.000000
52341 -31.597022 -85.064508 -1.616856 1.000000
54769 -19.878902 -99.304914 -10.001735 1.000000
54770 -19.224564 -99.231325 -9.939664 1.000000
54771 -19.642595 -99.330239 -11.056704 1.000000
54772 -19.408181 -99.389590 -11.982259 1.000000
54773 -19.975182 -99.434182 -12.127550 1.000000
56569 -27.339472 -95.484160 -6.862447 1.000000
56570 -26.925873 -95.851608 -7.088918 1.000000
56571 -27.047969 -95.357977 -7.594904 1.000000
56572 -27.044764 -95.291957 -8.434029 1.000000
56573 -27.553052 -94.886035 -8.140734 1.000000
57852 -28.710110 -79.917677 -9.526862 1.000000
57853 -27.934544 -80.684945 -9.505893 1.000000
57854 -28.277237 -80.138035 -9.188795 1.000000
57855 -27.778190 -80.282569 -8.801312 1.000000
57856 -28.543126 -79.579093 -8.914470 1.000000
57857 -29.373495 -71.600854 -13.295202 1.000000
57858 -29.234899 -72.477028 -12.371731 1.000000
57859 -29.306738 -71.761318 -12.444170 1.000000
57860 -29.811407 -71.244135 -10.796790 1.000000
57861 -29.535847 -71.976624 -10.781342 1.000000
57862 -29.719684 -72.047196 -10.113619 1.000000
57863 -29.475367 -72.843716 -9.283836 1.000000
57864 -29.804677 -72.075300 -9.326925 1.000000
57865 -29.783692 -72.125301 -8.575598 1.000000
57866 -30.102482 -71.336180 -9.350311 1.000000
59179 -16.688120 -94.948202 -4.141656 1.000000
59180 -16.486995 -94.551347 -3.778798 1.000000
59181 -16.243966 -94.637416 -5.037698 1.000000
59182 -15.617529 -94.494775 -5.786587 1.000000
59183 -15.849002 -94.822809 -6.271104 1.000000
59199 -25.932699 -96.233703 -14.643731 1.000000
59200 -25.261326 -96.413672 -15.086271 1.000000
59201 -26.011212 -95.969073 -15.213419 1.000000
59229 -37.237093 -78.085132 -13.855724 1.000000
59230 -36.628079 -78.279585 -13.647022 1.000000
59231 -37.238874 -77.531070 -13.942719 1.000000
59232 -37.762929 -75.931564 -14.729189 1.000000
59233 -37.176691 -76.442152 -14.200119 1.000000
59234 -37.151065 -75.948484 -14.410133 1.000000
59235 -36.585249 -75.997040 -14.059466 1.000000
59236 -37.134927 -75.446993 -14.686537 1.000000
59237 -37.203826 -75.060651 -14.967677 1.000000
59238 -37.747260 -75.057432 -15.292681 1.000000
61930 -26.435887 -87.884836 0.457371 1.000000
61931 -26.079627 -88.603266 0.558794 1.000000
61932 -26.670635 -88.601701 0.018995 1.000000
61933 -26.924128 -89.312650 -0.345170 1.000000
61934 -27.236877 -88.626295 -0.460969 1.000000
61935 -27.782772 -88.571042 -0.941275 1.000000
61936 -27.553089 -87.841123 -0.548614 1.000000
61937 -28.403208 -85.680380 -0.213495 1.000000
61938 -28.387023 -86.292557 -0.676698 1.000000
61939 -28.883642 -85.610144 -0.726694 1.000000
61940 -29.377369 -85.572742 -1.132509 1.000000
61941 -29.488986 -85.023962 -0.611671 1.000000
63766 -28.358078 -93.095109 -4.763341 1.000000
63767 -28.486846 -93.330324 -5.204305 1.000000
63768 -28.582452 -92.588425 -5.284671 1.000000
63769 -29.966015 -90.577714 -6.433206 1.000000
63770 -29.472133 -91.320395 -6.412155 1.000000
63771 -30.273687 -90.743095 -6.783299 1.000000
63772 -30.610561 -90.888306 -7.135027 1.000000
63773 -31.175656 -90.256408 -7.058847 1.000000
65049 -32.418020 -75.727530 -12.528714 1.000000
65050 -31.712577 -75.908862 -12.167105 1.000000
65051 -32.190897 -75.218640 -12.986814 1.000000
65052 -32.233492 -73.292740 -14.502236 1.000000
65053 -31.607188 -74.145809 -13.883820 1.000000
65054 -31.381782 -73.509768 -14.195554 1.000000
65055 -30.582529 -73.837675 -13.727514 1.000000
65056 -31.295195 -72.841041 -14.366604 1.000000
65060 -32.905679 -69.734432 -15.124577 1.000000
65061 -32.906696 -70.419043 -15.102742 1.000000
65062 -32.038029 -70.690230 -15.010867 1.000000
65063 -31.266786 -71.552008 -14.708120 1.000000
65064 -31.269122 -70.816748 -14.868930 1.000000
65065 -30.472096 -71.041308 -14.566462 1.000000
65066 -31.281147 -70.138142 -14.924066 1.000000
66379 -17.052449 -98.190233 -8.018584 1.000000
66380 -16.988046 -97.874768 -7.499686 1.000000
66381 -17.065134 -97.858809 -8.851552 1.000000
66382 -16.765462 -97.664930 -9.527964 1.000000
66383 -16.857702 -97.995058 -10.035960 1.000000
66384 -17.599052 -99.097058 -9.465529 1.000000
66385 -17.270988 -98.966785 -9.257093 1.000000
66386 -17.406724 -98.923221 -10.324626 1.000000
66387 -17.183021 -98.638259 -12.728034 1.000000
66388 -17.030062 -98.604642 -11.804067 1.000000
66389 -16.750949 -98.416708 -12.413880 1.000000
66390 -16.475301 -98.180570 -12.048786 1.000000
66391 -16.415790 -98.267041 -12.898694 1.000000
66392 -16.049201 -98.138005 -13.282270 1.000000
66393 -16.504901 -98.341510 -13.731031 1.000000
71779 -23.501016 -97.670458 -9.320541 1.000000
71780 -23.218829 -98.056994 -9.558892 1.000000
71781 -23.149502 -97.474746 -10.283472 1.000000
71782 -23.038395 -97.490869 -11.321903 1.000000
71783 -23.416180 -97.133502 -11.004402 1.000000
71784 -25.450591 -96.656717 -7.951007 1.000000
71785 -24.895001 -96.770726 -8.257879 1.000000
71786 -25.005765 -96.330233 -8.893195 1.000000
71787 -25.573581 -96.138515 -11.284665 1.000000
71788 -24.806127 -96.207887 -10.891025 1.000000
71789 -25.016947 -96.380480 -11.749845 1.000000
71790 -24.481792 -96.654132 -12.238630 1.000000
71791 -25.298446 -96.505225 -12.563210 1.000000
71792 -25.615759 -96.553817 -13.316099 1.000000
71793 -26.185563 -96.306056 -12.847296 1.000000
71799 -28.604614 -93.491592 -6.383884 1.000000
71800 -28.367482 -94.079040 -6.412643 1.000000
71801 -28.704774 -93.519576 -6.977804 1.000000
75624 -22.105854 -86.297072 -9.119700 1.000000
75625 -21.460934 -86.333036 -8.612064 1.000000
75626 -22.033451 -85.734561 -9.288191 1.000000
75647 -30.353473 -76.637439 -11.258613 1.000000
75648 -30.207867 -77.402532 -10.447605 1.000000
75649 -29.914632 -76.890975 -10.683676 1.000000
75650 -29.017115 -76.796614 -9.736816 1.000000
75651 -29.195851 -77.355117 -9.593394 1.000000
75652 -28.994801 -77.604517 -9.051155 1.000000
75653 -28.819656 -78.380510 -8.602530 1.000000
75654 -28.766120 -77.858560 -8.486319 1.000000
75655 -28.982716 -74.225061 -10.583612 1.000000
75656 -28.861465 -74.965045 -10.418856 1.000000
75657 -28.770417 -75.074390 -9.762920 1.000000
75658 -28.079910 -76.825775 -7.481397 1.000000
75659 -28.444495 -76.699495 -8.056697 1.000000
75660 -28.035298 -77.555761 -7.423447 1.000000
75661 -28.000228 -78.174822 -7.443869 1.000000
75662 -27.493061 -78.238569 -6.996592 1.000000
75663 -26.784180 -78.824140 -6.744598 1.000000
75664 -26.927516 -78.160904 -6.567010 1.000000
79629 -17.001651 -96.564606 -6.105769 1.000000
79630 -16.987026 -96.108750 -5.630115 1.000000
79631 -16.880652 -96.148722 -6.964930 1.000000
79669 -17.607212 -91.463573 -8.227671 1.000000
79671 -17.930752 -90.852141 -7.825051 1.000000
79672 -18.342890 -90.143800 -7.478304 1.000000
79673 -19.090777 -90.074688 -7.939064 1.000000
79674 -22.088936 -99.076845 -10.063367 1.000000
79675 -21.649214 -99.269487 -10.093099 1.000000
79676 -21.867283 -99.052444 -10.991503 1.000000
79677 -21.933582 -98.891199 -13.837212 1.000000
79678 -21.479042 -99.121273 -13.015474 1.000000
79679 -21.267753 -99.116325 -13.816568 1.000000
79680 -20.588456 -99.321127 -13.907165 1.000000
79681 -21.058096 -98.964706 -14.563537 1.000000
79727 -23.848707 -89.124799 -12.722720 1.000000
79728 -23.276579 -89.849815 -12.090650 1.000000
79729 -23.300856 -89.443743 -12.239866 1.000000
79730 -22.149190 -89.514799 -11.236448 1.000000
79731 -22.178171 -90.030432 -11.237524 1.000000
79732 -21.565411 -90.319440 -10.621473 1.000000
79733 -20.704277 -91.397859 -10.122719 1.000000
79734 -20.859929 -90.739243 -10.015853 1.000000
79735 -19.950420 -91.022395 -9.538593 1.000000
79736 -20.882603 -90.103380 -10.066618 1.000000
79737 -22.071771 -88.109642 -10.209036 1.000000
79738 -21.378396 -88.775039 -9.716230 1.000000
79739 -21.640370 -88.290177 -9.448119 1.000000
79740 -21.095149 -88.420846 -8.673813 1.000000
79741 -21.808736 -87.789886 -9.283831 1.000000
79742 -21.923808 -87.313779 -9.134520 1.000000
79743 -22.381246 -87.116897 -9.874799 1.000000
79782 -33.249982 -77.383377 -11.609432 1.000000
79783 -32.580346 -78.479253 -11.123545 1.000000
79784 -32.645565 -77.810608 -11.226377 1.000000
79785 -31.989954 -78.268953 -10.938647 1.000000
79786 -32.652345 -77.222720 -11.458390 1.000000
79787 -32.610670 -76.694213 -11.756518 1.000000
79788 -33.220597 -76.354094 -12.148443 1.000000
79789 -34.872521 -74.753068 -14.002685 1.000000
79790 -34.255505 -74.907117 -13.656138 1.000000
79791 -34.782860 -74.362203 -14.393923 1.000000
79792 -34.686126 -73.936410 -14.732336 1.000000
79793 -35.429358 -73.855646 -15.112818 1.000000
79794 -37.386615 -74.359082 -15.668113 1.000000
79795 -36.780916 -74.472882 -15.238640 1.000000
79796 -37.506774 -73.962785 -15.950903 1.000000
79797 -38.542293 -72.114453 -16.638884 1.000000
79798 -37.665844 -72.927199 -16.293472 1.000000
79799 -37.760809 -72.297744 -16.437527 1.000000
79800 -36.912315 -72.554357 -16.150493 1.000000
79801 -37.817504 -71.742505 -16.563587 1.000000
79802 -37.887253 -71.148194 -16.681457 1.000000
79803 -38.784768 -70.875414 -16.919361 1.000000
87857 -27.826916 -96.013680 -2.502932 1.000000
87858 -27.752643 -96.555158 -3.127636 1.000000
87859 -28.150827 -95.844842 -3.035130 1.000000
87860 -28.318271 -95.738374 -3.595073 1.000000
87861 -28.393146 -95.108055 -2.966731 1.000000
87865 -24.114460 -93.591809 0.405434 1.000000
87866 -23.967678 -94.257660 0.428514 1.000000
87867 -24.423869 -94.150059 0.091179 1.000000
87868 -24.763072 -94.720483 -0.126441 1.000000
87869 -24.965409 -94.043300 -0.202896 1.000000
87870 -24.946053 -90.746306 0.501941 1.000000
87871 -24.655957 -91.470055 0.476648 1.000000
87872 -25.238551 -91.392063 0.087381 1.000000
87873 -26.578812 -92.454545 -0.842800 1.000000
87874 -25.946269 -92.525803 -0.565549 1.000000
87875 -26.316486 -93.116626 -0.842929 1.000000
87876 -26.054611 -93.801156 -0.848877 1.000000
87877 -26.631204 -93.778402 -1.148094 1.000000
87878 -27.007306 -94.394267 -1.414435 1.000000
87879 -27.250996 -93.724474 -1.447524 1.000000
87880 -28.316891 -92.775740 -2.377398 1.000000
87881 -28.246723 -93.414299 -2.188212 1.000000
87882 -28.404318 -93.289346 -2.705478 1.000000
87883 -28.432434 -93.818255 -3.153362 1.000000
87884 -28.333394 -93.222991 -3.278100 1.000000
87885 -28.252780 -93.218885 -3.790979 1.000000
87886 -28.228717 -92.622422 -3.408797 1.000000
87887 -28.290680 -90.872571 -3.328168 1.000000
87888 -28.166372 -91.407716 -3.701566 1.000000
87889 -28.339524 -90.727866 -3.832330 1.000000
87890 -28.453976 -90.621717 -4.296680 1.000000
87891 -28.646814 -90.077154 -3.973855 1.000000
87892 -28.682770 -88.398047 -1.877256 1.000000
87893 -28.690927 -89.205511 -2.272310 1.000000
87894 -28.983179 -88.455118 -2.374968 1.000000
87895 -30.115748 -87.624572 -3.188006 1.000000
87896 -29.571369 -88.394754 -3.240420 1.000000
87897 -29.967906 -88.246889 -3.662029 1.000000
87898 -29.727779 -88.783398 -4.117991 1.000000
87899 -30.454524 -88.111259 -3.996637 1.000000
87900 -30.865394 -87.925427 -4.359466 1.000000
87901 -31.142410 -87.440558 -3.777220 1.000000
92767 -20.089962 -99.350497 -8.918469 1.000000
92768 -20.503499 -99.409558 -10.022131 1.000000
93847 -27.722295 -95.549382 -6.187062 1.000000
93848 -27.727101 -95.054425 -6.718757 1.000000
94617 -29.272314 -79.830915 -9.777025 1.000000
94618 -29.400727 -79.131909 -9.609762 1.000000
94619 -29.581241 -70.165262 -13.299652 1.000000
94620 -29.461835 -71.025595 -12.477263 1.000000
94621 -29.652989 -70.310384 -12.477422 1.000000
94622 -29.861942 -70.444308 -11.687982 1.000000
94623 -30.079380 -70.487477 -10.904684 1.000000
94624 -30.273380 -70.618436 -10.107921 1.000000
94625 -30.322276 -69.733337 -10.991771 1.000000
95413 -16.759932 -95.409684 -3.244895 1.000000
95414 -16.783398 -95.274150 -4.628268 1.000000
95424 -27.253412 -95.300905 -14.619329 1.000000
95425 -26.706548 -95.511980 -15.177485 1.000000
95426 -27.271535 -94.892807 -15.006002 1.000000
95442 -38.380697 -76.750778 -14.347880 1.000000
95443 -37.809677 -76.901451 -14.278878 1.000000
95444 -38.359109 -76.275177 -14.599124 1.000000
95445 -38.377114 -75.833179 -14.879758 1.000000
95446 -38.373452 -75.401977 -15.178050 1.000000
95447 -38.375389 -74.990541 -15.482190 1.000000
95448 -39.015375 -74.780084 -15.452845 1.000000
97063 -26.338840 -87.174237 0.937052 1.000000
97064 -26.880834 -87.148659 0.371854 1.000000
97065 -27.406650 -87.118477 -0.125646 1.000000
97066 -27.388638 -86.422086 0.317247 1.000000
97067 -27.952291 -85.696660 0.272453 1.000000
97068 -28.521992 -85.086741 0.216177 1.000000
98164 -28.473515 -91.712907 -4.969095 1.000000
98165 -28.707294 -91.837600 -5.396576 1.000000
98166 -28.927654 -91.080531 -5.551065 1.000000
98167 -29.660381 -90.411097 -6.088642 1.000000
98168 -30.512964 -89.836508 -6.434034 1.000000
98934 -33.279601 -74.349716 -14.086369 1.000000
98935 -32.613568 -74.526168 -13.759764 1.000000
98936 -33.135355 -73.762253 -14.446963 1.000000
98937 -33.037387 -73.131658 -14.716769 1.000000
98938 -32.963764 -72.481155 -14.887648 1.000000
98942 -33.815309 -68.718217 -15.162150 1.000000
98943 -32.943368 -69.027334 -15.122174 1.000000
98944 -32.122504 -69.231361 -15.050936 1.000000
98945 -33.029657 -68.253532 -15.103950 1.000000
99733 -16.771732 -98.709062 -7.301572 1.000000
99734 -17.094877 -98.441511 -8.554087 1.000000
99735 -18.180031 -99.076279 -11.546819 1.000000
99736 -17.629744 -98.928280 -11.362997 1.000000
99737 -17.923571 -98.967977 -12.384269 1.000000
99738 -17.653503 -98.793298 -13.102856 1.000000
99739 -17.374370 -98.631933 -13.656362 1.000000
99740 -17.046848 -98.504722 -14.073135 1.000000
99741 -17.619152 -98.640427 -14.336339 1.000000
102973 -23.920041 -97.893454 -8.463304 1.000000
102974 -23.896070 -97.326256 -9.021194 1.000000
102975 -25.906611 -95.806658 -9.114675 1.000000
102976 -25.272338 -96.004084 -9.505241 1.000000
102977 -26.003992 -95.832199 -10.000689 1.000000
102978 -26.165444 -95.901318 -10.835009 1.000000
102979 -26.377598 -95.996715 -11.617529 1.000000
102980 -26.712224 -96.001178 -12.381328 1.000000
102981 -27.259894 -95.681936 -11.934433 1.000000
102984 -29.608769 -92.230424 -7.297769 1.000000
102985 -29.248739 -92.883714 -7.411584 1.000000
102986 -29.863492 -92.299916 -7.728189 1.000000
105279 -22.787461 -85.035972 -10.569682 1.000000
105280 -22.434779 -85.119508 -9.987778 1.000000
105281 -22.752814 -84.586136 -10.586943 1.000000
105293 -29.609330 -75.614758 -11.950618 1.000000
105294 -29.578589 -76.397203 -10.907845 1.000000
105295 -29.235926 -75.877719 -11.215243 1.000000
105296 -29.056940 -76.078773 -10.571009 1.000000
105297 -28.897848 -76.251164 -9.960804 1.000000
105298 -28.951777 -74.348211 -9.196427 1.000000
105299 -28.768947 -75.087994 -9.075315 1.000000
105300 -28.628102 -75.145580 -8.363847 1.000000
105301 -28.229812 -75.999811 -7.588076 1.000000
105302 -27.726810 -76.713227 -6.913370 1.000000
105303 -27.096767 -77.487051 -6.457485 1.000000
105304 -27.376113 -76.667190 -6.404770 1.000000
107682 -16.674668 -96.762963 -8.594709 1.000000
107683 -16.592557 -96.323751 -8.097140 1.000000
107684 -16.165752 -96.651576 -9.171648 1.000000
107707 -17.328145 -92.060775 -8.685675 1.000000
107708 -18.373622 -91.419689 -8.621250 1.000000
107709 -22.422740 -98.337136 -11.764904 1.000000
107710 -22.075199 -98.790392 -11.886632 1.000000
107711 -22.399364 -98.496601 -12.765608 1.000000
107712 -22.399412 -98.584436 -13.686971 1.000000
107713 -22.351343 -98.544389 -14.523504 1.000000
107741 -23.565736 -88.486224 -13.160833 1.000000
107742 -23.266146 -89.021929 -12.389417 1.000000
107743 -23.152513 -88.607088 -12.543269 1.000000
107744 -22.636728 -88.832036 -11.947454 1.000000
107745 -22.168301 -88.964678 -11.247490 1.000000
107746 -21.665106 -89.145370 -10.619489 1.000000
107747 -22.250798 -88.440962 -11.197970 1.000000
107748 -22.433706 -87.932356 -11.060217 1.000000
107749 -22.607792 -87.378815 -10.878484 1.000000
107750 -22.708436 -86.859331 -10.656260 1.000000
107751 -22.974262 -86.617053 -11.515466 1.000000
107775 -33.818129 -77.077471 -11.974104 1.000000
107776 -33.865731 -76.485768 -12.231218 1.000000
107777 -33.854492 -76.008461 -12.533575 1.000000
107778 -34.464665 -75.753465 -12.934300 1.000000
107779 -34.996498 -75.117163 -13.607872 1.000000
107780 -35.533015 -74.660428 -14.369764 1.000000
107781 -38.868979 -73.220402 -16.550208 1.000000
107782 -38.297601 -73.272429 -16.429447 1.000000
107783 -39.104827 -72.552405 -16.702518 1.000000
107784 -39.307721 -71.935304 -16.874969 1.000000
107785 -39.493922 -71.346559 -17.066767 1.000000
107786 -39.645210 -70.715711 -17.140675 1.000000
112619 -27.351212 -96.175186 -2.017336 1.000000
112620 -27.727606 -95.472693 -1.991618 1.000000
112624 -23.876904 -92.979923 0.796686 1.000000
112625 -24.301976 -92.871703 0.419097 1.000000
112626 -26.202245 -90.717122 -0.322745 1.000000
112627 -25.854727 -91.303766 -0.296915 1.000000
112628 -26.520422 -91.247819 -0.588054 1.000000
112629 -26.840033 -91.799371 -0.859534 1.000000
112630 -27.180273 -92.403986 -1.160286 1.000000
112631 -27.491521 -93.062118 -1.503225 1.000000
112632 -27.738618 -92.376970 -1.562433 1.000000
112633 -28.138591 -92.265733 -2.051818 1.000000
112634 -28.320380 -92.172071 -2.617760 1.000000
112635 -28.240882 -92.088886 -3.065477 1.000000
112636 -28.300259 -91.586709 -2.698248 1.000000
112637 -28.356247 -90.973102 -2.834387 1.000000
112638 -28.507069 -90.371720 -2.950947 1.000000
112639 -29.285889 -86.866379 -2.002031 1.000000
112640 -29.313177 -87.668277 -2.419418 1.000000
112641 -29.723398 -86.876020 -2.375829 1.000000
112642 -30.197673 -86.944535 -2.742043 1.000000
112643 -30.711722 -86.883657 -3.041781 1.000000
112644 -31.284820 -86.766697 -3.260934 1.000000
112645 -31.397969 -86.184554 -2.760569 1.000000
115390 -30.430181 -88.649675 -5.326682 1.000000
115391 -30.633999 -88.767074 -5.718326 1.000000
115392 -31.395476 -88.156551 -5.567523 1.000000
115989 -36.151771 -71.535386 -16.090287 1.000000
115990 -35.352733 -71.531639 -15.785601 1.000000
115991 -36.205873 -70.780613 -16.131474 1.000000
116611 -17.747378 -99.279374 -8.662517 1.000000
116612 -18.064037 -99.154040 -9.684904 1.000000
116614 -18.612659 -99.196248 -9.844630 1.000000
116615 -18.407762 -99.159725 -10.757344 1.000000
116616 -18.763553 -99.231385 -11.798900 1.000000
116617 -19.110642 -99.299468 -12.807897 1.000000
116618 -19.376840 -99.291034 -13.747070 1.000000
119131 -26.015325 -96.988820 -7.182729 1.000000
119132 -25.954828 -96.416049 -7.686707 1.000000
119134 -26.464572 -96.160941 -7.384880 1.000000
119135 -26.057856 -95.946975 -8.202419 1.000000
119136 -26.517529 -95.583387 -8.755365 1.000000
119137 -27.149500 -95.294699 -9.214471 1.000000
119138 -27.802698 -94.830371 -9.573802 1.000000
120935 -29.359844 -72.993815 -12.936740 1.000000
120936 -29.180795 -73.917538 -12.006937 1.000000
120937 -29.179372 -73.202245 -12.240552 1.000000
120938 -29.142013 -73.325723 -11.470660 1.000000
120939 -29.158024 -73.442325 -10.700040 1.000000
120940 -29.435847 -71.882464 -11.596772 1.000000
120941 -29.328063 -72.698817 -10.819109 1.000000
120942 -29.163251 -73.555090 -9.914375 1.000000
120943 -29.155437 -73.608786 -9.212033 1.000000
120944 -29.174540 -73.590770 -8.466784 1.000000
120945 -29.102383 -73.643409 -7.751462 1.000000
120946 -28.954141 -73.697217 -7.054361 1.000000
120947 -29.420262 -72.940648 -7.762833 1.000000
120950 -30.310497 -70.646711 -9.393933 1.000000
122814 -24.363058 -96.978858 -14.152812 1.000000
122815 -23.837868 -97.292706 -14.577907 1.000000
122816 -24.462624 -96.857443 -14.856257 1.000000
122819 -26.076773 -95.563002 -15.688784 1.000000
122837 -24.497289 -89.179702 -12.933521 1.000000
122838 -24.411999 -88.832386 -13.184677 1.000000
122839 -24.296604 -88.555269 -13.433455 1.000000
122841 -24.673125 -88.088758 -14.127504 1.000000
122842 -24.117131 -88.280104 -13.702240 1.000000
122843 -23.934204 -87.827437 -13.796467 1.000000
122844 -23.793925 -87.265216 -13.805185 1.000000
122845 -23.678722 -86.657152 -13.766020 1.000000
122846 -23.543356 -86.156026 -13.565381 1.000000
122847 -23.920313 -86.057670 -14.215815 1.000000
122861 -37.205115 -76.954842 -14.042105 1.000000
122862 -36.632586 -76.997153 -13.790884 1.000000
122864 -36.047034 -76.541334 -13.479134 1.000000
122865 -36.025159 -76.010406 -13.651369 1.000000
122866 -36.057442 -75.590231 -13.854808 1.000000
122867 -36.116350 -75.237222 -14.095866 1.000000
122868 -36.706753 -75.158186 -14.590550 1.000000
122869 -37.297085 -74.695513 -15.300929 1.000000
122870 -37.955102 -74.299388 -15.909869 1.000000
122871 -38.438372 -74.577399 -15.786594 1.000000
122872 -38.536876 -74.141555 -16.111540 1.000000
122873 -38.672309 -73.693328 -16.385794 1.000000
122874 -39.533429 -72.929434 -16.606303 1.000000
126637 -24.776554 -90.078995 0.991207 1.000000
126638 -25.263157 -90.040967 0.568167 1.000000
126640 -25.662018 -89.317039 0.581970 1.000000
126641 -25.840908 -90.030596 0.152974 1.000000
126642 -26.555736 -90.031326 -0.305366 1.000000
126643 -27.140591 -89.978285 -0.695052 1.000000
126644 -27.666800 -89.879617 -1.129331 1.000000
126645 -28.144490 -89.844786 -1.590095 1.000000
126646 -27.991565 -89.194894 -1.229743 1.000000
126647 -28.271860 -88.437192 -1.402635 1.000000
126648 -28.556300 -87.701365 -1.531398 1.000000
126649 -27.928870 -87.066248 -0.613975 1.000000
126650 -28.438374 -86.982802 -1.124108 1.000000
126651 -28.894983 -86.917289 -1.603185 1.000000
126652 -29.288525 -86.147718 -1.643518 1.000000
126653 -29.806726 -85.545585 -1.503813 1.000000
126654 -30.498181 -84.972069 -1.235938 1.000000
129154 -28.355256 -94.374843 -4.658631 1.000000
129155 -28.301846 -94.524667 -5.228866 1.000000
129156 -28.390508 -93.991764 -5.167149 1.000000
129157 -28.533215 -93.425840 -5.787627 1.000000
129158 -28.856533 -92.819080 -6.390752 1.000000
129159 -28.929997 -91.961950 -5.880446 1.000000
129160 -29.150235 -92.068255 -6.403211 1.000000
129161 -29.376963 -92.159867 -6.871701 1.000000
129162 -30.097209 -91.520280 -7.204115 1.000000
129165 -30.878033 -88.950291 -6.071759 1.000000
129166 -31.160733 -89.140043 -6.398271 1.000000
129167 -31.478316 -89.332074 -6.693710 1.000000
129169 -32.612190 -89.033797 -6.900624 1.000000
129170 -31.831514 -89.605309 -6.969149 1.000000
129171 -32.250848 -89.870602 -7.245695 1.000000
130779 -31.357616 -77.508889 -11.024904 1.000000
130780 -30.832520 -77.811144 -10.687475 1.000000
130781 -31.226574 -76.881848 -11.352308 1.000000
130782 -30.962102 -76.285243 -11.741751 1.000000
130783 -30.606095 -75.766772 -12.191563 1.000000
130784 -31.906448 -74.715376 -13.448957 1.000000
130785 -31.062825 -74.937440 -13.089905 1.000000
130786 -30.240910 -75.280920 -12.589918 1.000000
130787 -29.929515 -74.788548 -12.947264 1.000000
130788 -29.809216 -74.153766 -13.181183 1.000000
130789 -29.781656 -73.454544 -13.377357 1.000000
130790 -34.542188 -71.538322 -15.497156 1.000000
130791 -33.755995 -71.640790 -15.215723 1.000000
130792 -32.927848 -71.816482 -14.973142 1.000000
130794 -32.951400 -71.113236 -15.052241 1.000000
130795 -32.101098 -71.954735 -14.791708 1.000000
130796 -31.279277 -72.239354 -14.516615 1.000000
130797 -30.455820 -72.436079 -14.181030 1.000000
130798 -29.759709 -72.750099 -13.592148 1.000000
130799 -29.766439 -72.116382 -13.794495 1.000000
130800 -29.690197 -71.411088 -13.987326 1.000000
130801 -29.739035 -70.712112 -14.036554 1.000000
130802 -31.266849 -69.423936 -14.930893 1.000000
130803 -30.466681 -69.701023 -14.579262 1.000000
130804 -29.874783 -70.013635 -14.019378 1.000000
130805 -30.021220 -69.237679 -14.005137 1.000000
132463 -16.818691 -97.113587 -5.222364 1.000000
132464 -16.994465 -97.022027 -6.583845 1.000000
132466 -17.008664 -97.447008 -7.093231 1.000000
132467 -17.014248 -97.018078 -7.903309 1.000000
132468 -16.707340 -97.229227 -9.081992 1.000000
132472 -17.139118 -98.694548 -9.001444 1.000000
132473 -17.093845 -98.458156 -9.740231 1.000000
132474 -17.236661 -98.747425 -11.095800 1.000000
132475 -17.007574 -98.527595 -10.755229 1.000000
132476 -16.906800 -98.289594 -10.423407 1.000000
132477 -16.631039 -98.126508 -11.042375 1.000000
132483 -16.664481 -98.292120 -14.341764 1.000000
132538 -37.259422 -78.609496 -13.831846 1.000000
132539 -37.875086 -77.867940 -13.958197 1.000000
132541 -38.434170 -77.639036 -13.943736 1.000000
132542 -38.402993 -77.202924 -14.124823 1.000000
132543 -38.847573 -76.520093 -14.216337 1.000000
139249 -22.318561 -99.181905 -9.094656 1.000000
139250 -22.497868 -98.779067 -9.951418 1.000000
139252 -22.878811 -98.428153 -9.788133 1.000000
139253 -22.617055 -98.324381 -10.761335 1.000000
139254 -22.749938 -97.897157 -11.563201 1.000000
139255 -23.103535 -97.620957 -12.317483 1.000000
139256 -23.590231 -97.358994 -12.987739 1.000000
139258 -24.364615 -96.992195 -8.647988 1.000000
139259 -23.984477 -96.798725 -9.596903 1.000000
139260 -24.754638 -96.134596 -9.890871 1.000000
139261 -24.301885 -96.413814 -10.219570 1.000000
139262 -23.848370 -96.780628 -10.633471 1.000000
139263 -23.860624 -96.851043 -11.661556 1.000000
139264 -24.003457 -96.987084 -12.661208 1.000000
139265 -24.208050 -97.020641 -13.431137 1.000000
139266 -24.982547 -96.756309 -13.769071 1.000000
139267 -25.792835 -96.430428 -14.012431 1.000000
139268 -26.559956 -96.044429 -14.135265 1.000000
139269 -26.976340 -95.929489 -13.051745 1.000000
139270 -27.157547 -95.799170 -13.661629 1.000000
139271 -27.212001 -95.617235 -14.208384 1.000000
139272 -27.853306 -94.980247 -14.092270 1.000000
139275 -28.199978 -94.578087 -5.850696 1.000000
139276 -28.139079 -94.602391 -6.473870 1.000000
139277 -28.026987 -94.544418 -7.183348 1.000000
139278 -28.889781 -93.441866 -7.533836 1.000000
139279 -28.465921 -93.961410 -7.682106 1.000000
139280 -28.004095 -94.450891 -7.890327 1.000000
139281 -28.158819 -94.328173 -8.545797 1.000000
139282 -28.249618 -94.308227 -9.209669 1.000000
139283 -28.400427 -94.285749 -9.851630 1.000000
139291 -29.058259 -93.708582 -10.051358 1.000000
139292 -28.620875 -94.256192 -10.481635 1.000000
139293 -28.879536 -94.255619 -11.058972 1.000000
143949 -20.720067 -87.478384 -7.971059 1.000000
143950 -19.975496 -87.390594 -7.615909 1.000000
143951 -20.776022 -86.888656 -8.065347 1.000000
143954 -21.947917 -85.230298 -9.503770 1.000000
143978 -30.327816 -78.065351 -10.297261 1.000000
143979 -29.895075 -78.283958 -9.908929 1.000000
143980 -29.453333 -78.510277 -9.544768 1.000000
143981 -29.477386 -77.110082 -10.116314 1.000000
143982 -29.351050 -77.943668 -9.548998 1.000000
143983 -29.077992 -78.771591 -9.119553 1.000000
143984 -28.768759 -78.970030 -8.718426 1.000000
143987 -28.954752 -74.833967 -11.072782 1.000000
143988 -28.794210 -75.686269 -10.193430 1.000000
143989 -28.737951 -76.481946 -9.338508 1.000000
143990 -28.650815 -75.890489 -8.901210 1.000000
143991 -28.648758 -76.613419 -8.687130 1.000000
143992 -28.681653 -77.267535 -8.529686 1.000000
143993 -28.447840 -78.080758 -7.896462 1.000000
143999 -26.459804 -78.015387 -6.117104 1.000000
144014 -28.719360 -73.552527 -6.403767 1.000000
148792 -16.917674 -95.680192 -5.122104 1.000000
148793 -16.618626 -95.360875 -5.972712 1.000000
148794 -16.414464 -95.928654 -7.723595 1.000000
148795 -16.327361 -95.566735 -7.280402 1.000000
148796 -16.093094 -95.204175 -6.710151 1.000000
148797 -15.323789 -95.229410 -7.316747 1.000000
148843 -18.637162 -89.379020 -7.238691 1.000000
148844 -19.636406 -88.717237 -7.480582 1.000000
148846 -21.055859 -99.407077 -10.037549 1.000000
148847 -20.811595 -99.471293 -11.123907 1.000000
148848 -21.676783 -99.073015 -12.009107 1.000000
148849 -21.133859 -99.308372 -12.093025 1.000000
148850 -20.551251 -99.439003 -12.142428 1.000000
148851 -20.271327 -99.404164 -13.060112 1.000000
148852 -19.985357 -99.353731 -13.880665 1.000000
148853 -19.703655 -99.220090 -14.571306 1.000000
148854 -23.320042 -97.701535 -14.898462 1.000000
148855 -22.805080 -98.032311 -15.150983 1.000000
148856 -22.205371 -98.351359 -15.218610 1.000000
148858 -22.012735 -98.097265 -15.759684 1.000000
148859 -21.535812 -98.587081 -15.196913 1.000000
148860 -20.833632 -98.777637 -15.200325 1.000000
148861 -20.114306 -98.969504 -15.184233 1.000000
148862 -19.435568 -99.013656 -15.072772 1.000000
148863 -19.171048 -98.720931 -15.451327 1.000000
148911 -22.753356 -89.713879 -11.721605 1.000000
148912 -22.139296 -90.612940 -11.158482 1.000000
148918 -19.162353 -91.279373 -9.030120 1.000000
148919 -19.471310 -90.521529 -8.833107 1.000000
148920 -21.093590 -89.415096 -9.925307 1.000000
148921 -20.499624 -89.584090 -9.218275 1.000000
148922 -19.833332 -89.810938 -8.578578 1.000000
148923 -20.151941 -89.172021 -8.260604 1.000000
148924 -20.420814 -88.533953 -8.002864 1.000000
148925 -20.605113 -88.001817 -7.947523 1.000000
148926 -21.379054 -87.422796 -8.501877 1.000000
148927 -22.046238 -86.826369 -9.061472 1.000000
148928 -22.532342 -86.171836 -9.762018 1.000000
148929 -22.796823 -86.363405 -10.538133 1.000000
148930 -22.850597 -85.926928 -10.488325 1.000000
148931 -22.871003 -85.484974 -10.473165 1.000000
148932 -23.012007 -84.909625 -11.146414 1.000000
148935 -23.483006 -85.656606 -13.428149 1.000000
148951 -30.111797 -80.131814 -10.445204 1.000000
148952 -30.732295 -79.113893 -10.593908 1.000000
148978 -31.385578 -78.699902 -10.762419 1.000000
148979 -31.434033 -78.027278 -10.795698 1.000000
148980 -31.978585 -77.063352 -11.405276 1.000000
148981 -32.538522 -76.198556 -12.129635 1.000000
148982 -33.028278 -75.454369 -12.924212 1.000000
148983 -33.728600 -75.599439 -12.895558 1.000000
148984 -33.588316 -75.184390 -13.297071 1.000000
148985 -33.438735 -74.756190 -13.721108 1.000000
148986 -33.933755 -74.152663 -14.389288 1.000000
148987 -34.579016 -73.486403 -15.024084 1.000000
148988 -35.362951 -72.715417 -15.544327 1.000000
148989 -36.126915 -74.856184 -14.481336 1.000000
148990 -36.160544 -74.517988 -14.814883 1.000000
148991 -36.190528 -74.140243 -15.142843 1.000000
148992 -37.594229 -73.478833 -16.148265 1.000000
148993 -36.849491 -73.579259 -15.811130 1.000000
148994 -36.162864 -73.683523 -15.438449 1.000000
148995 -36.115762 -73.197708 -15.673459 1.000000
148996 -36.066268 -72.697736 -15.867414 1.000000
148997 -36.047228 -72.175451 -16.007200 1.000000
148998 -37.004046 -71.333386 -16.419925 1.000000
149001 -39.806906 -70.011646 -17.226674 1.000000
157983 -28.819066 -84.537551 0.581048 1.000000
157984 -29.308746 -84.534772 0.150609 1.000000
157986 -30.155187 -83.998576 0.293657 1.000000
157987 -29.811230 -84.493965 -0.218912 1.000000
157988 -30.344855 -84.488437 -0.496930 1.000000
157989 -30.893408 -84.462926 -0.777680 1.000000
157990 -31.390853 -84.523544 -0.926973 1.000000
157998 -32.293670 -84.237441 -0.538948 1.000000
157999 -31.925589 -84.630392 -1.050012 1.000000
158000 -32.538854 -84.747829 -1.186309 1.000000
158684 -28.326374 -95.623478 -4.249669 1.000000
158685 -28.448993 -94.939038 -4.123995 1.000000
158696 -24.484033 -92.174634 0.446593 1.000000
158697 -24.769675 -92.744693 0.032060 1.000000
158698 -25.591670 -91.991931 -0.256997 1.000000
158699 -25.345908 -92.641257 -0.261370 1.000000
158700 -25.136610 -93.310975 -0.251517 1.000000
158701 -25.512736 -93.915284 -0.521824 1.000000
158705 -27.397141 -94.936386 -1.670997 1.000000
158706 -28.031122 -94.757482 -2.000559 1.000000
158707 -27.883906 -93.584917 -1.720790 1.000000
158708 -28.140310 -94.066575 -2.065730 1.000000
158709 -28.333247 -94.568543 -2.480175 1.000000
158710 -28.491687 -94.418265 -3.046921 1.000000
158711 -28.474865 -94.378039 -3.601030 1.000000
158712 -28.379451 -94.415255 -4.141684 1.000000
158713 -28.320171 -93.840100 -4.186119 1.000000
158714 -28.277026 -93.207739 -4.268663 1.000000
158715 -28.232295 -92.569396 -4.383627 1.000000
158716 -28.150726 -92.052840 -3.558452 1.000000
158717 -28.179972 -92.007309 -4.037114 1.000000
158718 -28.271886 -91.922194 -4.523270 1.000000
158719 -28.413380 -91.213435 -4.630210 1.000000
158720 -28.705601 -90.463780 -4.748172 1.000000
158721 -29.204562 -89.653894 -4.925656 1.000000
158722 -28.484944 -89.854494 -2.098853 1.000000
158723 -28.627751 -89.847565 -2.578597 1.000000
158724 -28.714748 -89.777723 -3.052087 1.000000
158725 -29.250531 -88.443682 -2.827786 1.000000
158726 -29.069278 -89.133814 -3.192798 1.000000
158727 -28.904187 -89.653611 -3.595271 1.000000
158728 -29.089198 -89.451812 -4.146945 1.000000
158729 -29.403118 -89.205310 -4.579226 1.000000
158730 -29.835241 -88.951603 -4.978625 1.000000
158731 -30.613484 -88.301890 -4.860557 1.000000
158734 -31.773724 -86.727463 -3.464994 1.000000
162709 -19.230852 -87.250777 -7.574541 1.000000
