#
1554
40 34.319907 -73.450729 -11.987600 1.000000
86 35.045058 -82.676627 0.648900 1.000000
87 44.039622 -76.068029 -7.929858 1.000000
155 30.583920 -62.247459 -9.315440 1.000000
349 41.776717 -75.818956 -14.123823 1.000000
445 39.189987 -87.057903 -13.050345 1.000000
829 36.938932 -75.228870 -13.704128 1.000000
830 43.268777 -69.573902 -15.107738 1.000000
831 39.084200 -68.813719 -13.939587 1.000000
833 35.718836 -67.768969 -13.981842 1.000000
978 39.374165 -85.388213 0.305790 1.000000
1384 28.367853 -64.364992 -4.302303 1.000000
1386 27.265884 -69.748215 -4.951848 1.000000
1406 42.105183 -69.228761 -5.446528 1.000000
1769 32.409634 -57.332419 -8.535231 1.000000
1779 44.690832 -76.197416 -11.922447 1.000000
1780 45.041069 -69.552101 -8.449551 1.000000
1781 46.699502 -68.978868 -12.883417 1.000000
1996 40.605482 -84.785625 -8.082036 1.000000
1997 43.914780 -81.606187 -11.256920 1.000000
1998 40.618196 -81.295237 -12.954709 1.000000
1999 35.695344 -80.220930 -12.130476 1.000000
2000 32.899536 -79.130046 -9.985899 1.000000
2499 31.480610 -72.304673 -13.056315 1.000000
2500 32.747764 -65.770581 -14.999342 1.000000
2749 35.741504 -74.511304 -12.712474 1.000000
2750 38.304608 -71.828224 -13.658239 1.000000
2751 36.706071 -70.846349 -12.675069 1.000000
2752 37.295435 -68.246163 -13.755306 1.000000
2753 34.883149 -70.586130 -12.563251 1.000000
2896 37.802745 -81.742249 2.080441 1.000000
2897 39.799120 -83.061144 2.148030 1.000000
2898 37.200022 -83.937421 0.332869 1.000000
3304 30.392865 -63.881710 -6.146277 1.000000
3305 27.615972 -67.392685 -4.259098 1.000000
3306 29.540563 -66.275410 -6.563965 1.000000
3307 29.165460 -68.193793 -7.082551 1.000000
3324 42.362861 -76.228589 -5.989737 1.000000
3326 42.734642 -72.925493 -6.581699 1.000000
3907 31.628571 -58.191687 -5.859565 1.000000
3924 43.580316 -75.907581 -13.535298 1.000000
3925 46.000287 -72.823092 -12.587109 1.000000
3926 44.831932 -72.668761 -14.630293 1.000000
4378 37.523210 -86.904503 -9.101860 1.000000
4379 40.287863 -86.328432 -10.676832 1.000000
4380 42.511832 -83.544657 -9.924607 1.000000
4381 41.776311 -84.498078 -12.350237 1.000000
4382 42.531487 -81.829913 -12.803447 1.000000
4383 39.797585 -84.495395 -13.459967 1.000000
4385 34.412991 -83.188459 -13.348274 1.000000
4386 32.083716 -82.454249 -12.749827 1.000000
4387 33.894606 -79.759635 -11.350309 1.000000
4388 30.940190 -82.017884 -11.219274 1.000000
5657 45.951974 -66.375911 -9.092782 1.000000
5658 44.966031 -66.322446 -7.392694 1.000000
6099 39.309058 -75.801499 -14.371290 1.000000
6100 42.768698 -72.614267 -15.426703 1.000000
6102 41.165397 -69.480702 -14.521034 1.000000
6105 39.797794 -66.058919 -14.759290 1.000000
6106 38.413368 -65.867998 -15.875245 1.000000
6107 36.977764 -65.161593 -16.130550 1.000000
6368 41.127738 -85.323222 -1.297287 1.000000
7104 27.206741 -71.546964 -5.662512 1.000000
7105 29.030560 -70.068859 -7.962897 1.000000
7137 41.082364 -68.723194 -3.558714 1.000000
7391 34.569595 -85.147478 -0.629280 1.000000
7966 31.006051 -61.079994 -5.936921 1.000000
7967 31.431418 -59.966207 -8.875728 1.000000
7989 44.899974 -76.225169 -9.983904 1.000000
7990 44.160873 -73.076226 -8.256981 1.000000
7991 45.223285 -72.884217 -10.357643 1.000000
7992 46.213806 -69.382429 -10.480052 1.000000
8564 43.829095 -78.404807 -7.262164 1.000000
8565 36.831852 -86.613856 -1.040670 1.000000
8571 42.695809 -82.494967 -7.339690 1.000000
8572 44.180796 -80.732547 -8.885548 1.000000
8573 44.786949 -78.548953 -9.738622 1.000000
8574 44.657417 -79.045221 -11.585892 1.000000
8575 43.198388 -78.647420 -12.726352 1.000000
8576 41.215751 -78.333400 -13.012354 1.000000
8577 37.131537 -83.935469 -13.317340 1.000000
8578 38.050376 -80.716833 -12.421179 1.000000
8579 38.722131 -77.808268 -13.009819 1.000000
8580 36.508217 -77.426381 -12.502832 1.000000
8581 34.945831 -76.906070 -11.815382 1.000000
8582 33.751238 -76.049946 -10.941677 1.000000
9657 35.275392 -80.524124 2.452352 1.000000
10025 31.859744 -78.536563 -8.798594 1.000000
10026 32.591112 -75.656943 -10.366252 1.000000
10052 31.557757 -74.912906 -10.640299 1.000000
10053 32.987989 -72.858997 -12.394140 1.000000
10054 33.459604 -70.061199 -13.634966 1.000000
10055 34.312066 -66.764563 -14.764566 1.000000
10056 35.738103 -63.344732 -15.891764 1.000000
10058 34.102242 -61.847474 -15.261467 1.000000
10117 43.769158 -69.394216 -6.940614 1.000000
10118 43.550760 -66.032983 -6.061986 1.000000
10429 35.137855 -73.877759 -12.213456 1.000000
10430 36.304042 -72.677113 -12.625944 1.000000
10431 35.511136 -72.126992 -12.297751 1.000000
10432 35.828400 -70.544943 -12.479715 1.000000
10433 34.625959 -72.037511 -12.184071 1.000000
10576 36.408514 -82.186408 1.261206 1.000000
10577 37.371378 -82.835287 1.155120 1.000000
10578 36.145333 -83.238594 0.379734 1.000000
10984 30.750707 -63.197359 -7.698878 1.000000
10985 29.989352 -65.133877 -6.316669 1.000000
10986 30.287003 -64.394996 -7.852042 1.000000
10987 29.849689 -65.384872 -8.127834 1.000000
10990 30.033370 -61.428610 -10.540877 1.000000
11004 43.100767 -76.162890 -7.165731 1.000000
11005 42.540368 -74.612387 -6.401207 1.000000
11006 43.277252 -74.594855 -7.308315 1.000000
11604 42.816143 -75.772204 -13.907678 1.000000
11605 44.181328 -74.316360 -14.110687 1.000000
11606 43.379683 -74.214391 -14.599650 1.000000
12058 38.792126 -87.627061 -11.074604 1.000000
12059 39.957877 -86.935408 -11.926890 1.000000
12060 41.232016 -85.651413 -11.562475 1.000000
12061 40.608622 -85.931987 -12.731832 1.000000
12062 40.895324 -84.634021 -13.137581 1.000000
12063 39.553337 -85.884981 -13.483797 1.000000
12067 31.317286 -82.271948 -12.060634 1.000000
13337 45.821525 -64.844772 -9.218310 1.000000
13338 45.603819 -64.852618 -8.353865 1.000000
14004 38.059786 -75.649843 -14.058063 1.000000
14006 38.648769 -73.918596 -14.334383 1.000000
14007 38.772628 -70.257135 -13.564614 1.000000
14008 39.755531 -70.662640 -14.075533 1.000000
14009 40.108103 -69.199786 -14.216604 1.000000
14010 41.322608 -67.874402 -14.342430 1.000000
14013 39.443992 -67.518808 -14.507296 1.000000
14014 36.478862 -67.986280 -13.824389 1.000000
14015 37.732847 -67.005180 -14.875219 1.000000
14016 36.985245 -66.755041 -14.959873 1.000000
14017 37.727531 -65.560870 -16.047100 1.000000
14018 36.271524 -66.423401 -15.026114 1.000000
14449 39.483450 -84.193774 1.263975 1.000000
14450 40.793080 -83.594978 2.092276 1.000000
14451 40.548846 -84.707022 1.028588 1.000000
14453 40.361978 -85.814409 -0.335882 1.000000
15672 27.420664 -68.664260 -4.516770 1.000000
15678 27.231343 -70.636183 -5.315198 1.000000
15679 29.418860 -67.276016 -8.482554 1.000000
15680 29.083896 -69.199435 -7.401753 1.000000
15681 29.355071 -68.200968 -8.841540 1.000000
15734 41.522138 -69.144808 -4.537297 1.000000
15735 41.582122 -67.098849 -3.926516 1.000000
15736 42.160623 -67.411304 -4.898037 1.000000
17479 32.281972 -57.858452 -7.113735 1.000000
17480 31.344365 -59.615489 -5.901003 1.000000
17481 31.854946 -59.269328 -7.143053 1.000000
17482 31.441223 -60.679577 -7.308139 1.000000
17483 31.906787 -58.618266 -8.719335 1.000000
17485 32.195024 -56.706615 -9.818461 1.000000
17529 44.821981 -76.261118 -10.962750 1.000000
17530 44.854622 -74.623816 -10.225738 1.000000
17531 45.083161 -74.593917 -11.237525 1.000000
17532 46.608634 -70.894569 -12.783289 1.000000
17533 46.294168 -71.109973 -11.486883 1.000000
17534 46.579588 -69.241501 -11.582639 1.000000
17537 43.134738 -71.036696 -15.480304 1.000000
18877 43.215770 -78.245215 -6.132661 1.000000
18878 43.802764 -79.187259 -6.748678 1.000000
18880 35.783969 -85.953280 -0.792593 1.000000
18881 35.489030 -87.433577 -1.274060 1.000000
18890 39.176017 -85.869707 -8.557209 1.000000
18892 39.273698 -85.021436 -7.268483 1.000000
18894 40.672503 -84.037855 -6.854211 1.000000
18895 41.671410 -82.889877 -6.367883 1.000000
18896 41.747455 -83.736330 -7.776646 1.000000
18897 43.341022 -82.669236 -10.688849 1.000000
18898 43.589205 -82.238883 -9.417512 1.000000
18899 44.236939 -81.219137 -10.013986 1.000000
18900 44.531640 -79.646893 -9.340441 1.000000
18901 44.635046 -80.100842 -10.562913 1.000000
18902 44.877473 -78.848451 -10.797312 1.000000
18903 44.326793 -80.402635 -11.615572 1.000000
18904 41.537613 -81.594013 -12.957604 1.000000
18905 42.939112 -80.248870 -12.736975 1.000000
18906 41.962199 -79.983361 -12.868021 1.000000
18907 42.197920 -78.464106 -12.916300 1.000000
18908 40.934827 -79.736464 -12.855406 1.000000
18912 35.054386 -81.668906 -12.753339 1.000000
18913 36.215652 -82.078449 -12.804987 1.000000
18914 36.866028 -80.495775 -12.359003 1.000000
18915 38.459167 -79.121180 -12.505657 1.000000
18916 37.322942 -78.930661 -12.279847 1.000000
18917 37.550144 -77.651627 -12.822655 1.000000
18918 36.257330 -78.830339 -11.952681 1.000000
18919 33.296917 -79.504684 -10.631626 1.000000
18920 34.574334 -78.199752 -11.214713 1.000000
18921 33.972953 -77.883817 -10.812254 1.000000
18922 34.323420 -76.504737 -11.444055 1.000000
18923 33.449553 -77.433579 -10.321016 1.000000
22499 32.359961 -76.970786 -9.336526 1.000000
22500 31.665105 -76.673344 -9.058336 1.000000
22564 30.933788 -73.239282 -11.896752 1.000000
22565 31.056540 -74.568070 -10.665406 1.000000
22566 31.636592 -73.620453 -11.930185 1.000000
22567 32.184526 -73.947713 -11.819997 1.000000
22568 32.300092 -72.590105 -12.853915 1.000000
22569 33.246506 -71.529679 -13.054161 1.000000
22570 32.455709 -71.258895 -13.534467 1.000000
22571 32.189749 -67.580186 -14.859980 1.000000
22572 33.030666 -68.055786 -14.660628 1.000000
22573 33.484489 -66.420302 -14.913968 1.000000
22574 34.997400 -65.152392 -15.157575 1.000000
22575 34.194119 -64.406723 -15.141440 1.000000
22727 44.460304 -71.318209 -8.469721 1.000000
22728 43.860406 -71.200758 -7.578643 1.000000
22729 44.356134 -69.561377 -7.620476 1.000000
22730 44.895995 -64.603738 -6.808557 1.000000
22731 44.242065 -66.193409 -6.741717 1.000000
22733 43.930389 -64.238876 -5.497407 1.000000
23379 36.348231 -74.935973 -13.201975 1.000000
23380 37.683535 -73.494226 -13.861888 1.000000
23381 37.036568 -73.223785 -13.217204 1.000000
23382 37.529413 -71.451090 -13.093260 1.000000
23383 37.877403 -69.841996 -13.220332 1.000000
23384 38.168255 -68.539858 -13.835971 1.000000
23385 36.961127 -69.506615 -12.980764 1.000000
23386 36.107447 -69.301099 -12.963099 1.000000
23387 35.250839 -69.152437 -13.138163 1.000000
23644 39.442975 -81.212237 2.901928 1.000000
23645 40.395882 -81.874266 2.997680 1.000000
23646 38.801517 -82.379699 2.068338 1.000000
23647 38.458001 -83.499976 1.229339 1.000000
23648 38.322464 -84.619328 0.404812 1.000000
24378 29.587671 -64.171582 -5.046276 1.000000
24379 27.923452 -65.951213 -4.212582 1.000000
24380 29.141156 -65.595776 -5.091021 1.000000
24381 28.775640 -66.898674 -5.215295 1.000000
24382 28.568588 -68.076491 -5.533910 1.000000
24383 28.408412 -69.040917 -5.838842 1.000000
24384 29.238632 -67.329429 -6.795627 1.000000
24385 29.564930 -66.321179 -8.261221 1.000000
24416 41.899677 -74.689716 -5.090387 1.000000
24418 42.398967 -71.086623 -5.946089 1.000000
25463 30.631507 -58.305349 -5.041663 1.000000
25465 32.590318 -56.480065 -6.943102 1.000000
25466 32.885734 -56.043833 -8.323069 1.000000
25467 32.762233 -55.520579 -9.607306 1.000000
25494 44.388976 -76.053113 -12.770758 1.000000
25495 45.246914 -74.532345 -12.245869 1.000000
25496 44.929564 -74.432097 -13.256022 1.000000
25497 45.608152 -72.699621 -13.725467 1.000000
25498 46.112284 -71.052231 -13.986094 1.000000
25499 43.128815 -68.137698 -14.335210 1.000000
25500 43.952301 -68.085365 -14.342807 1.000000
26310 35.970353 -88.147692 -9.685914 1.000000
26312 39.014470 -86.735845 -9.844047 1.000000
26313 40.513664 -85.497439 -9.343567 1.000000
26314 41.593619 -84.294155 -9.051880 1.000000
26315 41.548602 -84.861428 -10.314551 1.000000
26316 42.291645 -84.153645 -11.259782 1.000000
26317 42.921141 -83.140686 -11.906218 1.000000
26318 43.326765 -81.855237 -12.218732 1.000000
26319 42.188421 -83.215363 -12.812258 1.000000
26320 41.193716 -83.128639 -13.161148 1.000000
26321 40.092427 -82.999647 -13.226802 1.000000
26325 33.090200 -82.822680 -13.148529 1.000000
26326 33.957675 -81.428379 -12.516823 1.000000
26327 34.748983 -80.026671 -11.829036 1.000000
26328 32.989282 -81.076346 -12.035233 1.000000
26329 32.403171 -80.914453 -11.168800 1.000000
26330 32.011248 -80.728777 -10.350982 1.000000
28613 45.704294 -67.918174 -8.669195 1.000000
28614 45.086160 -67.937180 -7.813121 1.000000
28615 45.595460 -66.332377 -8.119728 1.000000
29589 40.574428 -75.862661 -14.317007 1.000000
29590 42.207226 -74.243024 -14.827665 1.000000
29591 40.994696 -74.342206 -14.993947 1.000000
29592 41.579798 -72.630145 -15.337937 1.000000
29593 42.003974 -71.065128 -15.187318 1.000000
29594 39.245341 -72.216734 -14.210187 1.000000
29595 40.849432 -71.001559 -14.609144 1.000000
29596 42.264473 -69.603652 -14.908251 1.000000
29602 39.992001 -64.702652 -13.972468 1.000000
29603 39.945282 -64.573482 -14.871737 1.000000
29604 38.543943 -67.271501 -14.687617 1.000000
29605 39.118968 -66.016160 -15.406651 1.000000
30217 42.096313 -84.081277 -0.794208 1.000000
30229 37.381105 -88.020504 -13.196960 1.000000
30230 37.874211 -86.857453 -13.740021 1.000000
31933 25.883533 -72.908163 -5.720511 1.000000
31935 28.343158 -69.984898 -6.193422 1.000000
31936 28.349202 -70.947751 -6.607460 1.000000
32675 34.773208 -83.796889 -0.183061 1.000000
32677 33.205509 -85.950628 -0.565985 1.000000
34235 28.618529 -62.871985 -4.372621 1.000000
34237 30.109344 -61.256122 -4.987829 1.000000
34238 29.856574 -62.721714 -5.008137 1.000000
34239 30.726954 -62.509261 -6.077169 1.000000
34240 31.108312 -62.061667 -7.467886 1.000000
34241 31.036586 -61.143085 -9.144935 1.000000
34242 30.592624 -60.383156 -10.330730 1.000000
34243 31.051768 -59.227742 -10.086320 1.000000
34299 44.652101 -76.112278 -8.877410 1.000000
34300 44.033997 -74.571103 -8.054048 1.000000
34301 44.480909 -74.658789 -9.015785 1.000000
34302 44.635758 -73.040299 -9.257032 1.000000
34303 45.079276 -71.184903 -9.370572 1.000000
34304 45.711420 -72.821960 -11.489247 1.000000
34305 45.726921 -71.166351 -10.429987 1.000000
34306 45.675538 -69.457844 -9.437341 1.000000
34307 46.101891 -67.785896 -9.802548 1.000000
34308 46.139922 -66.251479 -9.966810 1.000000
34310 43.931298 -72.672553 -15.168892 1.000000
34311 45.223016 -71.034446 -14.825800 1.000000
34312 46.225980 -69.224037 -13.962219 1.000000
34315 46.189513 -67.308262 -12.834482 1.000000
35953 43.017000 -77.390358 -6.713504 1.000000
35954 43.832041 -77.367909 -7.729183 1.000000
35955 35.992883 -84.434055 -0.342766 1.000000
35956 37.076335 -85.191421 -0.360302 1.000000
35957 38.083203 -85.944839 -0.533443 1.000000
35959 37.728261 -87.268651 -1.583962 1.000000
35961 39.966714 -86.390272 -1.857714 1.000000
35962 40.332641 -85.334867 -2.550407 1.000000
35974 42.421151 -81.716172 -6.008194 1.000000
35976 42.657763 -83.053440 -8.627313 1.000000
35977 43.554302 -81.652381 -8.180608 1.000000
35979 44.189017 -79.369925 -8.052833 1.000000
35980 44.375915 -78.447692 -8.509835 1.000000
35981 44.602517 -77.329248 -8.846609 1.000000
35982 44.920117 -77.478699 -9.848246 1.000000
35983 44.871770 -77.634573 -10.800169 1.000000
35984 44.535581 -77.623069 -11.668418 1.000000
35985 43.777369 -80.411911 -12.346029 1.000000
35986 44.061944 -78.900293 -12.276250 1.000000
35987 44.058610 -77.454686 -12.406957 1.000000
35988 43.286387 -77.203169 -12.988872 1.000000
35989 42.375606 -77.095106 -13.268080 1.000000
35990 41.480172 -77.033848 -13.529520 1.000000
35991 38.192000 -85.660644 -13.793274 1.000000
35992 38.465708 -84.298313 -13.472835 1.000000
35993 38.927998 -82.772769 -13.083464 1.000000
35994 35.642326 -83.525367 -13.349490 1.000000
35995 37.541378 -82.344383 -12.909210 1.000000
35996 39.397702 -81.035875 -12.754641 1.000000
35997 39.695423 -79.405703 -12.670337 1.000000
35998 39.957535 -78.115955 -13.124110 1.000000
35999 40.236484 -76.955102 -13.747953 1.000000
36000 38.993731 -76.757871 -13.743002 1.000000
36001 37.713502 -76.709472 -13.568629 1.000000
36002 36.657713 -76.362811 -13.219009 1.000000
36003 35.391521 -78.500755 -11.652632 1.000000
36004 35.633974 -77.164359 -12.155882 1.000000
36005 35.891131 -76.084197 -12.769765 1.000000
36006 35.240289 -75.774536 -12.421169 1.000000
36007 34.706611 -75.233653 -11.988110 1.000000
36008 34.011547 -74.755073 -11.617646 1.000000
39205 38.117379 -80.687419 2.945382 1.000000
39206 36.553126 -81.172667 2.155606 1.000000
39207 35.053581 -81.697740 1.462228 1.000000
39234 33.448018 -82.279772 1.099080 1.000000
40306 28.984059 -82.921155 -11.202624 1.000000
40307 30.333038 -81.843615 -10.509943 1.000000
40308 31.465746 -80.494672 -9.762697 1.000000
40310 30.908534 -80.255702 -9.016557 1.000000
40311 32.379523 -78.849852 -9.375822 1.000000
40312 32.925457 -77.159047 -9.701644 1.000000
40313 33.133440 -75.817026 -10.574419 1.000000
40314 33.350997 -74.592121 -11.382587 1.000000
40391 30.816875 -75.931527 -9.379969 1.000000
40392 31.270713 -76.282039 -9.168340 1.000000
40393 32.043751 -75.237788 -10.375086 1.000000
40394 32.818474 -74.293256 -11.539299 1.000000
40395 33.618107 -73.209524 -12.063332 1.000000
40396 33.930015 -71.717791 -12.473165 1.000000
40397 34.197394 -70.285901 -12.994551 1.000000
40398 34.518730 -68.835042 -13.628291 1.000000
40399 32.649569 -69.709577 -14.161649 1.000000
40400 33.790819 -68.401717 -14.245239 1.000000
40401 34.976617 -67.280270 -14.297818 1.000000
40402 35.665184 -65.796532 -15.242782 1.000000
40403 36.432520 -64.294130 -16.169537 1.000000
40404 37.118170 -62.728904 -17.014077 1.000000
40407 32.016627 -65.160230 -14.866931 1.000000
40409 32.658089 -63.096769 -14.969783 1.000000
40410 33.373207 -63.820504 -15.045908 1.000000
40411 34.927335 -62.586911 -15.488238 1.000000
40412 36.396094 -61.684217 -16.580531 1.000000
40585 43.507811 -73.001929 -7.439307 1.000000
40586 43.187022 -71.043164 -6.815492 1.000000
40587 43.035798 -69.334887 -6.227035 1.000000
40588 44.375256 -67.921676 -7.086589 1.000000
40589 43.686338 -67.830548 -6.405626 1.000000
40590 42.809397 -67.646623 -5.704328 1.000000
40591 42.950187 -65.797538 -5.273421 1.000000
41149 34.720957 -73.673449 -12.063143 1.000000
41150 35.365276 -73.034227 -12.264565 1.000000
41151 34.903008 -72.853468 -12.147527 1.000000
41152 35.066996 -72.073132 -12.160688 1.000000
41153 34.474995 -72.767980 -12.090360 1.000000
41296 35.737507 -82.432717 0.927506 1.000000
41297 36.273092 -82.713574 0.841720 1.000000
41298 35.613079 -82.941607 0.484037 1.000000
41704 30.732213 -62.749319 -8.508909 1.000000
41705 30.521667 -63.798703 -7.730983 1.000000
41706 30.483363 -63.351557 -8.550996 1.000000
41707 30.252965 -63.852824 -8.686220 1.000000
41708 30.347500 -62.758870 -9.445545 1.000000
41709 30.149054 -62.410418 -10.018822 1.000000
41710 30.400040 -61.889883 -9.953084 1.000000
41724 43.488752 -76.116763 -7.575427 1.000000
41725 43.177184 -75.387597 -7.246480 1.000000
41726 43.594591 -75.338267 -7.592347 1.000000
42324 42.343315 -75.779304 -14.005480 1.000000
42325 43.096136 -75.012714 -14.230413 1.000000
42326 42.552631 -75.076371 -14.373421 1.000000
42777 38.794667 -87.603621 -12.696546 1.000000
42778 39.180417 -87.483741 -12.137898 1.000000
42779 39.638259 -87.045223 -12.554893 1.000000
42780 40.334661 -86.473152 -12.347659 1.000000
42781 39.969482 -86.531721 -12.910628 1.000000
42782 40.149990 -85.917786 -13.155751 1.000000
42783 39.400611 -86.501896 -13.306773 1.000000
44724 37.485950 -75.469658 -13.903783 1.000000
44725 38.306404 -74.837357 -14.216291 1.000000
44726 37.759669 -74.621156 -14.048223 1.000000
44727 38.942926 -69.525555 -13.689680 1.000000
44728 39.428163 -69.780238 -13.904559 1.000000
44729 39.606310 -69.032080 -14.045955 1.000000
44730 40.277299 -68.419717 -14.338651 1.000000
44731 39.793216 -68.254478 -14.230662 1.000000
44732 39.989799 -67.525908 -14.432955 1.000000
44733 39.248664 -68.193465 -14.225372 1.000000
44734 36.083072 -67.846850 -13.869921 1.000000
44735 36.711365 -67.374453 -14.385435 1.000000
44736 36.302857 -67.174822 -14.414119 1.000000
44737 36.625899 -66.597886 -14.968597 1.000000
44738 35.986926 -67.075796 -14.479505 1.000000
45169 39.416444 -84.766857 0.791932 1.000000
45170 40.012322 -84.486142 1.188132 1.000000
45171 39.953515 -85.061841 0.690028 1.000000
45172 40.488269 -85.314080 0.410717 1.000000
45173 39.861396 -85.682146 0.016635 1.000000
46389 27.662037 -64.450547 -4.057158 1.000000
46390 26.632786 -65.371066 -3.788624 1.000000
46391 27.434262 -65.266177 -3.969117 1.000000
46392 27.457524 -69.122627 -4.758800 1.000000
46393 26.741687 -69.471143 -4.396060 1.000000
46394 26.649680 -69.958374 -4.636767 1.000000
46395 25.897456 -70.691019 -4.687833 1.000000
46396 26.598321 -70.460305 -4.893495 1.000000
46397 26.586680 -70.784241 -5.109899 1.000000
46398 27.278943 -70.131861 -5.175722 1.000000
46452 41.862328 -70.138328 -5.308995 1.000000
46453 41.552965 -70.121542 -4.799089 1.000000
46454 41.768815 -69.240071 -5.022885 1.000000
46455 41.779749 -68.292268 -4.716979 1.000000
46456 42.118773 -68.373062 -5.168512 1.000000
48199 32.422800 -57.616148 -7.812725 1.000000
48200 32.070320 -58.550537 -7.158625 1.000000
48201 32.177374 -58.330782 -7.824984 1.000000
48202 31.936921 -59.004407 -7.892673 1.000000
48203 32.147087 -57.988759 -8.566923 1.000000
48204 32.024644 -57.666514 -9.227154 1.000000
48205 32.340493 -57.040576 -9.162390 1.000000
48249 44.754330 -76.227769 -11.466688 1.000000
48250 44.915065 -75.432241 -11.096581 1.000000
48251 44.933304 -75.417966 -11.626544 1.000000
48252 46.702292 -69.979355 -12.848037 1.000000
48253 46.689462 -70.104577 -12.206436 1.000000
48254 46.677377 -69.106378 -12.238290 1.000000
48255 46.589229 -68.363570 -11.667687 1.000000
48256 46.613824 -68.168022 -12.280815 1.000000
48257 43.200158 -70.270769 -15.324277 1.000000
48258 43.757301 -70.229292 -15.393598 1.000000
48259 43.780409 -69.446675 -15.141086 1.000000
49610 39.946463 -85.312307 -8.292963 1.000000
49611 39.247993 -85.418902 -7.911164 1.000000
49612 39.980467 -84.931374 -7.644222 1.000000
49613 40.091176 -84.543198 -7.084647 1.000000
49614 40.663719 -84.440932 -7.468462 1.000000
49615 41.191734 -83.999723 -7.302272 1.000000
49616 41.175384 -84.283479 -7.941714 1.000000
49617 43.662820 -82.154617 -10.989956 1.000000
49618 43.844737 -81.956930 -10.328153 1.000000
49619 44.066392 -81.463084 -10.598284 1.000000
49620 44.417694 -80.691203 -10.298181 1.000000
49621 44.238321 -80.948532 -10.864512 1.000000
49622 44.496294 -80.319010 -11.112261 1.000000
49623 44.105340 -81.055239 -11.449775 1.000000
49624 41.054312 -81.403174 -13.007535 1.000000
49625 41.749839 -80.744527 -12.899988 1.000000
49626 41.286156 -80.597714 -12.945033 1.000000
49627 41.469522 -79.841174 -12.888861 1.000000
49628 40.818978 -80.454655 -12.891931 1.000000
49632 35.411481 -80.926865 -12.382424 1.000000
49633 35.955101 -81.102535 -12.541570 1.000000
49634 36.228005 -80.358252 -12.263682 1.000000
49635 37.103340 -79.713099 -12.252903 1.000000
49636 36.520783 -79.632796 -12.102304 1.000000
49637 36.763832 -78.905962 -12.152105 1.000000
49638 35.983313 -79.527222 -11.980258 1.000000
49639 33.103511 -79.328842 -10.354280 1.000000
49640 33.694893 -78.705706 -10.566953 1.000000
49641 33.443943 -78.512378 -10.420809 1.000000
49642 33.690784 -77.741511 -10.602964 1.000000
49643 33.211615 -78.249365 -10.067998 1.000000
53284 31.166373 -72.710872 -12.583341 1.000000
53285 31.273052 -73.445410 -11.974903 1.000000
53286 31.601947 -73.003329 -12.462244 1.000000
53287 31.937249 -73.112018 -12.558783 1.000000
53288 31.963702 -72.473943 -12.988841 1.000000
53289 32.367919 -71.984082 -13.203448 1.000000
53290 31.966418 -71.854405 -13.368314 1.000000
53291 32.414269 -66.746078 -14.970082 1.000000
53292 32.901611 -67.008920 -14.943987 1.000000
53293 33.195797 -66.054121 -15.033290 1.000000
53294 33.833515 -65.397084 -15.036791 1.000000
53295 33.476837 -65.068804 -15.062437 1.000000
53447 44.753335 -70.379712 -8.436893 1.000000
53448 44.470094 -70.320420 -7.955835 1.000000
53449 44.726484 -69.565982 -7.979680 1.000000
54324 36.050756 -74.794263 -12.920187 1.000000
54325 36.658239 -74.076407 -13.285307 1.000000
54326 36.383331 -73.916666 -12.951803 1.000000
54327 36.532022 -71.714796 -12.608451 1.000000
54328 36.930956 -72.069265 -12.884848 1.000000
54329 37.116796 -71.154736 -12.849363 1.000000
54330 37.709821 -70.645250 -13.096377 1.000000
54331 37.294175 -70.322104 -12.908956 1.000000
54332 37.432391 -69.643885 -13.087055 1.000000
54333 36.815695 -70.172638 -12.793068 1.000000
54334 35.357032 -70.611924 -12.529695 1.000000
54335 35.946295 -69.934018 -12.669565 1.000000
54336 35.530157 -69.904096 -12.754061 1.000000
54337 35.709336 -69.239736 -13.016952 1.000000
54338 35.052437 -69.876418 -12.844061 1.000000
54766 38.589202 -81.472673 2.488334 1.000000
54767 39.069816 -81.784464 2.492821 1.000000
54768 38.292874 -82.045384 2.045069 1.000000
54769 37.270356 -83.366886 0.738322 1.000000
54770 37.908565 -83.157346 1.186039 1.000000
54771 37.822869 -83.697319 0.773632 1.000000
54772 38.358022 -84.072597 0.784107 1.000000
54773 37.803486 -84.247313 0.388292 1.000000
55989 30.037969 -64.052388 -5.549375 1.000000
55990 29.337911 -64.931400 -5.055065 1.000000
55991 29.832657 -64.733364 -5.596896 1.000000
55992 29.755611 -65.710410 -6.440923 1.000000
55993 29.442932 -65.951429 -5.792620 1.000000
55994 29.224936 -66.587381 -5.890490 1.000000
55995 28.630588 -67.515224 -5.352291 1.000000
55996 29.086325 -67.190625 -6.015302 1.000000
55997 28.918529 -67.750610 -6.114254 1.000000
55998 29.390721 -66.839822 -6.697782 1.000000
56049 42.090781 -76.234303 -5.267303 1.000000
56050 41.737802 -75.556450 -4.792775 1.000000
56051 42.105827 -75.473964 -5.543720 1.000000
56052 42.633943 -73.746353 -6.499822 1.000000
56053 42.308915 -73.761441 -5.962285 1.000000
56054 42.409845 -72.904237 -6.125340 1.000000
56055 42.154673 -72.026737 -5.759955 1.000000
56056 42.572245 -72.004169 -6.231918 1.000000
57849 44.016518 -75.974464 -13.194431 1.000000
57850 44.646345 -75.253576 -13.006490 1.000000
57851 44.309847 -75.184204 -13.446284 1.000000
57852 44.506997 -73.484421 -14.392255 1.000000
57853 44.902537 -73.472083 -13.985572 1.000000
57854 45.255128 -72.665527 -14.216817 1.000000
57855 45.959570 -71.864940 -13.896467 1.000000
57856 45.594219 -71.841151 -14.383082 1.000000
59210 39.556094 -87.018326 -10.873049 1.000000
59211 38.913198 -87.221056 -10.463228 1.000000
59212 39.693948 -86.592466 -10.290278 1.000000
59213 39.810199 -86.095899 -9.529575 1.000000
59214 40.437400 -85.905835 -9.993615 1.000000
59215 41.073479 -85.206673 -9.799605 1.000000
59216 40.970977 -85.624412 -10.456318 1.000000
59217 41.532047 -85.091591 -12.020040 1.000000
59218 41.748419 -84.905222 -11.427294 1.000000
59219 42.103585 -84.403656 -11.856188 1.000000
59220 42.674873 -83.664775 -11.617254 1.000000
59221 42.328533 -83.832413 -12.162472 1.000000
59222 42.561941 -83.202802 -12.365944 1.000000
59223 41.994527 -83.882391 -12.607655 1.000000
59224 40.394936 -84.566034 -13.331464 1.000000
59225 41.027021 -83.895184 -13.187510 1.000000
59226 40.486228 -83.838582 -13.304987 1.000000
59227 40.632315 -83.071701 -13.216444 1.000000
59228 39.925236 -83.771102 -13.356979 1.000000
59232 31.597197 -83.213523 -12.947919 1.000000
59233 32.143768 -83.385713 -13.146587 1.000000
59234 32.536369 -82.637966 -12.989125 1.000000
59235 33.516455 -82.123347 -12.862780 1.000000
59236 33.018023 -81.886210 -12.683621 1.000000
59237 33.418428 -81.229351 -12.331884 1.000000
59238 32.547664 -81.744000 -12.434634 1.000000
59239 31.109177 -82.160205 -11.693918 1.000000
59240 31.852733 -81.632346 -11.656407 1.000000
59241 31.667173 -81.529833 -11.216000 1.000000
59242 32.167066 -80.865130 -10.797849 1.000000
59243 31.535793 -81.398115 -10.761889 1.000000
63047 45.870353 -67.134731 -8.888524 1.000000
63048 45.705367 -67.125782 -8.364440 1.000000
63049 45.806803 -66.377953 -8.607422 1.000000
65049 39.969433 -75.839005 -14.430994 1.000000
65050 40.773567 -75.191759 -14.651792 1.000000
65051 40.168792 -75.142786 -14.789240 1.000000
65057 38.056243 -72.632261 -13.792783 1.000000
65058 38.467888 -72.790965 -14.066806 1.000000
65059 38.737915 -72.029464 -13.972146 1.000000
65060 40.477943 -70.102952 -14.315521 1.000000
65061 40.290821 -70.837438 -14.317685 1.000000
65062 40.987235 -70.219368 -14.536731 1.000000
65063 41.550547 -70.308030 -14.786718 1.000000
65064 41.676667 -69.581784 -14.729698 1.000000
65065 42.383824 -68.867661 -14.754094 1.000000
65066 41.818835 -68.806581 -14.607672 1.000000
65074 40.086139 -66.107288 -14.388392 1.000000
65075 40.160667 -65.397143 -13.996077 1.000000
65076 39.995126 -65.340303 -14.319059 1.000000
65077 39.942153 -64.587079 -14.349558 1.000000
65078 39.887447 -65.332994 -14.814761 1.000000
65079 37.727050 -68.395078 -13.737868 1.000000
65080 38.334299 -67.895152 -14.260092 1.000000
65081 37.917793 -67.747757 -14.272192 1.000000
65082 38.047925 -66.420697 -15.407728 1.000000
65083 38.491845 -66.472039 -15.330933 1.000000
65084 38.778130 -65.933913 -15.607578 1.000000
65085 39.473761 -65.336756 -15.639905 1.000000
65086 39.171711 -65.313153 -15.935782 1.000000
65087 39.598528 -64.636156 -16.223308 1.000000
65088 38.893092 -65.283008 -16.269067 1.000000
65089 37.369162 -65.350473 -16.153365 1.000000
65090 38.186535 -64.961866 -16.524678 1.000000
65091 37.849735 -64.679928 -16.693061 1.000000
65092 38.280115 -63.992716 -17.154323 1.000000
65093 37.436794 -64.414456 -16.676024 1.000000
66384 39.987173 -82.506180 2.568972 1.000000
66385 40.815033 -82.201123 3.101743 1.000000
66386 40.507089 -82.764566 2.619543 1.000000
66394 41.376971 -85.197158 -0.511310 1.000000
66395 41.883599 -84.572189 -0.297471 1.000000
66396 41.616388 -84.738918 -1.074270 1.000000
66397 41.695967 -84.159397 -1.468130 1.000000
66398 41.261852 -84.781878 -1.704359 1.000000
70052 27.740704 -66.653252 -4.244085 1.000000
70053 27.053874 -66.861272 -3.904342 1.000000
70054 26.969701 -67.595288 -3.917109 1.000000
70069 26.506053 -71.748927 -5.458560 1.000000
70070 25.834372 -72.364055 -5.543420 1.000000
70071 26.578236 -72.214946 -5.675854 1.000000
70072 26.564902 -72.771922 -5.847489 1.000000
70073 27.216272 -72.029330 -5.907873 1.000000
70074 28.827088 -68.673253 -6.391340 1.000000
70075 28.383316 -69.557250 -5.991006 1.000000
70076 28.788965 -69.141418 -6.573795 1.000000
70077 29.084207 -69.604658 -7.707582 1.000000
70078 28.792057 -70.084706 -6.944563 1.000000
70079 28.784726 -70.619367 -7.206453 1.000000
70080 28.371261 -71.431473 -6.891116 1.000000
70081 28.750965 -71.000062 -7.539895 1.000000
70082 28.714381 -71.485460 -7.863649 1.000000
70083 29.009573 -70.567958 -8.289319 1.000000
70235 41.118063 -69.795720 -3.792990 1.000000
70236 41.052300 -70.751816 -3.482150 1.000000
70237 40.947814 -69.618955 -3.245982 1.000000
70238 40.776465 -69.470778 -2.692783 1.000000
70239 40.891796 -68.553470 -3.016845 1.000000
70240 40.816303 -67.596823 -2.770489 1.000000
70241 41.032813 -67.770310 -3.248914 1.000000
75474 31.174911 -58.271322 -5.387567 1.000000
75475 30.454971 -59.071880 -4.972897 1.000000
75476 31.038342 -59.029002 -5.355979 1.000000
75477 31.218054 -60.298868 -5.904508 1.000000
75478 30.787833 -60.428578 -5.406804 1.000000
75479 30.604320 -61.168794 -5.408324 1.000000
75480 29.961975 -61.999109 -4.994445 1.000000
75481 30.417698 -61.937857 -5.414255 1.000000
75482 30.320786 -62.640220 -5.494929 1.000000
75483 30.850723 -61.773561 -5.978553 1.000000
75484 31.490434 -60.342327 -8.105608 1.000000
75485 31.273298 -61.344847 -7.429240 1.000000
75486 31.323120 -61.081633 -8.172162 1.000000
75487 31.120326 -61.677240 -8.275202 1.000000
75488 31.247461 -60.683511 -8.924044 1.000000
75489 31.058675 -60.247742 -9.603361 1.000000
75490 31.296346 -59.571069 -9.519143 1.000000
75624 44.865403 -76.138079 -9.434957 1.000000
75625 44.566296 -75.428605 -8.952968 1.000000
75626 44.752661 -75.388975 -9.516632 1.000000
75627 45.021690 -73.724009 -10.292620 1.000000
75628 44.764340 -73.768899 -9.724863 1.000000
75629 44.885822 -72.945878 -9.819758 1.000000
75630 44.723812 -72.160095 -9.391172 1.000000
75631 45.085769 -72.083898 -9.870643 1.000000
75632 45.673419 -73.637314 -12.460401 1.000000
75633 45.546640 -73.666789 -11.905295 1.000000
75634 45.876089 -72.792865 -12.023686 1.000000
75635 46.262421 -70.243433 -10.928919 1.000000
75636 46.042658 -71.120165 -10.908484 1.000000
75637 46.013586 -70.310391 -10.372184 1.000000
75638 45.705616 -70.259526 -9.830609 1.000000
75639 45.934465 -69.444165 -9.922719 1.000000
75640 45.908589 -68.674818 -9.543056 1.000000
75641 46.109535 -68.602480 -10.093099 1.000000
75647 42.505063 -73.432289 -15.176845 1.000000
75648 43.105535 -73.475271 -15.090846 1.000000
75649 43.344568 -72.587691 -15.348163 1.000000
79669 43.511599 -78.333363 -6.683979 1.000000
79670 43.110587 -77.835053 -6.445714 1.000000
79671 43.481134 -77.914946 -6.970981 1.000000
79672 43.400176 -77.433221 -7.248582 1.000000
79673 43.828346 -77.945389 -7.507808 1.000000
79674 34.674894 -84.396251 -0.406114 1.000000
79675 35.383593 -84.072769 -0.290087 1.000000
79676 35.304420 -84.788375 -0.531026 1.000000
79677 36.336817 -86.274385 -0.885274 1.000000
79678 36.480438 -85.581101 -0.654082 1.000000
79679 36.966927 -85.883044 -0.710479 1.000000
79680 37.608620 -85.554868 -0.370784 1.000000
79681 37.442852 -86.274721 -0.854427 1.000000
79705 36.723211 -87.488785 -9.386782 1.000000
79706 36.022272 -87.561876 -9.000786 1.000000
79707 36.778752 -86.928956 -8.673445 1.000000
79722 42.184856 -82.754910 -6.871786 1.000000
79723 42.071622 -82.288556 -6.194577 1.000000
79724 42.571831 -82.109667 -6.696818 1.000000
79725 42.914480 -81.432782 -6.479235 1.000000
79726 43.088812 -81.762217 -7.122403 1.000000
79727 42.052664 -83.941638 -9.504212 1.000000
79728 42.103723 -83.693311 -8.873614 1.000000
79729 42.566907 -83.324157 -9.283671 1.000000
79730 43.967437 -81.507385 -9.166331 1.000000
79731 43.625999 -81.973761 -8.813581 1.000000
79732 43.929864 -81.224628 -8.583389 1.000000
79733 43.818649 -80.879085 -7.889044 1.000000
79734 44.062547 -80.445364 -8.234059 1.000000
79735 44.061434 -79.798527 -7.847936 1.000000
79736 44.280492 -79.961717 -8.464717 1.000000
79737 44.641316 -79.108439 -9.576061 1.000000
79738 44.469748 -79.004087 -8.929541 1.000000
79739 44.660997 -78.466937 -9.136114 1.000000
79740 44.566590 -77.938206 -8.698630 1.000000
79741 44.711605 -77.924401 -9.273288 1.000000
79742 44.780985 -77.372305 -9.339982 1.000000
79743 44.861674 -78.021564 -9.820285 1.000000
79744 44.770822 -78.969650 -11.239985 1.000000
79745 44.899900 -78.225598 -10.810480 1.000000
79746 44.761360 -78.320764 -11.217909 1.000000
79747 44.687502 -77.654615 -11.230104 1.000000
79748 44.610437 -78.325085 -11.611562 1.000000
79749 42.962171 -81.857406 -12.584480 1.000000
79750 43.558098 -81.181519 -12.350958 1.000000
79751 43.155342 -81.132844 -12.622628 1.000000
79752 43.095343 -79.426780 -12.700831 1.000000
79753 43.537531 -79.526044 -12.517325 1.000000
79754 43.625742 -78.759544 -12.541525 1.000000
79755 44.023462 -78.152873 -12.309084 1.000000
79756 43.657683 -78.016952 -12.611837 1.000000
79757 43.702863 -77.336513 -12.729710 1.000000
79758 43.210968 -77.897802 -12.827894 1.000000
79759 41.735299 -78.400746 -12.940247 1.000000
79760 42.270236 -77.772111 -13.039978 1.000000
79761 41.815393 -77.716790 -13.126388 1.000000
79762 41.935258 -77.056475 -13.384931 1.000000
79763 41.339349 -77.633180 -13.228453 1.000000
79767 36.871206 -84.706262 -13.585045 1.000000
79768 37.596855 -84.888048 -13.639628 1.000000
79769 37.805289 -84.182300 -13.407489 1.000000
79770 38.676437 -83.551735 -13.263336 1.000000
79771 38.047850 -83.394073 -13.171550 1.000000
79772 33.996824 -83.893910 -13.517845 1.000000
79773 34.665853 -84.021226 -13.510588 1.000000
79774 34.991860 -83.362930 -13.314176 1.000000
79775 37.145324 -81.398964 -12.572806 1.000000
79776 36.853101 -82.181282 -12.810003 1.000000
79777 37.800927 -81.486098 -12.627946 1.000000
79778 38.495038 -81.646927 -12.739410 1.000000
79779 38.744893 -80.815375 -12.518476 1.000000
79780 39.589085 -80.181755 -12.651711 1.000000
79781 38.921643 -80.058306 -12.484361 1.000000
79782 38.572680 -78.452043 -12.705912 1.000000
79783 39.180469 -78.596361 -12.764918 1.000000
79784 39.385151 -77.877507 -13.035235 1.000000
79785 40.108841 -77.483810 -13.456168 1.000000
79786 39.535012 -77.299707 -13.380140 1.000000
79787 39.673660 -76.800033 -13.739629 1.000000
79788 38.874585 -77.190720 -13.387018 1.000000
79789 37.045065 -77.564761 -12.683732 1.000000
79790 37.611306 -77.129960 -13.185075 1.000000
79791 37.118647 -77.030554 -13.073415 1.000000
79792 37.185416 -76.561816 -13.409459 1.000000
79793 36.581304 -76.830581 -12.873349 1.000000
79794 34.296196 -79.895802 -11.626700 1.000000
79795 35.098847 -79.270974 -11.654162 1.000000
79796 34.691323 -79.169087 -11.433113 1.000000
79797 34.785107 -77.521421 -11.481970 1.000000
79798 35.130050 -77.660508 -11.686872 1.000000
79799 35.291065 -77.047408 -12.027909 1.000000
79800 35.756644 -76.602243 -12.462110 1.000000
79801 35.404451 -76.516904 -12.334405 1.000000
79802 35.555333 -75.992942 -12.616548 1.000000
79803 35.055868 -76.348245 -12.170110 1.000000
79804 34.033049 -76.318271 -11.233556 1.000000
79805 34.519803 -75.867355 -11.800637 1.000000
79806 34.205265 -75.664088 -11.521162 1.000000
79807 34.359511 -75.062171 -11.757506 1.000000
79808 33.845033 -75.422600 -11.309677 1.000000
87767 36.075220 -80.235861 2.821073 1.000000
87768 36.694013 -80.581233 2.675586 1.000000
87769 35.956632 -80.835447 2.300232 1.000000
87770 35.827883 -81.412584 1.768434 1.000000
87771 35.171501 -81.093863 1.963660 1.000000
90529 31.144673 -79.258218 -8.589915 1.000000
90530 30.580541 -80.070086 -8.773799 1.000000
90531 31.426329 -79.403579 -8.841939 1.000000
90532 31.676784 -79.607740 -9.166061 1.000000
90533 32.161769 -78.729317 -9.040030 1.000000
90534 32.697011 -77.981859 -9.465494 1.000000
90535 32.462481 -77.838011 -9.169253 1.000000
90536 32.483887 -76.290466 -9.839384 1.000000
90537 32.769389 -76.369509 -9.928894 1.000000
90538 32.844428 -75.769797 -10.415823 1.000000
90539 33.225961 -75.201727 -10.999126 1.000000
90540 32.936186 -75.168647 -10.887175 1.000000
90732 31.305790 -74.729264 -10.705507 1.000000
90733 30.990612 -75.202346 -10.039053 1.000000
90734 31.226460 -75.423241 -9.994562 1.000000
90735 31.016596 -76.178484 -9.266027 1.000000
90736 31.448435 -75.602904 -9.863080 1.000000
90737 31.698786 -75.732879 -9.725485 1.000000
90738 31.820029 -75.073205 -10.456167 1.000000
90739 32.496221 -73.507428 -12.244209 1.000000
90740 32.451712 -74.112497 -11.632116 1.000000
90741 32.893255 -73.553592 -11.991242 1.000000
90742 33.182204 -73.772416 -11.873076 1.000000
90743 33.274285 -72.992198 -12.231303 1.000000
90744 33.768296 -72.483689 -12.282308 1.000000
90745 33.388406 -72.283298 -12.456743 1.000000
90746 33.349235 -70.826918 -13.336413 1.000000
90747 33.676170 -70.912041 -12.984323 1.000000
90748 33.800937 -70.172891 -13.322153 1.000000
90749 34.342293 -69.582418 -13.315849 1.000000
90750 33.969566 -69.363527 -13.628919 1.000000
90754 33.621591 -67.443930 -14.732894 1.000000
90755 33.370353 -68.319060 -14.484126 1.000000
90756 34.035277 -67.576617 -14.521741 1.000000
90757 34.361623 -67.803241 -14.161618 1.000000
90758 34.643874 -67.044765 -14.567045 1.000000
90759 35.302728 -66.492230 -14.753100 1.000000
90760 34.991860 -66.269182 -14.907002 1.000000
90761 35.365008 -64.273149 -15.462248 1.000000
90762 35.751149 -64.631991 -15.624637 1.000000
90763 36.092512 -63.824482 -16.068503 1.000000
90764 36.764495 -63.520715 -16.599141 1.000000
90765 36.431942 -63.031197 -16.501507 1.000000
90777 33.797383 -61.379950 -15.208127 1.000000
90778 32.968923 -62.082164 -15.001531 1.000000
90779 33.336353 -62.520668 -15.075522 1.000000
90780 33.071127 -63.457534 -15.023699 1.000000
90781 33.711892 -62.829457 -15.120145 1.000000
90782 34.169517 -63.084215 -15.227755 1.000000
90783 34.541786 -62.077586 -15.398387 1.000000
91217 44.055816 -73.830597 -8.157782 1.000000
91218 43.758046 -73.770754 -7.749605 1.000000
91219 43.860689 -73.057830 -7.848365 1.000000
91220 43.778300 -70.260271 -7.257722 1.000000
91221 43.501161 -71.123295 -7.199455 1.000000
91222 43.453630 -70.185252 -6.912347 1.000000
91223 43.156106 -70.172362 -6.520944 1.000000
91224 43.431927 -69.317363 -6.586791 1.000000
91225 44.999093 -67.153893 -7.611290 1.000000
91226 44.705201 -67.921914 -7.463732 1.000000
91227 44.687614 -67.158811 -7.273267 1.000000
91228 43.860395 -66.133104 -6.391851 1.000000
91229 43.950848 -67.045882 -6.576241 1.000000
91230 43.543719 -66.989869 -6.223815 1.000000
91231 43.333143 -67.812882 -6.035571 1.000000
91232 43.148968 -66.854760 -5.883258 1.000000
91233 42.825185 -66.664413 -5.532446 1.000000
91234 43.237496 -65.928161 -5.673660 1.000000
92499 35.476573 -74.204490 -12.422229 1.000000
92500 36.056556 -73.602051 -12.702870 1.000000
92501 35.714574 -73.331572 -12.429207 1.000000
92502 35.915200 -72.428092 -12.414014 1.000000
92503 36.123447 -71.494736 -12.435024 1.000000
92504 36.272276 -70.725054 -12.552042 1.000000
92505 35.665143 -71.316525 -12.367216 1.000000
92506 35.202809 -71.339652 -12.330998 1.000000
92507 34.770720 -71.237490 -12.275079 1.000000
92764 37.085075 -81.987910 1.673490 1.000000
92765 37.573669 -82.306474 1.608303 1.000000
92766 36.894239 -82.493879 1.229409 1.000000
92767 36.744524 -83.029114 0.755534 1.000000
92768 36.659896 -83.569840 0.333612 1.000000
93498 30.642655 -63.635841 -6.814013 1.000000
93499 30.193944 -64.494140 -6.232338 1.000000
93500 30.441986 -64.205974 -6.971008 1.000000
93501 30.214151 -64.782575 -7.078227 1.000000
93502 29.975217 -65.376766 -7.164279 1.000000
93503 29.740835 -65.937385 -7.286132 1.000000
93504 30.032344 -64.848050 -8.030741 1.000000
93534 42.698514 -76.198809 -6.659907 1.000000
93535 42.430770 -75.431518 -6.236699 1.000000
93536 42.835556 -75.429924 -6.840528 1.000000
93537 42.922523 -74.601807 -6.911995 1.000000
93538 42.995892 -73.741525 -6.968928 1.000000
94614 43.227091 -75.820208 -13.755391 1.000000
94615 43.908417 -75.119488 -13.831077 1.000000
94616 43.532435 -75.041652 -14.084061 1.000000
94617 43.803375 -74.223004 -14.352221 1.000000
94618 44.142254 -73.450848 -14.683719 1.000000
95432 39.439768 -87.313518 -11.464702 1.000000
95433 40.143766 -86.719885 -11.285576 1.000000
95434 40.806271 -86.025819 -11.098215 1.000000
95435 40.644355 -86.345375 -11.694172 1.000000
95436 40.946312 -85.807689 -12.164379 1.000000
95437 41.190729 -85.179813 -12.543507 1.000000
95438 41.400552 -84.521234 -12.812643 1.000000
95439 40.787701 -85.310586 -13.003039 1.000000
95440 40.290765 -85.256666 -13.277852 1.000000
95441 39.702121 -85.202858 -13.544535 1.000000
95445 30.770309 -83.731644 -12.724522 1.000000
95446 31.152807 -83.048478 -12.650182 1.000000
95447 31.603009 -82.373522 -12.444836 1.000000
95448 30.810073 -82.874067 -12.369123 1.000000
95449 30.527130 -82.723469 -11.977238 1.000000
95450 30.307813 -82.605146 -11.576789 1.000000
97733 45.923073 -65.606862 -9.142804 1.000000
97734 45.810182 -65.626599 -8.758757 1.000000
97735 45.726817 -64.865343 -8.782865 1.000000
98934 38.639169 -75.791992 -14.221403 1.000000
98935 39.524350 -75.106487 -14.678111 1.000000
98936 38.931586 -74.944496 -14.463834 1.000000
98939 38.529743 -71.045488 -13.560671 1.000000
98940 38.981851 -71.266435 -13.839401 1.000000
98941 39.206948 -70.522234 -13.806824 1.000000
98942 39.934549 -69.913134 -14.114576 1.000000
98943 40.653881 -69.361046 -14.359813 1.000000
98944 41.294958 -68.744004 -14.522677 1.000000
98945 40.802039 -68.579927 -14.398773 1.000000
98950 40.086314 -66.845812 -14.457934 1.000000
98951 39.615136 -66.777229 -14.700201 1.000000
98952 36.917139 -68.090118 -13.825775 1.000000
98953 37.471499 -67.612916 -14.269224 1.000000
98954 37.128467 -67.466937 -14.359014 1.000000
98955 37.349239 -66.888280 -14.909534 1.000000
98956 37.649035 -66.330783 -15.442652 1.000000
98957 38.055982 -65.761022 -15.927436 1.000000
98958 37.308592 -66.129096 -15.533960 1.000000
98959 36.985215 -65.991327 -15.550896 1.000000
98960 36.591560 -65.825850 -15.576681 1.000000
99735 39.610654 -83.654337 1.732758 1.000000
99736 40.300872 -83.343446 2.172347 1.000000
99737 40.134914 -83.983652 1.709301 1.000000
99742 40.982738 -85.365079 0.003980 1.000000
99743 40.842544 -85.754476 -0.760938 1.000000
101936 27.522869 -68.020985 -4.372418 1.000000
101937 26.877936 -68.306349 -3.984983 1.000000
101938 26.774663 -68.913043 -4.140285 1.000000
101947 26.552826 -71.267165 -5.285763 1.000000
101948 27.198959 -71.050540 -5.519559 1.000000
101949 29.321194 -67.776181 -7.748750 1.000000
101950 29.150376 -68.699628 -7.226358 1.000000
101951 29.285517 -68.223290 -7.969094 1.000000
101952 29.259043 -68.693392 -8.133098 1.000000
101953 29.235955 -69.154538 -8.406396 1.000000
101954 29.180119 -69.601491 -8.729500 1.000000
101955 29.252341 -68.626858 -9.178082 1.000000
102047 41.344602 -69.998883 -4.300870 1.000000
102048 41.283578 -68.952531 -4.031640 1.000000
102049 41.269660 -67.907363 -3.776841 1.000000
102050 41.525103 -68.127036 -4.232201 1.000000
105189 32.022528 -58.010541 -6.477552 1.000000
105190 31.497914 -58.878466 -5.896376 1.000000
105191 31.826384 -58.742799 -6.482202 1.000000
105192 31.666040 -59.462462 -6.504544 1.000000
105193 31.485479 -60.114343 -6.582002 1.000000
105194 31.277012 -60.927987 -6.540420 1.000000
105195 31.643301 -59.986837 -7.226646 1.000000
105196 31.704977 -59.700295 -7.986003 1.000000
105197 31.678833 -59.320711 -8.802120 1.000000
105198 31.509053 -58.946893 -9.436885 1.000000
105199 31.763852 -58.278464 -9.366272 1.000000
105279 44.909380 -76.219827 -10.476517 1.000000
105280 44.855826 -75.419351 -10.075809 1.000000
105281 44.871714 -75.450376 -10.608490 1.000000
105282 44.958465 -74.610151 -10.717366 1.000000
105283 45.190718 -73.712319 -10.816623 1.000000
105284 46.335991 -71.841016 -12.699904 1.000000
105285 46.184625 -71.949102 -12.056024 1.000000
105286 46.547852 -71.065627 -12.112463 1.000000
105287 46.527825 -70.225284 -11.577050 1.000000
105288 46.429083 -69.338538 -11.008675 1.000000
105289 46.283212 -68.547152 -10.619331 1.000000
105290 46.495341 -68.509050 -11.104183 1.000000
105293 42.987261 -71.836695 -15.512466 1.000000
105294 43.567453 -71.796305 -15.496956 1.000000
105295 43.676782 -71.001165 -15.490903 1.000000
107707 43.533135 -78.723766 -6.414861 1.000000
107708 43.840967 -78.801326 -6.988848 1.000000
107709 34.409493 -85.882477 -0.792656 1.000000
107710 35.202321 -85.540600 -0.739247 1.000000
107711 35.072841 -86.326517 -0.848850 1.000000
107712 35.662275 -86.692259 -0.984515 1.000000
107713 36.190245 -87.031104 -1.176500 1.000000
107728 38.363524 -86.405292 -8.849576 1.000000
107729 37.605982 -86.405881 -8.435275 1.000000
107730 38.451970 -85.926123 -8.193454 1.000000
107739 41.798074 -83.389968 -7.100108 1.000000
107740 42.279255 -83.128303 -7.567220 1.000000
107741 42.973701 -83.113626 -10.329317 1.000000
107742 43.022703 -82.916565 -9.667288 1.000000
107743 43.449789 -82.465775 -10.017271 1.000000
107744 43.953773 -81.740953 -9.737806 1.000000
107745 44.233166 -80.989115 -9.466036 1.000000
107746 44.382237 -80.194287 -9.120287 1.000000
107747 44.449262 -80.430284 -9.704055 1.000000
107748 44.619236 -79.892740 -9.959261 1.000000
107749 44.773400 -79.310752 -10.172600 1.000000
107750 44.883355 -78.698047 -10.302195 1.000000
107751 44.800926 -79.490378 -10.734473 1.000000
107752 44.681855 -79.629391 -11.230540 1.000000
107753 44.529304 -79.707459 -11.691129 1.000000
107754 42.034417 -81.733659 -12.923068 1.000000
107755 42.754453 -81.063464 -12.797958 1.000000
107756 42.248480 -80.904528 -12.886516 1.000000
107757 42.436816 -80.117114 -12.844848 1.000000
107758 42.599358 -79.343878 -12.805765 1.000000
107759 42.675477 -78.553118 -12.850439 1.000000
107760 42.098016 -79.221398 -12.870916 1.000000
107761 41.617140 -79.099335 -12.873535 1.000000
107762 41.082051 -79.032592 -12.879812 1.000000
107766 35.901655 -85.141249 -13.799589 1.000000
107767 36.136318 -84.479585 -13.574239 1.000000
107768 34.739409 -82.434364 -13.081309 1.000000
107769 35.365898 -82.640529 -13.103732 1.000000
107770 35.672788 -81.856519 -12.828142 1.000000
107771 36.605939 -81.278488 -12.596102 1.000000
107772 37.453778 -80.619708 -12.390696 1.000000
107773 38.279351 -79.934217 -12.387683 1.000000
107774 37.682731 -79.813465 -12.360476 1.000000
107775 37.859414 -79.039834 -12.427887 1.000000
107776 38.009398 -78.319117 -12.601779 1.000000
107777 38.187463 -77.691816 -12.892575 1.000000
107778 37.458617 -78.250162 -12.507685 1.000000
107779 36.944456 -78.203171 -12.351724 1.000000
107780 36.410742 -78.081362 -12.189667 1.000000
107781 33.597991 -79.627097 -10.946665 1.000000
107782 34.303661 -79.010509 -11.170940 1.000000
107783 33.995815 -78.866675 -10.875753 1.000000
107784 34.291387 -78.112036 -10.998340 1.000000
107785 34.493774 -77.352412 -11.282294 1.000000
107786 34.615435 -76.700702 -11.631887 1.000000
107787 34.158859 -77.167965 -11.114324 1.000000
107788 33.852614 -76.995768 -10.921872 1.000000
107789 33.628058 -76.702505 -10.613346 1.000000
112565 36.187623 -79.654284 3.319856 1.000000
112566 35.333559 -79.937942 2.952262 1.000000
114223 30.882671 -79.164602 -8.336028 1.000000
114224 31.569265 -78.387558 -8.599744 1.000000
114225 32.198556 -77.674553 -8.897401 1.000000
114226 31.872932 -77.534810 -8.793744 1.000000
114227 32.048091 -76.728612 -9.173448 1.000000
114228 32.195251 -76.138392 -9.675024 1.000000
114345 31.344738 -74.097522 -11.374598 1.000000
114346 31.621456 -74.249677 -11.332887 1.000000
114347 31.835698 -74.443586 -11.244253 1.000000
114348 31.939398 -73.770463 -12.047449 1.000000
114349 32.257766 -73.284492 -12.389046 1.000000
114350 32.671366 -72.811939 -12.659183 1.000000
114351 33.105180 -72.246507 -12.739751 1.000000
114352 32.757856 -72.168626 -12.954386 1.000000
114353 32.832116 -71.474500 -13.256546 1.000000
114354 32.917213 -70.699140 -13.579300 1.000000
114358 33.249166 -67.223854 -14.821394 1.000000
114359 33.953995 -66.556126 -14.861631 1.000000
114360 34.630403 -65.998815 -14.931158 1.000000
114361 34.287360 -65.699033 -14.964491 1.000000
114362 34.629282 -64.823076 -15.124280 1.000000
114363 35.026141 -63.815370 -15.393845 1.000000
114372 34.208931 -60.337361 -15.320704 1.000000
114373 34.510568 -60.856476 -15.423973 1.000000
114374 34.914069 -61.168365 -15.608660 1.000000
114375 35.287306 -60.256470 -15.831821 1.000000
114635 44.261564 -72.249003 -8.425576 1.000000
114636 43.980960 -72.260007 -7.948472 1.000000
114637 44.153217 -71.300879 -8.029210 1.000000
114638 44.090051 -70.367754 -7.608603 1.000000
114639 44.098459 -69.482379 -7.262714 1.000000
114640 44.911031 -65.437786 -7.123384 1.000000
114641 44.599716 -66.289641 -7.057543 1.000000
114642 44.573747 -65.364279 -6.860449 1.000000
114643 44.204105 -65.318890 -6.472647 1.000000
114644 43.924745 -65.221749 -6.129974 1.000000
114645 43.656923 -65.128759 -5.753495 1.000000
114646 44.117257 -64.338580 -5.780867 1.000000
115989 36.601383 -75.121351 -13.487712 1.000000
115990 37.304476 -74.378014 -13.855120 1.000000
115991 36.960889 -74.287780 -13.565616 1.000000
115992 37.321094 -73.388048 -13.548045 1.000000
115993 37.641484 -72.510339 -13.476088 1.000000
115994 36.686402 -72.992660 -12.932156 1.000000
115995 37.313864 -72.261170 -13.167847 1.000000
115996 37.902478 -71.686573 -13.350543 1.000000
115997 38.120382 -70.880964 -13.296026 1.000000
115998 38.260929 -70.100091 -13.326013 1.000000
115999 38.461629 -69.305316 -13.571411 1.000000
116000 38.639028 -68.657346 -13.890841 1.000000
116001 38.027659 -69.216691 -13.440041 1.000000
116002 37.577730 -68.998843 -13.359930 1.000000
116003 37.118874 -68.882830 -13.318118 1.000000
116004 36.408480 -70.038565 -12.753157 1.000000
116005 36.544692 -69.396421 -13.003141 1.000000
116006 36.718555 -68.747841 -13.332672 1.000000
116007 36.291193 -68.649434 -13.344233 1.000000
116008 35.886221 -68.548761 -13.400798 1.000000
116009 35.465624 -68.479329 -13.527973 1.000000
116611 39.560199 -82.136370 2.537817 1.000000
116612 39.312311 -82.726009 2.096243 1.000000
116613 38.046982 -82.613595 1.620789 1.000000
116614 38.590156 -82.948059 1.642012 1.000000
116615 39.118387 -83.298050 1.684617 1.000000
116616 39.002921 -83.860025 1.284311 1.000000
116617 38.890090 -84.428906 0.822203 1.000000
116618 38.834762 -85.009530 0.391203 1.000000
118320 29.008225 -64.278886 -4.632686 1.000000
118321 28.141785 -65.160356 -4.229046 1.000000
118322 28.810434 -65.027736 -4.619219 1.000000
118323 28.587518 -65.743014 -4.621161 1.000000
118324 28.331900 -66.477574 -4.639476 1.000000
118325 29.619709 -65.374769 -5.675428 1.000000
118326 28.998058 -66.204600 -5.182218 1.000000
118327 28.295431 -67.081064 -4.740356 1.000000
118328 28.123617 -67.770131 -4.816348 1.000000
118329 27.998677 -68.397693 -4.955418 1.000000
118330 28.010184 -68.902835 -5.179153 1.000000
118331 27.917685 -69.402091 -5.364887 1.000000
118332 28.484097 -68.553001 -5.697994 1.000000
118333 28.876735 -68.163030 -6.295600 1.000000
118334 29.192094 -67.772739 -6.897819 1.000000
118335 29.617671 -66.358656 -7.470281 1.000000
118336 29.443538 -66.843875 -7.548299 1.000000
118337 29.360104 -67.313887 -7.597213 1.000000
118338 29.456208 -66.849992 -8.307520 1.000000
118409 42.193934 -74.667171 -5.782359 1.000000
118413 41.980792 -71.092993 -5.501561 1.000000
118414 42.263899 -70.139997 -5.702780 1.000000
120853 31.225860 -57.496797 -5.415964 1.000000
120854 31.712491 -57.477877 -5.828773 1.000000
120856 32.233700 -56.630380 -6.314128 1.000000
120857 32.150548 -57.374176 -6.374135 1.000000
120858 32.500420 -57.157237 -7.068335 1.000000
120859 32.627977 -56.982383 -7.685808 1.000000
120860 32.666419 -56.741983 -8.393713 1.000000
120861 32.596339 -56.464989 -9.059682 1.000000
120862 32.870192 -55.813178 -8.938957 1.000000
120924 44.586461 -76.131314 -12.342671 1.000000
120925 44.941150 -75.343937 -12.090896 1.000000
120926 44.857007 -75.305425 -12.545763 1.000000
120927 45.130912 -74.533999 -12.741297 1.000000
120928 45.448311 -73.668823 -12.987149 1.000000
120929 44.583630 -74.406080 -13.697612 1.000000
120930 45.256890 -73.555589 -13.495441 1.000000
120931 45.863524 -72.738998 -13.169568 1.000000
120932 46.203211 -71.794130 -13.308340 1.000000
120933 46.378706 -70.923343 -13.436510 1.000000
120934 46.518218 -70.012063 -13.468198 1.000000
120935 43.263968 -68.819016 -14.754320 1.000000
120936 43.711141 -68.751909 -14.747790 1.000000
120937 43.519922 -68.127088 -14.339789 1.000000
122828 36.690339 -88.055469 -10.042155 1.000000
122829 37.444290 -87.435469 -9.750421 1.000000
122831 38.201302 -87.378249 -10.109322 1.000000
122832 38.282052 -86.847119 -9.480095 1.000000
122833 39.104659 -86.272031 -9.157072 1.000000
122834 39.892234 -85.703135 -8.914319 1.000000
122835 40.569782 -85.150197 -8.734391 1.000000
122836 41.118629 -84.600329 -8.572844 1.000000
122837 41.050550 -84.902249 -9.183004 1.000000
122838 41.515797 -84.615715 -9.657647 1.000000
122839 41.988745 -84.281147 -10.137897 1.000000
122840 41.383874 -85.305639 -10.953550 1.000000
122841 41.904114 -84.564790 -10.808920 1.000000
122842 42.433448 -83.849669 -10.639980 1.000000
122843 42.848773 -83.388574 -11.012620 1.000000
122844 43.179341 -82.906976 -11.331942 1.000000
122845 43.450430 -82.364701 -11.602497 1.000000
122846 43.660477 -81.765182 -11.771862 1.000000
122847 43.119330 -82.520202 -12.078719 1.000000
122848 42.768374 -82.545966 -12.493399 1.000000
122849 42.342801 -82.554705 -12.804761 1.000000
122850 41.514423 -83.880067 -12.969892 1.000000
122851 41.695874 -83.190955 -13.010178 1.000000
122852 41.870050 -82.487829 -12.977674 1.000000
122853 41.355539 -82.388975 -13.045799 1.000000
122854 40.834289 -82.255788 -13.109728 1.000000
122855 40.338751 -82.198150 -13.061964 1.000000
122859 33.010092 -84.420063 -13.488490 1.000000
122860 33.383861 -83.716527 -13.413519 1.000000
122862 32.707512 -83.526887 -13.349106 1.000000
122863 33.758171 -82.982533 -13.259395 1.000000
122864 34.032907 -82.260117 -13.009511 1.000000
122865 34.447283 -81.511945 -12.715441 1.000000
122866 34.837659 -80.825292 -12.333867 1.000000
122867 35.188131 -80.178097 -11.961878 1.000000
122868 34.365088 -80.762744 -12.138073 1.000000
122869 33.847723 -80.558985 -11.970210 1.000000
122870 33.445459 -80.441885 -11.653877 1.000000
122871 32.114144 -81.677333 -12.067692 1.000000
122872 32.624271 -80.982484 -11.655974 1.000000
122873 33.120263 -80.302037 -11.272771 1.000000
122874 32.861281 -80.240741 -10.833289 1.000000
122875 32.635827 -80.144487 -10.461278 1.000000
122876 32.481957 -79.963394 -10.094129 1.000000
127978 30.819239 -72.635815 -12.519293 1.000000
127979 31.098317 -72.017260 -13.122788 1.000000
127980 31.485341 -71.584776 -13.542700 1.000000
127981 31.015826 -71.434185 -13.627176 1.000000
127988 31.777136 -67.392662 -14.845560 1.000000
127989 32.041132 -66.534802 -14.898836 1.000000
128201 45.414533 -68.710670 -8.513522 1.000000
128202 45.078684 -68.819903 -8.010698 1.000000
128203 45.437921 -67.938246 -8.189649 1.000000
128204 45.345377 -67.127377 -7.954760 1.000000
128205 45.261730 -66.342369 -7.728788 1.000000
128206 45.654956 -65.606229 -8.284815 1.000000
128207 45.485888 -65.547913 -7.820491 1.000000
128208 45.226913 -65.496691 -7.470849 1.000000
128209 45.169890 -64.670563 -7.165714 1.000000
130779 41.193336 -75.845495 -14.234123 1.000000
130780 41.969381 -75.103439 -14.497441 1.000000
130781 41.355006 -75.107314 -14.571274 1.000000
130782 41.555025 -74.334793 -14.906119 1.000000
130783 41.890483 -73.546275 -15.206350 1.000000
130784 40.413827 -74.339494 -15.039745 1.000000
130785 41.305292 -73.504746 -15.216283 1.000000
130786 42.165581 -72.638676 -15.522395 1.000000
130787 42.412557 -71.816541 -15.490529 1.000000
130788 42.552810 -71.099706 -15.345383 1.000000
130789 42.673912 -70.358872 -15.201998 1.000000
130790 38.109601 -73.693141 -14.085045 1.000000
130793 39.501898 -71.422897 -14.097616 1.000000
130797 42.147029 -70.319712 -15.026201 1.000000
130798 42.771135 -69.621496 -15.005468 1.000000
130799 42.839739 -68.827942 -14.755446 1.000000
130802 41.835610 -68.043970 -14.353976 1.000000
130818 38.787242 -68.055809 -14.229736 1.000000
130819 39.022699 -67.389794 -14.594861 1.000000
130820 39.251663 -66.743068 -14.895848 1.000000
130821 38.172707 -67.096353 -14.818769 1.000000
130822 38.798496 -66.659987 -15.103872 1.000000
130823 39.472960 -66.053540 -15.106740 1.000000
130824 39.762612 -65.325268 -15.310046 1.000000
130830 38.526163 -65.181330 -16.373321 1.000000
132474 40.996138 -83.014086 2.589144 1.000000
132516 37.909843 -88.137411 -12.768944 1.000000
132517 38.271591 -87.563619 -13.174436 1.000000
132518 38.558282 -86.964197 -13.464152 1.000000
132519 37.682090 -87.466165 -13.474040 1.000000
137117 27.262436 -66.040404 -3.898612 1.000000
137120 26.199549 -68.498589 -3.708905 1.000000
137145 27.886180 -69.857284 -5.473679 1.000000
137146 27.818771 -70.294783 -5.719397 1.000000
137147 27.808430 -70.818648 -5.880704 1.000000
137148 28.800404 -69.604851 -6.753700 1.000000
137149 28.347204 -70.482463 -6.354968 1.000000
137150 27.847936 -71.239270 -6.105751 1.000000
137151 27.811782 -71.767382 -6.341962 1.000000
137157 29.197708 -70.143037 -9.049399 1.000000
137357 41.294578 -66.936947 -3.487568 1.000000
139246 34.339890 -82.974292 0.416991 1.000000
139247 34.885302 -83.219074 0.193192 1.000000
139248 34.199610 -83.542153 0.011601 1.000000
139249 34.073941 -84.142663 -0.262544 1.000000
139250 33.968803 -84.796384 -0.480508 1.000000
139252 33.299036 -85.233293 -0.468073 1.000000
139253 33.847366 -85.534409 -0.659878 1.000000
139254 33.729129 -86.293593 -0.739124 1.000000
143764 27.778620 -63.698404 -4.140757 1.000000
143765 28.505893 -63.643634 -4.296224 1.000000
143769 30.840566 -59.762094 -5.302870 1.000000
143773 29.293137 -62.796526 -4.617710 1.000000
143774 29.197570 -63.541472 -4.630178 1.000000
143775 29.728414 -63.489646 -5.043004 1.000000
143776 30.208722 -63.365243 -5.528455 1.000000
143777 30.582240 -63.206159 -6.133988 1.000000
143778 31.161822 -61.593007 -6.709601 1.000000
143779 31.011850 -62.356230 -6.762292 1.000000
143780 30.817242 -63.051686 -6.743182 1.000000
143781 30.920072 -62.667489 -7.546523 1.000000
143782 30.931402 -62.179208 -8.432577 1.000000
143783 30.830273 -61.729889 -9.225003 1.000000
143784 30.652715 -61.389171 -9.813213 1.000000
143785 30.845791 -60.763720 -9.778506 1.000000
143788 31.299546 -58.492176 -10.088052 1.000000
143794 32.479927 -56.165606 -9.695815 1.000000
143949 44.381488 -76.067977 -8.369301 1.000000
143950 44.060398 -75.311631 -7.978269 1.000000
143951 44.342823 -75.368904 -8.429766 1.000000
143952 44.272538 -74.678704 -8.520484 1.000000
143953 44.332009 -73.854707 -8.602642 1.000000
143954 44.675302 -74.619852 -9.605013 1.000000
143955 44.558190 -73.871516 -9.106731 1.000000
143956 44.374090 -73.044561 -8.767174 1.000000
143957 44.503655 -72.195716 -8.897266 1.000000
143958 44.756610 -71.257219 -8.928831 1.000000
143959 45.061845 -70.344418 -8.857228 1.000000
143960 45.197044 -74.585736 -11.743897 1.000000
143961 45.352515 -73.708005 -11.374118 1.000000
143962 45.485996 -72.837166 -10.916535 1.000000
143963 46.018317 -71.959488 -11.482401 1.000000
143964 45.771662 -71.987063 -10.926423 1.000000
143965 45.457520 -72.052605 -10.399031 1.000000
143966 45.395520 -71.167208 -9.878450 1.000000
143967 45.398045 -70.289530 -9.361723 1.000000
143968 45.346577 -69.542788 -8.892272 1.000000
143969 45.654431 -68.731733 -9.006809 1.000000
143970 45.911141 -67.893103 -9.199187 1.000000
143971 46.039447 -67.083389 -9.410784 1.000000
143972 46.220306 -67.725599 -10.224663 1.000000
143973 46.171486 -67.002647 -9.893750 1.000000
143974 46.056792 -66.363923 -9.512951 1.000000
143975 45.974590 -65.587305 -9.574570 1.000000
143978 42.764027 -74.313477 -14.739711 1.000000
143979 43.672137 -73.470660 -14.923598 1.000000
143980 44.387124 -72.703257 -14.925491 1.000000
143981 44.128835 -71.765125 -15.297483 1.000000
143982 44.528913 -71.862787 -15.025421 1.000000
143983 45.085058 -71.848974 -14.756375 1.000000
143984 45.749869 -71.040891 -14.487024 1.000000
143985 46.223860 -70.145398 -14.022165 1.000000
143986 46.459496 -69.106407 -13.453207 1.000000
143987 44.161703 -68.768665 -14.778606 1.000000
143994 46.250977 -68.210810 -13.384573 1.000000
143995 46.547156 -68.094827 -12.892778 1.000000
143996 46.489395 -67.216657 -12.348415 1.000000
148837 42.049702 -76.796271 -4.971802 1.000000
148838 42.329080 -76.821767 -5.705788 1.000000
148840 42.700354 -77.312805 -6.059396 1.000000
148841 42.660765 -76.799460 -6.366783 1.000000
148842 43.012641 -76.849632 -6.984794 1.000000
148843 43.409735 -76.798514 -7.445700 1.000000
148844 43.884177 -76.745130 -7.862303 1.000000
148845 35.490122 -83.476692 0.039382 1.000000
148846 36.097154 -83.766051 -0.057849 1.000000
148847 36.635030 -84.114671 -0.044028 1.000000
148848 35.913050 -85.193746 -0.606941 1.000000
148849 36.560778 -84.819153 -0.357176 1.000000
148850 37.168778 -84.491193 -0.008692 1.000000
148851 37.709393 -84.855959 0.009010 1.000000
148852 38.215071 -85.239977 -0.015212 1.000000
148853 38.695782 -85.664965 -0.143192 1.000000
148855 35.952304 -87.771304 -1.549728 1.000000
148856 36.637817 -87.371863 -1.428480 1.000000
148858 37.084833 -87.654345 -1.773455 1.000000
148859 37.293237 -86.982958 -1.276283 1.000000
148860 37.915587 -86.630143 -1.053295 1.000000
148861 38.570590 -86.280234 -0.719370 1.000000
148862 39.218467 -85.994489 -0.340912 1.000000
148863 39.732892 -86.206101 -0.659197 1.000000
148864 40.228032 -86.231552 -1.088978 1.000000
148865 40.563535 -85.868575 -1.559252 1.000000
148867 40.245719 -85.938871 -2.239994 1.000000
148868 40.759809 -85.375383 -1.966546 1.000000
148869 40.845677 -84.793761 -2.278449 1.000000
148884 36.894314 -86.449876 -7.931801 1.000000
148908 41.674305 -84.026381 -8.423113 1.000000
148909 42.232390 -83.417229 -8.231384 1.000000
148910 42.709656 -82.784466 -7.993066 1.000000
148911 43.148633 -82.692429 -9.047984 1.000000
148912 43.133687 -82.379565 -8.410537 1.000000
148913 43.134514 -82.079172 -7.770041 1.000000
148914 43.495081 -81.318296 -7.515333 1.000000
148918 44.008795 -79.277642 -7.397247 1.000000
148919 44.086836 -78.843080 -7.647392 1.000000
148920 44.377856 -79.490826 -8.697168 1.000000
148921 44.250593 -78.922197 -8.293093 1.000000
148922 44.116955 -78.419723 -7.876240 1.000000
148923 44.211380 -77.901289 -8.077952 1.000000
148924 44.288669 -77.298246 -8.242687 1.000000
148925 44.359408 -76.666221 -8.299181 1.000000
148926 44.640187 -76.729067 -8.847882 1.000000
148927 44.875335 -76.807596 -9.343059 1.000000
148928 44.923697 -76.862566 -9.893339 1.000000
148929 44.924203 -78.144528 -10.359786 1.000000
148930 44.943001 -77.548169 -10.337591 1.000000
148931 44.961274 -76.886609 -10.356024 1.000000
148932 44.785116 -76.998606 -10.839450 1.000000
148933 44.675533 -76.977171 -11.319778 1.000000
148934 44.529565 -76.923341 -11.765938 1.000000
148935 43.869030 -81.145838 -11.925961 1.000000
148936 44.092827 -80.472015 -12.051951 1.000000
148937 44.261191 -79.757154 -12.035063 1.000000
148938 43.339740 -80.349505 -12.604420 1.000000
148939 43.972049 -79.646677 -12.316781 1.000000
148940 44.349372 -79.002976 -11.979290 1.000000
148941 44.356275 -78.258634 -11.950762 1.000000
148942 44.301383 -77.592559 -12.030659 1.000000
148943 44.402968 -76.847099 -12.167227 1.000000
148944 44.182107 -76.732941 -12.553142 1.000000
148945 43.830741 -76.647185 -12.950811 1.000000
148946 43.406341 -76.546639 -13.225459 1.000000
148947 42.733487 -77.814914 -12.968447 1.000000
148948 42.804405 -77.109210 -13.143496 1.000000
148949 42.979307 -76.457687 -13.443911 1.000000
148950 42.561546 -76.431789 -13.564435 1.000000
148951 42.167243 -76.364174 -13.708255 1.000000
148952 41.627694 -76.419488 -13.831320 1.000000
148953 38.783364 -86.362317 -13.635485 1.000000
148954 38.948052 -85.765257 -13.689593 1.000000
148955 39.058961 -85.104391 -13.632922 1.000000
148957 38.353056 -84.980592 -13.698713 1.000000
148958 39.176278 -84.405795 -13.510910 1.000000
148959 39.329335 -83.678268 -13.347363 1.000000
148960 39.551333 -82.888603 -13.161697 1.000000
148961 39.791759 -82.030259 -13.003708 1.000000
148963 35.388511 -84.194049 -13.554189 1.000000
148964 36.377884 -83.760373 -13.336392 1.000000
148965 35.915304 -82.814969 -13.080765 1.000000
148966 36.635138 -82.974374 -13.103259 1.000000
148967 37.335701 -83.153263 -13.113894 1.000000
148968 38.254306 -82.503252 -12.977361 1.000000
148969 39.141968 -81.937686 -12.946498 1.000000
148970 40.043067 -81.172690 -12.894075 1.000000
148971 40.230379 -80.363244 -12.804713 1.000000
148972 40.360209 -79.601817 -12.799589 1.000000
148973 40.478796 -78.890271 -12.866161 1.000000
148974 39.051458 -79.293534 -12.583410 1.000000
148975 39.805666 -78.779146 -12.851962 1.000000
148976 40.584955 -78.236438 -13.078662 1.000000
148977 40.758844 -77.576555 -13.335978 1.000000
148978 40.921789 -76.977357 -13.622922 1.000000
148979 41.056577 -76.437488 -13.946437 1.000000
148980 40.404912 -76.428600 -14.015776 1.000000
148981 39.822564 -76.319195 -14.082080 1.000000
148982 39.146952 -76.296642 -14.063722 1.000000
148983 38.304459 -77.184588 -13.300451 1.000000
148984 38.376018 -76.751217 -13.658249 1.000000
148985 38.454205 -76.326966 -13.959608 1.000000
148986 37.883654 -76.219909 -13.842947 1.000000
148987 37.263840 -76.095916 -13.682920 1.000000
148988 36.753699 -75.827003 -13.495613 1.000000
148989 35.523627 -79.424493 -11.805153 1.000000
148990 35.777163 -78.660041 -11.861555 1.000000
148991 35.954516 -77.920727 -12.045749 1.000000
148992 34.948174 -78.403138 -11.472479 1.000000
148993 35.514418 -77.799134 -11.877797 1.000000
148994 36.070962 -77.274248 -12.337230 1.000000
148995 36.153831 -76.731622 -12.670254 1.000000
148996 36.244132 -76.209515 -12.993268 1.000000
148997 36.363382 -75.706750 -13.276828 1.000000
148998 36.102757 -75.535253 -13.019491 1.000000
148999 35.772499 -75.448073 -12.856783 1.000000
149000 35.479993 -75.161278 -12.610927 1.000000
149001 34.780130 -76.078154 -11.962145 1.000000
149002 34.981322 -75.475715 -12.229868 1.000000
149003 35.232332 -74.888021 -12.368062 1.000000
149004 34.912899 -74.574411 -12.122425 1.000000
149005 34.561936 -74.337490 -11.936555 1.000000
149006 34.200035 -74.077487 -11.861370 1.000000
158570 38.848981 -81.014238 2.845832 1.000000
158571 37.900139 -81.266180 2.482494 1.000000
158573 37.294030 -80.914609 2.573719 1.000000
158574 37.132666 -81.498258 2.093303 1.000000
158575 36.445212 -81.712589 1.657324 1.000000
158576 35.750672 -81.946865 1.308108 1.000000
158577 35.025399 -82.207993 1.042737 1.000000
158651 34.597911 -79.625115 3.215881 1.000000
158652 34.437232 -80.227882 2.639703 1.000000
158654 33.565592 -80.520205 2.438536 1.000000
158655 34.383636 -80.777973 2.161996 1.000000
158656 34.311637 -81.365585 1.683022 1.000000
158657 34.245659 -81.972398 1.243086 1.000000
158658 34.253329 -82.478642 0.826477 1.000000
158659 33.523340 -82.789078 0.654678 1.000000
161874 29.921180 -82.534827 -11.310223 1.000000
161876 29.625371 -82.364112 -10.978269 1.000000
161877 30.642370 -81.964232 -10.838827 1.000000
161878 31.231543 -81.324875 -10.416166 1.000000
161879 31.735078 -80.610022 -10.044578 1.000000
161880 32.195963 -79.834156 -9.779996 1.000000
161888 31.948399 -79.684779 -9.483408 1.000000
161889 32.617241 -78.951210 -9.720163 1.000000
161890 32.962825 -78.082927 -9.811972 1.000000
161891 33.219673 -77.224165 -10.089691 1.000000
161892 33.331960 -76.593079 -10.438136 1.000000
161893 32.649253 -77.058420 -9.494041 1.000000
161894 33.060495 -76.459035 -10.110300 1.000000
161895 33.426460 -75.946219 -10.831354 1.000000
161896 33.517346 -75.305954 -11.227630 1.000000
161897 33.701055 -74.677452 -11.503343 1.000000
161898 33.822723 -74.064635 -11.739449 1.000000
162134 31.877797 -75.899653 -9.692822 1.000000
162135 32.311626 -75.479239 -10.311028 1.000000
162136 32.123636 -74.582011 -11.103707 1.000000
162137 32.395370 -74.793123 -10.985692 1.000000
162138 32.690290 -75.007886 -10.946802 1.000000
162139 33.070855 -74.465290 -11.420862 1.000000
162140 33.482697 -73.929295 -11.750807 1.000000
162141 33.964206 -73.288001 -11.966705 1.000000
162142 34.115456 -72.561264 -12.100871 1.000000
162143 34.215357 -71.829364 -12.336660 1.000000
162144 34.373432 -71.085274 -12.557554 1.000000
162145 33.532649 -71.595140 -12.709574 1.000000
162146 34.064978 -70.980765 -12.692332 1.000000
162147 34.555487 -70.357807 -12.778554 1.000000
162148 34.714945 -69.677934 -13.069076 1.000000
162149 34.895826 -69.015458 -13.362857 1.000000
162150 35.098400 -68.307526 -13.714017 1.000000
162151 31.959668 -71.133696 -13.760267 1.000000
162152 32.538913 -70.512660 -13.847494 1.000000
162153 33.074196 -69.860734 -13.902826 1.000000
162155 33.223212 -69.064252 -14.209888 1.000000
162156 33.597097 -69.237910 -13.941195 1.000000
162157 34.155112 -68.568565 -13.901571 1.000000
162158 34.716249 -68.061627 -13.927667 1.000000
162159 35.330262 -67.532144 -14.158083 1.000000
162160 35.662331 -66.774078 -14.695216 1.000000
162161 35.983086 -66.087440 -15.206672 1.000000
162162 36.294792 -65.455340 -15.694583 1.000000
162163 35.367299 -65.487504 -15.222939 1.000000
162164 36.053915 -65.054059 -15.719688 1.000000
162165 36.677830 -64.738452 -16.224347 1.000000
162166 37.106153 -63.967884 -16.714077 1.000000
162176 31.660836 -66.182315 -14.792918 1.000000
162177 32.337915 -65.586098 -14.918590 1.000000
162185 32.727700 -64.490266 -14.964426 1.000000
162186 33.089351 -64.764671 -15.031527 1.000000
162187 33.820022 -64.068347 -15.128545 1.000000
162188 34.561116 -63.498810 -15.262363 1.000000
162189 35.370462 -62.889136 -15.681086 1.000000
162190 35.292335 -61.664488 -15.754251 1.000000
162191 35.683837 -62.106177 -15.970675 1.000000
162192 36.071882 -62.515698 -16.245620 1.000000
162193 36.766652 -62.252309 -16.878892 1.000000
162223 30.315381 -60.887665 -10.451335 1.000000
162709 43.672707 -74.505091 -7.665910 1.000000
162710 43.428905 -73.717006 -7.378998 1.000000
162711 43.111801 -72.939597 -7.050300 1.000000
162712 43.645255 -72.156131 -7.491089 1.000000
162713 43.243967 -72.112046 -7.087276 1.000000
162714 42.922188 -72.030246 -6.663269 1.000000
162715 42.837899 -71.058609 -6.390690 1.000000
162716 42.708781 -70.173390 -6.120658 1.000000
162717 42.579092 -69.284737 -5.834970 1.000000
162718 44.732936 -68.760380 -7.678889 1.000000
162719 44.390954 -68.716884 -7.329164 1.000000
162720 44.060089 -68.680309 -6.984523 1.000000
162721 44.334982 -67.086808 -6.886011 1.000000
162722 44.031814 -67.872263 -6.749873 1.000000
162723 43.727681 -68.616867 -6.646508 1.000000
162724 43.403879 -68.615004 -6.260036 1.000000
162725 42.965949 -68.509445 -5.934294 1.000000
162726 42.488549 -68.412341 -5.568606 1.000000
162727 42.465799 -67.492336 -5.339424 1.000000
162730 43.419428 -65.072820 -5.400956 1.000000
