#
98
2898 37.200022 -83.937421 0.332869 1.000000
7989 44.899974 -76.225169 -9.983904 1.000000
8573 44.786949 -78.548953 -9.738622 1.000000
8574 44.657417 -79.045221 -11.585892 1.000000
8575 43.198388 -78.647420 -12.726352 1.000000
8579 38.722131 -77.808268 -13.009819 1.000000
10577 37.371378 -82.835287 1.155120 1.000000
17530 44.854622 -74.623816 -10.225738 1.000000
18900 44.531640 -79.646893 -9.340441 1.000000
18901 44.635046 -80.100842 -10.562913 1.000000
18902 44.877473 -78.848451 -10.797312 1.000000
18905 42.939112 -80.248870 -12.736975 1.000000
18906 41.962199 -79.983361 -12.868021 1.000000
18915 38.459167 -79.121180 -12.505657 1.000000
18916 37.322942 -78.930661 -12.279847 1.000000
23647 38.458001 -83.499976 1.229339 1.000000
35955 35.992883 -84.434055 -0.342766 1.000000
35956 37.076335 -85.191421 -0.360302 1.000000
35980 44.375915 -78.447692 -8.509835 1.000000
35981 44.602517 -77.329248 -8.846609 1.000000
35982 44.920117 -77.478699 -9.848246 1.000000
35983 44.871770 -77.634573 -10.800169 1.000000
35984 44.535581 -77.623069 -11.668418 1.000000
35985 43.777369 -80.411911 -12.346029 1.000000
35986 44.061944 -78.900293 -12.276250 1.000000
35999 40.236484 -76.955102 -13.747953 1.000000
54769 37.270356 -83.366886 0.738322 1.000000
54770 37.908565 -83.157346 1.186039 1.000000
54771 37.822869 -83.697319 0.773632 1.000000
54772 38.358022 -84.072597 0.784107 1.000000
54773 37.803486 -84.247313 0.388292 1.000000
75624 44.865403 -76.138079 -9.434957 1.000000
75625 44.566296 -75.428605 -8.952968 1.000000
75626 44.752661 -75.388975 -9.516632 1.000000
79737 44.641316 -79.108439 -9.576061 1.000000
79738 44.469748 -79.004087 -8.929541 1.000000
79739 44.660997 -78.466937 -9.136114 1.000000
79740 44.566590 -77.938206 -8.698630 1.000000
79741 44.711605 -77.924401 -9.273288 1.000000
79742 44.780985 -77.372305 -9.339982 1.000000
79743 44.861674 -78.021564 -9.820285 1.000000
79744 44.770822 -78.969650 -11.239985 1.000000
79745 44.899900 -78.225598 -10.810480 1.000000
79746 44.761360 -78.320764 -11.217909 1.000000
79747 44.687502 -77.654615 -11.230104 1.000000
79748 44.610437 -78.325085 -11.611562 1.000000
79752 43.095343 -79.426780 -12.700831 1.000000
79753 43.537531 -79.526044 -12.517325 1.000000
79754 43.625742 -78.759544 -12.541525 1.000000
79755 44.023462 -78.152873 -12.309084 1.000000
79756 43.657683 -78.016952 -12.611837 1.000000
79757 43.702863 -77.336513 -12.729710 1.000000
79758 43.210968 -77.897802 -12.827894 1.000000
79782 38.572680 -78.452043 -12.705912 1.000000
79783 39.180469 -78.596361 -12.764918 1.000000
79784 39.385151 -77.877507 -13.035235 1.000000
79785 40.108841 -77.483810 -13.456168 1.000000
79786 39.535012 -77.299707 -13.380140 1.000000
79787 39.673660 -76.800033 -13.739629 1.000000
79788 38.874585 -77.190720 -13.387018 1.000000
92767 36.744524 -83.029114 0.755534 1.000000
92768 36.659896 -83.569840 0.333612 1.000000
105279 44.909380 -76.219827 -10.476517 1.000000
105280 44.855826 -75.419351 -10.075809 1.000000
105281 44.871714 -75.450376 -10.608490 1.000000
107748 44.619236 -79.892740 -9.959261 1.000000
107749 44.773400 -79.310752 -10.172600 1.000000
107750 44.883355 -78.698047 -10.302195 1.000000
107751 44.800926 -79.490378 -10.734473 1.000000
107752 44.681855 -79.629391 -11.230540 1.000000
107753 44.529304 -79.707459 -11.691129 1.000000
107757 42.436816 -80.117114 -12.844848 1.000000
107758 42.599358 -79.343878 -12.805765 1.000000
107759 42.675477 -78.553118 -12.850439 1.000000
107760 42.098016 -79.221398 -12.870916 1.000000
107775 37.859414 -79.039834 -12.427887 1.000000
107776 38.009398 -78.319117 -12.601779 1.000000
107777 38.187463 -77.691816 -12.892575 1.000000
107778 37.458617 -78.250162 -12.507685 1.000000
143954 44.675302 -74.619852 -9.605013 1.000000
148846 36.097154 -83.766051 -0.057849 1.000000
148847 36.635030 -84.114671 -0.044028 1.000000
148849 36.560778 -84.819153 -0.357176 1.000000
148850 37.168778 -84.491193 -0.008692 1.000000
148851 37.709393 -84.855959 0.009010 1.000000
148927 44.875335 -76.807596 -9.343059 1.000000
148928 44.923697 -76.862566 -9.893339 1.000000
148929 44.924203 -78.144528 -10.359786 1.000000
148930 44.943001 -77.548169 -10.337591 1.000000
148931 44.961274 -76.886609 -10.356024 1.000000
148932 44.785116 -76.998606 -10.839450 1.000000
148936 44.092827 -80.472015 -12.051951 1.000000
148937 44.261191 -79.757154 -12.035063 1.000000
148939 43.972049 -79.646677 -12.316781 1.000000
148940 44.349372 -79.002976 -11.979290 1.000000
148941 44.356275 -78.258634 -11.950762 1.000000
148947 42.733487 -77.814914 -12.968447 1.000000
148983 38.304459 -77.184588 -13.300451 1.000000
