#
137
826 -12.585212 -88.368207 5.967241 1.000000
831 -35.554841 -66.118687 -15.518542 1.000000
832 -34.543853 -60.834642 -15.104509 1.000000
2749 -39.087262 -68.867914 -17.140105 1.000000
2751 -39.095268 -65.255001 -17.426483 1.000000
2752 -38.480371 -62.479235 -17.406423 1.000000
3934 -36.764808 -57.289694 -17.403731 1.000000
6105 -35.289351 -63.588671 -15.249382 1.000000
6106 -37.618354 -59.698876 -17.470684 1.000000
10430 -39.188895 -67.012526 -17.246159 1.000000
13996 -12.394949 -87.584846 6.477373 1.000000
13998 -13.147426 -87.770291 4.977655 1.000000
14007 -35.590798 -67.612261 -15.543660 1.000000
14009 -33.809558 -68.030328 -15.208043 1.000000
14011 -33.898186 -66.575773 -15.189196 1.000000
14013 -35.474647 -64.841166 -15.423986 1.000000
14015 -38.063359 -61.024729 -17.398160 1.000000
23375 -13.320765 -88.427596 4.310065 1.000000
23383 -37.351381 -65.669015 -16.302107 1.000000
23384 -37.180278 -64.279467 -16.280120 1.000000
23385 -38.793899 -63.837789 -17.466450 1.000000
25512 -35.824701 -59.062306 -15.885022 1.000000
25513 -34.092337 -59.692249 -15.264480 1.000000
29603 -34.971479 -62.213920 -15.118177 1.000000
29604 -37.058666 -63.006051 -16.130380 1.000000
29605 -36.729082 -61.601128 -15.970495 1.000000
29606 -36.308203 -60.232740 -15.867185 1.000000
29607 -37.186012 -58.479585 -17.500527 1.000000
39093 -11.264944 -87.877624 7.388855 1.000000
39096 -11.523345 -88.696145 6.786275 1.000000
44716 -12.426214 -87.985963 6.179131 1.000000
44717 -12.816178 -87.721132 5.735869 1.000000
44718 -12.914469 -88.055469 5.469522 1.000000
44727 -35.592686 -66.810779 -15.544199 1.000000
44728 -34.638431 -67.828842 -15.299118 1.000000
44729 -34.670498 -67.068703 -15.304802 1.000000
44730 -33.890195 -67.305095 -15.204635 1.000000
44731 -34.701128 -66.334888 -15.294093 1.000000
44732 -34.721855 -65.790437 -15.243782 1.000000
44733 -35.527825 -65.486558 -15.484240 1.000000
48279 -33.823051 -61.954182 -15.155379 1.000000
48280 -32.942705 -62.250022 -15.341544 1.000000
48281 -33.593349 -61.312538 -15.213672 1.000000
54324 -38.083993 -69.791235 -16.800709 1.000000
54325 -37.195589 -69.825046 -16.467404 1.000000
54326 -38.169928 -68.915576 -16.814778 1.000000
54327 -39.175060 -66.106118 -17.335521 1.000000
54328 -38.340598 -67.165777 -16.790124 1.000000
54329 -38.301364 -66.330060 -16.787786 1.000000
54330 -37.424982 -66.493608 -16.324688 1.000000
54331 -38.205110 -65.528177 -16.830921 1.000000
54332 -38.103547 -64.829603 -16.843181 1.000000
54333 -38.978051 -64.542495 -17.476896 1.000000
57879 -36.309745 -58.112450 -16.635578 1.000000
57880 -35.554726 -58.467876 -15.920192 1.000000
57881 -36.070094 -57.482891 -16.626529 1.000000
65074 -34.493234 -64.496078 -15.193588 1.000000
65075 -33.628926 -64.713396 -15.204401 1.000000
65076 -34.384634 -63.827798 -15.142223 1.000000
65077 -34.262642 -63.228600 -15.094348 1.000000
65078 -35.144292 -62.907338 -15.179247 1.000000
65079 -37.888024 -63.386954 -16.819980 1.000000
65080 -37.115719 -63.648649 -16.211048 1.000000
65081 -37.756354 -62.714405 -16.757362 1.000000
65082 -37.841804 -60.357429 -17.424786 1.000000
65083 -37.467793 -61.281696 -16.709471 1.000000
65084 -37.270606 -60.631182 -16.698010 1.000000
65085 -36.515288 -60.884785 -15.909640 1.000000
65086 -37.051238 -60.008857 -16.671661 1.000000
65087 -36.812730 -59.392285 -16.642328 1.000000
65088 -37.417911 -59.050299 -17.508106 1.000000
92499 -40.045679 -67.718789 -17.622894 1.000000
92500 -39.139412 -67.940310 -17.181650 1.000000
92501 -40.076904 -66.823445 -17.760633 1.000000
92502 -40.046807 -65.926775 -17.867513 1.000000
92503 -39.962683 -65.044910 -17.981332 1.000000
92504 -39.833825 -64.354174 -18.059360 1.000000
92505 -40.745862 -64.162545 -18.481277 1.000000
94632 -37.063166 -56.342080 -18.026503 1.000000
94633 -36.469068 -56.598682 -17.325336 1.000000
94634 -36.857836 -55.651892 -17.958278 1.000000
98950 -34.607522 -65.160021 -15.232317 1.000000
98951 -35.406843 -64.198330 -15.337245 1.000000
98952 -38.943492 -61.498858 -18.070322 1.000000
98953 -38.257819 -61.742187 -17.396336 1.000000
98954 -38.695674 -60.825612 -18.084975 1.000000
98955 -38.442317 -60.123451 -18.099245 1.000000
98956 -38.225599 -59.522767 -18.102214 1.000000
98957 -38.004626 -58.869559 -18.140433 1.000000
98958 -38.539909 -58.677804 -18.759035 1.000000
115978 -12.776366 -88.737346 5.643817 1.000000
115979 -13.034926 -88.431269 5.172832 1.000000
115980 -13.121584 -88.763386 4.853825 1.000000
115994 -38.252980 -68.029672 -16.814627 1.000000
115998 -36.475081 -66.672392 -15.892077 1.000000
115999 -36.418948 -65.898441 -15.873456 1.000000
116000 -36.384724 -65.224811 -15.854770 1.000000
116001 -37.250414 -64.966723 -16.319402 1.000000
116002 -37.987903 -64.117327 -16.839879 1.000000
116003 -38.662408 -63.168041 -17.436031 1.000000
116004 -39.656039 -63.612081 -18.071560 1.000000
116005 -39.445862 -62.896796 -18.061053 1.000000
116006 -39.178289 -62.163197 -18.054469 1.000000
116007 -39.701842 -61.205089 -18.674312 1.000000
120966 -35.247996 -59.928507 -15.335330 1.000000
120967 -34.317859 -60.254242 -15.168521 1.000000
120968 -34.989942 -59.317060 -15.369449 1.000000
120971 -35.826296 -56.825917 -16.617673 1.000000
130761 -13.249765 -88.095807 4.646832 1.000000
130816 -34.052666 -62.582836 -15.110446 1.000000
130817 -34.751650 -61.511628 -15.097948 1.000000
130818 -36.330499 -64.583778 -15.808217 1.000000
130819 -36.257196 -63.954704 -15.698209 1.000000
130820 -36.166921 -63.279934 -15.588718 1.000000
130821 -37.619833 -62.012013 -16.728915 1.000000
130822 -36.920402 -62.306497 -16.042409 1.000000
130823 -36.047496 -62.575512 -15.471468 1.000000
130824 -35.902243 -61.912317 -15.411444 1.000000
130825 -35.716537 -61.243176 -15.379763 1.000000
130826 -35.485450 -60.579352 -15.347728 1.000000
130827 -36.068279 -59.629984 -15.864708 1.000000
130828 -36.550779 -58.749583 -16.631745 1.000000
130829 -36.968987 -57.907294 -17.470723 1.000000
130830 -37.792951 -58.230724 -18.191488 1.000000
130831 -37.588004 -57.670958 -18.200720 1.000000
130832 -37.312020 -57.029676 -18.116742 1.000000
130833 -37.634876 -56.251507 -18.645184 1.000000
144069 -33.362679 -60.729686 -15.287610 1.000000
148999 -37.984852 -70.483193 -16.786112 1.000000
149000 -39.022673 -69.542065 -17.089169 1.000000
149002 -39.944019 -69.256276 -17.333688 1.000000
149003 -39.985877 -68.453372 -17.473988 1.000000
158234 -11.851463 -87.714441 6.992391 1.000000
158235 -11.942145 -88.110268 6.675482 1.000000
158243 -11.333908 -88.287123 7.064078 1.000000
158244 -12.078837 -88.521868 6.401362 1.000000
158245 -12.320962 -88.901088 6.096561 1.000000
