#
789
40 34.319907 -73.450729 -11.987600 1.000000
349 41.776717 -75.818956 -14.123823 1.000000
829 36.938932 -75.228870 -13.704128 1.000000
1384 28.367853 -64.364992 -4.302303 1.000000
1386 27.265884 -69.748215 -4.951848 1.000000
1387 27.274512 -73.563807 -6.590032 1.000000
1999 35.695344 -80.220930 -12.130476 1.000000
2000 32.899536 -79.130046 -9.985899 1.000000
2490 30.699454 -78.095026 -8.177912 1.000000
2498 28.843451 -76.162428 -7.992560 1.000000
2499 31.480610 -72.304673 -13.056315 1.000000
2749 35.741504 -74.511304 -12.712474 1.000000
2750 38.304608 -71.828224 -13.658239 1.000000
2751 36.706071 -70.846349 -12.675069 1.000000
2753 34.883149 -70.586130 -12.563251 1.000000
3304 30.392865 -63.881710 -6.146277 1.000000
3305 27.615972 -67.392685 -4.259098 1.000000
3306 29.540563 -66.275410 -6.563965 1.000000
3307 29.165460 -68.193793 -7.082551 1.000000
4387 33.894606 -79.759635 -11.350309 1.000000
4388 30.940190 -82.017884 -11.219274 1.000000
5579 28.520804 -80.946594 -8.631506 1.000000
5580 27.552692 -80.354713 -8.006643 1.000000
5599 29.036144 -71.796954 -9.061002 1.000000
5600 27.829101 -74.966840 -7.176490 1.000000
5601 29.540507 -73.015086 -9.917832 1.000000
5602 30.493433 -74.207664 -10.622622 1.000000
5603 29.950283 -71.301833 -12.951366 1.000000
5604 31.696402 -69.412135 -14.491000 1.000000
6099 39.309058 -75.801499 -14.371290 1.000000
7098 25.489083 -64.445898 -4.218715 1.000000
7100 24.778474 -68.010524 -3.462415 1.000000
7101 24.580181 -70.611916 -4.253360 1.000000
7102 24.663802 -72.051600 -5.583054 1.000000
7104 27.206741 -71.546964 -5.662512 1.000000
7105 29.030560 -70.068859 -7.962897 1.000000
7965 28.901840 -61.335370 -4.447064 1.000000
7966 31.006051 -61.079994 -5.936921 1.000000
8579 38.722131 -77.808268 -13.009819 1.000000
8580 36.508217 -77.426381 -12.502832 1.000000
8581 34.945831 -76.906070 -11.815382 1.000000
8582 33.751238 -76.049946 -10.941677 1.000000
10024 29.586859 -81.606530 -9.884718 1.000000
10025 31.859744 -78.536563 -8.798594 1.000000
10026 32.591112 -75.656943 -10.366252 1.000000
10051 29.911347 -77.097058 -8.297777 1.000000
10052 31.557757 -74.912906 -10.640299 1.000000
10053 32.987989 -72.858997 -12.394140 1.000000
10054 33.459604 -70.061199 -13.634966 1.000000
10429 35.137855 -73.877759 -12.213456 1.000000
10430 36.304042 -72.677113 -12.625944 1.000000
10431 35.511136 -72.126992 -12.297751 1.000000
10432 35.828400 -70.544943 -12.479715 1.000000
10433 34.625959 -72.037511 -12.184071 1.000000
10984 30.750707 -63.197359 -7.698878 1.000000
10985 29.989352 -65.133877 -6.316669 1.000000
10986 30.287003 -64.394996 -7.852042 1.000000
10987 29.849689 -65.384872 -8.127834 1.000000
12067 31.317286 -82.271948 -12.060634 1.000000
13280 29.184703 -72.443433 -9.454480 1.000000
13281 29.428858 -71.546167 -10.963755 1.000000
13282 29.775644 -72.193734 -11.450365 1.000000
13283 29.564820 -70.665933 -12.412825 1.000000
13284 29.875418 -69.857985 -13.678522 1.000000
14004 38.059786 -75.649843 -14.058063 1.000000
14006 38.648769 -73.918596 -14.334383 1.000000
15669 26.881658 -64.513832 -3.951409 1.000000
15670 25.050735 -66.153102 -3.700025 1.000000
15671 26.518714 -66.153586 -3.694870 1.000000
15672 27.420664 -68.664260 -4.516770 1.000000
15673 26.150573 -69.094896 -3.895079 1.000000
15674 25.966721 -70.253342 -4.419323 1.000000
15675 24.564834 -71.383156 -5.078499 1.000000
15676 25.896130 -71.089253 -4.958331 1.000000
15677 25.867229 -71.884044 -5.352230 1.000000
15678 27.231343 -70.636183 -5.315198 1.000000
15679 29.418860 -67.276016 -8.482554 1.000000
15680 29.083896 -69.199435 -7.401753 1.000000
15681 29.355071 -68.200968 -8.841540 1.000000
17481 31.854946 -59.269328 -7.143053 1.000000
17482 31.441223 -60.679577 -7.308139 1.000000
18912 35.054386 -81.668906 -12.753339 1.000000
18915 38.459167 -79.121180 -12.505657 1.000000
18916 37.322942 -78.930661 -12.279847 1.000000
18917 37.550144 -77.651627 -12.822655 1.000000
18918 36.257330 -78.830339 -11.952681 1.000000
18919 33.296917 -79.504684 -10.631626 1.000000
18920 34.574334 -78.199752 -11.214713 1.000000
18921 33.972953 -77.883817 -10.812254 1.000000
18922 34.323420 -76.504737 -11.444055 1.000000
18923 33.449553 -77.433579 -10.321016 1.000000
22496 29.764725 -79.644017 -8.093273 1.000000
22497 30.316196 -79.924114 -8.521071 1.000000
22498 31.288173 -78.310989 -8.367778 1.000000
22499 32.359961 -76.970786 -9.336526 1.000000
22500 31.665105 -76.673344 -9.058336 1.000000
22557 28.236384 -75.507268 -7.504806 1.000000
22559 27.276702 -76.927081 -7.108709 1.000000
22561 27.913060 -77.507921 -7.312953 1.000000
22562 28.423253 -78.066736 -7.638927 1.000000
22563 29.435974 -76.658309 -8.170788 1.000000
22564 30.933788 -73.239282 -11.896752 1.000000
22565 31.056540 -74.568070 -10.665406 1.000000
22566 31.636592 -73.620453 -11.930185 1.000000
22567 32.184526 -73.947713 -11.819997 1.000000
22568 32.300092 -72.590105 -12.853915 1.000000
22569 33.246506 -71.529679 -13.054161 1.000000
22570 32.455709 -71.258895 -13.534467 1.000000
23379 36.348231 -74.935973 -13.201975 1.000000
23380 37.683535 -73.494226 -13.861888 1.000000
23381 37.036568 -73.223785 -13.217204 1.000000
23382 37.529413 -71.451090 -13.093260 1.000000
23383 37.877403 -69.841996 -13.220332 1.000000
23385 36.961127 -69.506615 -12.980764 1.000000
23387 35.250839 -69.152437 -13.138163 1.000000
24378 29.587671 -64.171582 -5.046276 1.000000
24379 27.923452 -65.951213 -4.212582 1.000000
24380 29.141156 -65.595776 -5.091021 1.000000
24381 28.775640 -66.898674 -5.215295 1.000000
24382 28.568588 -68.076491 -5.533910 1.000000
24383 28.408412 -69.040917 -5.838842 1.000000
24384 29.238632 -67.329429 -6.795627 1.000000
24385 29.564930 -66.321179 -8.261221 1.000000
26326 33.957675 -81.428379 -12.516823 1.000000
26327 34.748983 -80.026671 -11.829036 1.000000
26328 32.989282 -81.076346 -12.035233 1.000000
26329 32.403171 -80.914453 -11.168800 1.000000
26330 32.011248 -80.728777 -10.350982 1.000000
28473 27.230289 -81.919760 -9.409250 1.000000
28475 27.980346 -80.753580 -8.312407 1.000000
28476 29.208951 -79.359032 -7.908025 1.000000
28509 28.405396 -72.745956 -7.758615 1.000000
28510 27.593637 -74.302182 -6.953717 1.000000
28511 28.594531 -73.390774 -8.044576 1.000000
28512 28.941443 -74.008822 -8.328649 1.000000
28513 29.374439 -74.531548 -8.804254 1.000000
28514 29.914770 -75.128101 -9.215805 1.000000
28515 29.985620 -73.651895 -10.366773 1.000000
28516 30.273335 -72.774030 -11.858420 1.000000
28517 30.659100 -71.878009 -13.127680 1.000000
28518 31.509638 -70.895188 -13.965355 1.000000
28519 30.477367 -70.521548 -13.990957 1.000000
29589 40.574428 -75.862661 -14.317007 1.000000
29590 42.207226 -74.243024 -14.827665 1.000000
29591 40.994696 -74.342206 -14.993947 1.000000
29594 39.245341 -72.216734 -14.210187 1.000000
31923 23.406554 -67.910358 -3.765647 1.000000
31924 23.307949 -69.721222 -3.750975 1.000000
31925 26.265182 -67.821987 -3.639799 1.000000
31926 24.672449 -69.512665 -3.672094 1.000000
31927 23.356022 -70.968240 -4.405254 1.000000
31930 23.656178 -73.039331 -6.629601 1.000000
31932 24.578417 -73.015697 -5.890421 1.000000
31933 25.883533 -72.908163 -5.720511 1.000000
31934 27.254181 -72.565958 -6.183211 1.000000
31935 28.343158 -69.984898 -6.193422 1.000000
31936 28.349202 -70.947751 -6.607460 1.000000
31937 28.376257 -71.921051 -7.172490 1.000000
31938 28.989308 -71.029298 -8.608710 1.000000
34233 25.824249 -62.842965 -4.654893 1.000000
34234 27.254663 -62.926732 -4.299937 1.000000
34235 28.618529 -62.871985 -4.372621 1.000000
34236 30.369645 -59.791483 -4.981109 1.000000
34237 30.109344 -61.256122 -4.987829 1.000000
34238 29.856574 -62.721714 -5.008137 1.000000
34239 30.726954 -62.509261 -6.077169 1.000000
34240 31.108312 -62.061667 -7.467886 1.000000
35990 41.480172 -77.033848 -13.529520 1.000000
35999 40.236484 -76.955102 -13.747953 1.000000
36000 38.993731 -76.757871 -13.743002 1.000000
36001 37.713502 -76.709472 -13.568629 1.000000
36002 36.657713 -76.362811 -13.219009 1.000000
36003 35.391521 -78.500755 -11.652632 1.000000
36004 35.633974 -77.164359 -12.155882 1.000000
36005 35.891131 -76.084197 -12.769765 1.000000
36006 35.240289 -75.774536 -12.421169 1.000000
36007 34.706611 -75.233653 -11.988110 1.000000
36008 34.011547 -74.755073 -11.617646 1.000000
40306 28.984059 -82.921155 -11.202624 1.000000
40307 30.333038 -81.843615 -10.509943 1.000000
40308 31.465746 -80.494672 -9.762697 1.000000
40309 29.083807 -81.279576 -9.159406 1.000000
40310 30.908534 -80.255702 -9.016557 1.000000
40311 32.379523 -78.849852 -9.375822 1.000000
40312 32.925457 -77.159047 -9.701644 1.000000
40313 33.133440 -75.817026 -10.574419 1.000000
40314 33.350997 -74.592121 -11.382587 1.000000
40381 26.430039 -75.649939 -6.476108 1.000000
40387 27.089661 -79.631202 -7.630728 1.000000
40388 28.897665 -78.716218 -7.742817 1.000000
40389 30.263925 -77.618025 -8.234582 1.000000
40390 30.430038 -75.589895 -9.306360 1.000000
40391 30.816875 -75.931527 -9.379969 1.000000
40392 31.270713 -76.282039 -9.168340 1.000000
40393 32.043751 -75.237788 -10.375086 1.000000
40394 32.818474 -74.293256 -11.539299 1.000000
40395 33.618107 -73.209524 -12.063332 1.000000
40396 33.930015 -71.717791 -12.473165 1.000000
40397 34.197394 -70.285901 -12.994551 1.000000
40398 34.518730 -68.835042 -13.628291 1.000000
40399 32.649569 -69.709577 -14.161649 1.000000
41149 34.720957 -73.673449 -12.063143 1.000000
41150 35.365276 -73.034227 -12.264565 1.000000
41151 34.903008 -72.853468 -12.147527 1.000000
41152 35.066996 -72.073132 -12.160688 1.000000
41153 34.474995 -72.767980 -12.090360 1.000000
41705 30.521667 -63.798703 -7.730983 1.000000
42324 42.343315 -75.779304 -14.005480 1.000000
42325 43.096136 -75.012714 -14.230413 1.000000
42326 42.552631 -75.076371 -14.373421 1.000000
44724 37.485950 -75.469658 -13.903783 1.000000
44725 38.306404 -74.837357 -14.216291 1.000000
44726 37.759669 -74.621156 -14.048223 1.000000
46389 27.662037 -64.450547 -4.057158 1.000000
46390 26.632786 -65.371066 -3.788624 1.000000
46391 27.434262 -65.266177 -3.969117 1.000000
46392 27.457524 -69.122627 -4.758800 1.000000
46393 26.741687 -69.471143 -4.396060 1.000000
46394 26.649680 -69.958374 -4.636767 1.000000
46395 25.897456 -70.691019 -4.687833 1.000000
46396 26.598321 -70.460305 -4.893495 1.000000
46397 26.586680 -70.784241 -5.109899 1.000000
46398 27.278943 -70.131861 -5.175722 1.000000
49632 35.411481 -80.926865 -12.382424 1.000000
49633 35.955101 -81.102535 -12.541570 1.000000
49634 36.228005 -80.358252 -12.263682 1.000000
49635 37.103340 -79.713099 -12.252903 1.000000
49636 36.520783 -79.632796 -12.102304 1.000000
49637 36.763832 -78.905962 -12.152105 1.000000
49638 35.983313 -79.527222 -11.980258 1.000000
49639 33.103511 -79.328842 -10.354280 1.000000
49640 33.694893 -78.705706 -10.566953 1.000000
49641 33.443943 -78.512378 -10.420809 1.000000
49642 33.690784 -77.741511 -10.602964 1.000000
49643 33.211615 -78.249365 -10.067998 1.000000
53216 30.297317 -78.869507 -8.063280 1.000000
53217 30.549897 -78.961425 -8.205446 1.000000
53218 31.064129 -78.082278 -8.258726 1.000000
53219 31.511676 -77.459894 -8.639593 1.000000
53220 31.254992 -77.354386 -8.600666 1.000000
53274 26.618820 -73.846504 -6.248000 1.000000
53275 26.056271 -74.514560 -6.155946 1.000000
53276 26.698044 -74.315965 -6.378124 1.000000
53277 28.605439 -75.767316 -7.756054 1.000000
53278 27.773157 -76.231278 -7.269956 1.000000
53279 28.182123 -76.505579 -7.478906 1.000000
53280 27.625751 -77.239253 -7.272643 1.000000
53281 28.397720 -76.866686 -7.613726 1.000000
53282 28.718090 -77.073351 -7.739322 1.000000
53283 29.148920 -76.373152 -8.139998 1.000000
53284 31.166373 -72.710872 -12.583341 1.000000
53285 31.273052 -73.445410 -11.974903 1.000000
53286 31.601947 -73.003329 -12.462244 1.000000
53287 31.937249 -73.112018 -12.558783 1.000000
53288 31.963702 -72.473943 -12.988841 1.000000
53289 32.367919 -71.984082 -13.203448 1.000000
53290 31.966418 -71.854405 -13.368314 1.000000
54324 36.050756 -74.794263 -12.920187 1.000000
54325 36.658239 -74.076407 -13.285307 1.000000
54326 36.383331 -73.916666 -12.951803 1.000000
54327 36.532022 -71.714796 -12.608451 1.000000
54328 36.930956 -72.069265 -12.884848 1.000000
54329 37.116796 -71.154736 -12.849363 1.000000
54330 37.709821 -70.645250 -13.096377 1.000000
54331 37.294175 -70.322104 -12.908956 1.000000
54332 37.432391 -69.643885 -13.087055 1.000000
54333 36.815695 -70.172638 -12.793068 1.000000
54334 35.357032 -70.611924 -12.529695 1.000000
54335 35.946295 -69.934018 -12.669565 1.000000
54336 35.530157 -69.904096 -12.754061 1.000000
54337 35.709336 -69.239736 -13.016952 1.000000
54338 35.052437 -69.876418 -12.844061 1.000000
55989 30.037969 -64.052388 -5.549375 1.000000
55990 29.337911 -64.931400 -5.055065 1.000000
55991 29.832657 -64.733364 -5.596896 1.000000
55992 29.755611 -65.710410 -6.440923 1.000000
55993 29.442932 -65.951429 -5.792620 1.000000
55994 29.224936 -66.587381 -5.890490 1.000000
55995 28.630588 -67.515224 -5.352291 1.000000
55996 29.086325 -67.190625 -6.015302 1.000000
55997 28.918529 -67.750610 -6.114254 1.000000
55998 29.390721 -66.839822 -6.697782 1.000000
59239 31.109177 -82.160205 -11.693918 1.000000
59240 31.852733 -81.632346 -11.656407 1.000000
59241 31.667173 -81.529833 -11.216000 1.000000
59242 32.167066 -80.865130 -10.797849 1.000000
59243 31.535793 -81.398115 -10.761889 1.000000
62816 26.914053 -80.914378 -8.314262 1.000000
62817 27.126642 -81.089281 -8.469034 1.000000
62818 27.805887 -80.532119 -8.124697 1.000000
62819 28.604718 -80.090091 -8.068675 1.000000
62820 28.413508 -79.890683 -7.906047 1.000000
62874 28.783128 -72.218552 -8.422667 1.000000
62875 28.533636 -73.028378 -7.930012 1.000000
62876 28.859394 -72.572730 -8.568522 1.000000
62877 29.353596 -72.723739 -9.711396 1.000000
62878 29.104447 -73.192790 -8.911301 1.000000
62879 29.251266 -73.517717 -9.131159 1.000000
62880 29.108932 -74.223317 -8.621005 1.000000
62881 29.525433 -73.722303 -9.336947 1.000000
62882 29.708819 -74.082144 -9.541708 1.000000
62883 29.670686 -73.409908 -10.068854 1.000000
62884 29.802205 -71.748205 -12.185404 1.000000
62885 29.961560 -72.488174 -11.719724 1.000000
62886 30.108120 -72.061308 -12.446315 1.000000
62887 30.463619 -72.369710 -12.471175 1.000000
62888 30.239685 -71.582928 -13.069025 1.000000
62889 30.551419 -71.172729 -13.591990 1.000000
62890 30.183796 -70.880368 -13.503855 1.000000
65049 39.969433 -75.839005 -14.430994 1.000000
65050 40.773567 -75.191759 -14.651792 1.000000
65051 40.168792 -75.142786 -14.789240 1.000000
65057 38.056243 -72.632261 -13.792783 1.000000
65058 38.467888 -72.790965 -14.066806 1.000000
65059 38.737915 -72.029464 -13.972146 1.000000
70044 24.810009 -64.354986 -4.485816 1.000000
70045 23.952743 -65.036908 -4.499446 1.000000
70046 24.576880 -65.192401 -4.199615 1.000000
70047 24.915101 -67.071460 -3.548949 1.000000
70048 24.199931 -67.005292 -3.693134 1.000000
70049 24.104171 -67.983828 -3.546725 1.000000
70050 23.359153 -68.874046 -3.668960 1.000000
70051 24.048671 -68.839803 -3.524209 1.000000
70052 27.740704 -66.653252 -4.244085 1.000000
70053 27.053874 -66.861272 -3.904342 1.000000
70054 26.969701 -67.595288 -3.917109 1.000000
70055 25.365587 -69.906510 -3.974755 1.000000
70056 25.447350 -69.297612 -3.739637 1.000000
70057 24.693115 -70.089124 -3.909917 1.000000
70058 24.028966 -70.243865 -3.918621 1.000000
70059 23.906574 -70.808850 -4.264739 1.000000
70060 23.220068 -71.410649 -4.883468 1.000000
70061 23.851013 -71.232781 -4.728173 1.000000
70062 24.621654 -71.678184 -5.363149 1.000000
70063 23.985162 -71.832173 -5.591388 1.000000
70064 24.102682 -72.145283 -5.854822 1.000000
70065 23.680111 -72.574683 -6.448639 1.000000
70066 24.145028 -72.520435 -6.095830 1.000000
70067 24.069253 -73.016472 -6.227214 1.000000
70068 24.591483 -72.475068 -5.762869 1.000000
70069 26.506053 -71.748927 -5.458560 1.000000
70070 25.834372 -72.364055 -5.543420 1.000000
70071 26.578236 -72.214946 -5.675854 1.000000
70072 26.564902 -72.771922 -5.847489 1.000000
70073 27.216272 -72.029330 -5.907873 1.000000
70074 28.827088 -68.673253 -6.391340 1.000000
70075 28.383316 -69.557250 -5.991006 1.000000
70076 28.788965 -69.141418 -6.573795 1.000000
70077 29.084207 -69.604658 -7.707582 1.000000
70078 28.792057 -70.084706 -6.944563 1.000000
70079 28.784726 -70.619367 -7.206453 1.000000
70080 28.371261 -71.431473 -6.891116 1.000000
70081 28.750965 -71.000062 -7.539895 1.000000
70082 28.714381 -71.485460 -7.863649 1.000000
70083 29.009573 -70.567958 -8.289319 1.000000
75469 28.165935 -61.389446 -4.457064 1.000000
75470 27.354611 -62.155578 -4.410745 1.000000
75471 28.071875 -62.134042 -4.340227 1.000000
75472 27.927196 -62.909648 -4.267318 1.000000
75473 28.748725 -62.105846 -4.422704 1.000000
75477 31.218054 -60.298868 -5.904508 1.000000
75478 30.787833 -60.428578 -5.406804 1.000000
75479 30.604320 -61.168794 -5.408324 1.000000
75480 29.961975 -61.999109 -4.994445 1.000000
75481 30.417698 -61.937857 -5.414255 1.000000
75482 30.320786 -62.640220 -5.494929 1.000000
75483 30.850723 -61.773561 -5.978553 1.000000
79782 38.572680 -78.452043 -12.705912 1.000000
79783 39.180469 -78.596361 -12.764918 1.000000
79784 39.385151 -77.877507 -13.035235 1.000000
79785 40.108841 -77.483810 -13.456168 1.000000
79786 39.535012 -77.299707 -13.380140 1.000000
79787 39.673660 -76.800033 -13.739629 1.000000
79788 38.874585 -77.190720 -13.387018 1.000000
79789 37.045065 -77.564761 -12.683732 1.000000
79790 37.611306 -77.129960 -13.185075 1.000000
79791 37.118647 -77.030554 -13.073415 1.000000
79792 37.185416 -76.561816 -13.409459 1.000000
79793 36.581304 -76.830581 -12.873349 1.000000
79794 34.296196 -79.895802 -11.626700 1.000000
79795 35.098847 -79.270974 -11.654162 1.000000
79796 34.691323 -79.169087 -11.433113 1.000000
79797 34.785107 -77.521421 -11.481970 1.000000
79798 35.130050 -77.660508 -11.686872 1.000000
79799 35.291065 -77.047408 -12.027909 1.000000
79800 35.756644 -76.602243 -12.462110 1.000000
79801 35.404451 -76.516904 -12.334405 1.000000
79802 35.555333 -75.992942 -12.616548 1.000000
79803 35.055868 -76.348245 -12.170110 1.000000
79804 34.033049 -76.318271 -11.233556 1.000000
79805 34.519803 -75.867355 -11.800637 1.000000
79806 34.205265 -75.664088 -11.521162 1.000000
79807 34.359511 -75.062171 -11.757506 1.000000
79808 33.845033 -75.422600 -11.309677 1.000000
90521 28.919211 -82.129776 -10.345998 1.000000
90522 29.222762 -82.225777 -10.637658 1.000000
90523 29.912893 -81.667557 -10.190088 1.000000
90524 30.934833 -81.212878 -10.108577 1.000000
90525 30.564947 -81.086352 -9.684604 1.000000
90526 27.928656 -81.452318 -8.989706 1.000000
90527 28.138531 -81.655361 -9.260966 1.000000
90528 28.790396 -81.121020 -8.878787 1.000000
90529 31.144673 -79.258218 -8.589915 1.000000
90530 30.580541 -80.070086 -8.773799 1.000000
90531 31.426329 -79.403579 -8.841939 1.000000
90532 31.676784 -79.607740 -9.166061 1.000000
90533 32.161769 -78.729317 -9.040030 1.000000
90534 32.697011 -77.981859 -9.465494 1.000000
90535 32.462481 -77.838011 -9.169253 1.000000
90536 32.483887 -76.290466 -9.839384 1.000000
90537 32.769389 -76.369509 -9.928894 1.000000
90538 32.844428 -75.769797 -10.415823 1.000000
90539 33.225961 -75.201727 -10.999126 1.000000
90540 32.936186 -75.168647 -10.887175 1.000000
90707 27.745977 -74.622586 -7.042401 1.000000
90708 27.036367 -74.989915 -6.654521 1.000000
90709 27.159099 -75.324968 -6.738772 1.000000
90724 29.269282 -77.529937 -7.881354 1.000000
90725 28.668147 -78.388706 -7.678815 1.000000
90726 29.460765 -77.893808 -7.936788 1.000000
90727 29.624972 -78.220174 -7.970951 1.000000
90728 30.086374 -77.378005 -8.292180 1.000000
90729 30.211089 -74.651770 -9.895102 1.000000
90730 30.147206 -75.406261 -9.251284 1.000000
90731 30.482860 -74.941859 -9.893798 1.000000
90732 31.305790 -74.729264 -10.705507 1.000000
90733 30.990612 -75.202346 -10.039053 1.000000
90734 31.226460 -75.423241 -9.994562 1.000000
90735 31.016596 -76.178484 -9.266027 1.000000
90736 31.448435 -75.602904 -9.863080 1.000000
90737 31.698786 -75.732879 -9.725485 1.000000
90738 31.820029 -75.073205 -10.456167 1.000000
90739 32.496221 -73.507428 -12.244209 1.000000
90740 32.451712 -74.112497 -11.632116 1.000000
90741 32.893255 -73.553592 -11.991242 1.000000
90742 33.182204 -73.772416 -11.873076 1.000000
90743 33.274285 -72.992198 -12.231303 1.000000
90744 33.768296 -72.483689 -12.282308 1.000000
90745 33.388406 -72.283298 -12.456743 1.000000
90746 33.349235 -70.826918 -13.336413 1.000000
90747 33.676170 -70.912041 -12.984323 1.000000
90748 33.800937 -70.172891 -13.322153 1.000000
90749 34.342293 -69.582418 -13.315849 1.000000
90750 33.969566 -69.363527 -13.628919 1.000000
90751 31.531174 -70.263460 -14.290314 1.000000
90752 32.057233 -70.304915 -14.093768 1.000000
90753 32.173216 -69.515549 -14.363039 1.000000
92499 35.476573 -74.204490 -12.422229 1.000000
92500 36.056556 -73.602051 -12.702870 1.000000
92501 35.714574 -73.331572 -12.429207 1.000000
92502 35.915200 -72.428092 -12.414014 1.000000
92503 36.123447 -71.494736 -12.435024 1.000000
92504 36.272276 -70.725054 -12.552042 1.000000
92505 35.665143 -71.316525 -12.367216 1.000000
92506 35.202809 -71.339652 -12.330998 1.000000
92507 34.770720 -71.237490 -12.275079 1.000000
93498 30.642655 -63.635841 -6.814013 1.000000
93499 30.193944 -64.494140 -6.232338 1.000000
93500 30.441986 -64.205974 -6.971008 1.000000
93501 30.214151 -64.782575 -7.078227 1.000000
93502 29.975217 -65.376766 -7.164279 1.000000
93503 29.740835 -65.937385 -7.286132 1.000000
93504 30.032344 -64.848050 -8.030741 1.000000
95449 30.527130 -82.723469 -11.977238 1.000000
95450 30.307813 -82.605146 -11.576789 1.000000
97595 25.994496 -81.254132 -8.394632 1.000000
97596 26.633717 -80.703840 -8.084271 1.000000
97629 29.189866 -71.288817 -9.779289 1.000000
97630 29.090784 -72.088733 -9.292341 1.000000
97631 29.230518 -71.656287 -10.007875 1.000000
97632 29.336056 -71.991973 -10.214885 1.000000
97633 29.466983 -72.347119 -10.435163 1.000000
97634 29.666813 -72.692834 -10.612813 1.000000
97635 29.588344 -71.950808 -11.121383 1.000000
97636 29.669158 -71.443237 -11.923192 1.000000
97637 29.715493 -71.000449 -12.654528 1.000000
97638 29.814383 -70.635542 -13.338285 1.000000
97639 29.663898 -70.341200 -13.071015 1.000000
98934 38.639169 -75.791992 -14.221403 1.000000
98935 39.524350 -75.106487 -14.678111 1.000000
98936 38.931586 -74.944496 -14.463834 1.000000
98939 38.529743 -71.045488 -13.560671 1.000000
98940 38.981851 -71.266435 -13.839401 1.000000
98941 39.206948 -70.522234 -13.806824 1.000000
101931 26.171979 -64.490922 -4.012305 1.000000
101932 25.273526 -65.273300 -3.937246 1.000000
101933 26.025208 -65.318041 -3.779923 1.000000
101934 25.759302 -66.213436 -3.627630 1.000000
101935 25.615763 -67.064010 -3.527602 1.000000
101936 27.522869 -68.020985 -4.372418 1.000000
101937 26.877936 -68.306349 -3.984983 1.000000
101938 26.774663 -68.913043 -4.140285 1.000000
101939 26.032643 -69.745578 -4.092715 1.000000
101940 25.294833 -70.424482 -4.295439 1.000000
101941 24.537420 -71.032695 -4.654984 1.000000
101942 25.207981 -70.865259 -4.686407 1.000000
101943 25.232242 -71.258083 -4.926865 1.000000
101944 25.226137 -71.588047 -5.180851 1.000000
101945 25.217136 -71.978129 -5.388130 1.000000
101946 25.872014 -71.440011 -5.175214 1.000000
101947 26.552826 -71.267165 -5.285763 1.000000
101948 27.198959 -71.050540 -5.519559 1.000000
101949 29.321194 -67.776181 -7.748750 1.000000
101950 29.150376 -68.699628 -7.226358 1.000000
101951 29.285517 -68.223290 -7.969094 1.000000
101952 29.259043 -68.693392 -8.133098 1.000000
101953 29.235955 -69.154538 -8.406396 1.000000
101954 29.180119 -69.601491 -8.729500 1.000000
101955 29.252341 -68.626858 -9.178082 1.000000
105187 28.330136 -60.572747 -4.528712 1.000000
105188 28.998645 -60.584582 -4.525244 1.000000
105192 31.666040 -59.462462 -6.504544 1.000000
105193 31.485479 -60.114343 -6.582002 1.000000
105194 31.277012 -60.927987 -6.540420 1.000000
105195 31.643301 -59.986837 -7.226646 1.000000
107775 37.859414 -79.039834 -12.427887 1.000000
107776 38.009398 -78.319117 -12.601779 1.000000
107777 38.187463 -77.691816 -12.892575 1.000000
107778 37.458617 -78.250162 -12.507685 1.000000
107779 36.944456 -78.203171 -12.351724 1.000000
107780 36.410742 -78.081362 -12.189667 1.000000
107781 33.597991 -79.627097 -10.946665 1.000000
107782 34.303661 -79.010509 -11.170940 1.000000
107783 33.995815 -78.866675 -10.875753 1.000000
107784 34.291387 -78.112036 -10.998340 1.000000
107785 34.493774 -77.352412 -11.282294 1.000000
107786 34.615435 -76.700702 -11.631887 1.000000
107787 34.158859 -77.167965 -11.114324 1.000000
107788 33.852614 -76.995768 -10.921872 1.000000
107789 33.628058 -76.702505 -10.613346 1.000000
114218 27.917733 -82.424216 -10.334200 1.000000
114219 28.657828 -81.927583 -9.965189 1.000000
114220 29.076809 -80.382980 -8.337962 1.000000
114221 29.420324 -80.495618 -8.514949 1.000000
114222 29.998036 -79.776898 -8.293476 1.000000
114223 30.882671 -79.164602 -8.336028 1.000000
114224 31.569265 -78.387558 -8.599744 1.000000
114225 32.198556 -77.674553 -8.897401 1.000000
114226 31.872932 -77.534810 -8.793744 1.000000
114227 32.048091 -76.728612 -9.173448 1.000000
114228 32.195251 -76.138392 -9.675024 1.000000
114329 28.008357 -75.222440 -7.308286 1.000000
114330 27.287433 -75.692341 -6.870633 1.000000
114331 27.470281 -75.944498 -7.027696 1.000000
114340 28.984066 -77.355392 -7.859860 1.000000
114341 29.715266 -76.792508 -8.267221 1.000000
114342 30.776469 -73.747970 -11.265093 1.000000
114343 30.793579 -74.419856 -10.656213 1.000000
114344 31.019770 -73.916778 -11.322363 1.000000
114345 31.344738 -74.097522 -11.374598 1.000000
114346 31.621456 -74.249677 -11.332887 1.000000
114347 31.835698 -74.443586 -11.244253 1.000000
114348 31.939398 -73.770463 -12.047449 1.000000
114349 32.257766 -73.284492 -12.389046 1.000000
114350 32.671366 -72.811939 -12.659183 1.000000
114351 33.105180 -72.246507 -12.739751 1.000000
114352 32.757856 -72.168626 -12.954386 1.000000
114353 32.832116 -71.474500 -13.256546 1.000000
114354 32.917213 -70.699140 -13.579300 1.000000
114355 31.917717 -68.529129 -14.676214 1.000000
114356 32.328494 -68.778820 -14.566251 1.000000
114357 32.617982 -67.911826 -14.804004 1.000000
115989 36.601383 -75.121351 -13.487712 1.000000
115990 37.304476 -74.378014 -13.855120 1.000000
115991 36.960889 -74.287780 -13.565616 1.000000
115992 37.321094 -73.388048 -13.548045 1.000000
115993 37.641484 -72.510339 -13.476088 1.000000
115994 36.686402 -72.992660 -12.932156 1.000000
115995 37.313864 -72.261170 -13.167847 1.000000
115996 37.902478 -71.686573 -13.350543 1.000000
115997 38.120382 -70.880964 -13.296026 1.000000
116004 36.408480 -70.038565 -12.753157 1.000000
118320 29.008225 -64.278886 -4.632686 1.000000
118321 28.141785 -65.160356 -4.229046 1.000000
118322 28.810434 -65.027736 -4.619219 1.000000
118323 28.587518 -65.743014 -4.621161 1.000000
118324 28.331900 -66.477574 -4.639476 1.000000
118325 29.619709 -65.374769 -5.675428 1.000000
118326 28.998058 -66.204600 -5.182218 1.000000
118327 28.295431 -67.081064 -4.740356 1.000000
118328 28.123617 -67.770131 -4.816348 1.000000
118329 27.998677 -68.397693 -4.955418 1.000000
118330 28.010184 -68.902835 -5.179153 1.000000
118331 27.917685 -69.402091 -5.364887 1.000000
118332 28.484097 -68.553001 -5.697994 1.000000
118333 28.876735 -68.163030 -6.295600 1.000000
118334 29.192094 -67.772739 -6.897819 1.000000
118335 29.617671 -66.358656 -7.470281 1.000000
118336 29.443538 -66.843875 -7.548299 1.000000
118337 29.360104 -67.313887 -7.597213 1.000000
118338 29.456208 -66.849992 -8.307520 1.000000
122865 34.447283 -81.511945 -12.715441 1.000000
122866 34.837659 -80.825292 -12.333867 1.000000
122867 35.188131 -80.178097 -11.961878 1.000000
122868 34.365088 -80.762744 -12.138073 1.000000
122869 33.847723 -80.558985 -11.970210 1.000000
122870 33.445459 -80.441885 -11.653877 1.000000
122872 32.624271 -80.982484 -11.655974 1.000000
122873 33.120263 -80.302037 -11.272771 1.000000
122874 32.861281 -80.240741 -10.833289 1.000000
122875 32.635827 -80.144487 -10.461278 1.000000
122876 32.481957 -79.963394 -10.094129 1.000000
127877 26.950134 -81.797838 -9.196025 1.000000
127878 27.582852 -81.331611 -8.781984 1.000000
127880 27.401285 -81.204452 -8.673301 1.000000
127881 28.247025 -80.782965 -8.443169 1.000000
127882 28.886799 -80.206707 -8.174642 1.000000
127883 29.490620 -79.553857 -7.983466 1.000000
127884 29.951191 -78.772359 -7.975813 1.000000
127959 27.961954 -73.156983 -7.148387 1.000000
127960 27.445292 -73.925890 -6.786756 1.000000
127961 28.061304 -73.569484 -7.306374 1.000000
127962 28.201792 -73.801659 -7.482840 1.000000
127963 28.273519 -74.208587 -7.562904 1.000000
127964 28.973766 -72.871327 -8.747305 1.000000
127965 28.807160 -73.691517 -8.184259 1.000000
127966 28.456073 -74.473612 -7.695891 1.000000
127967 28.659092 -74.770890 -7.893190 1.000000
127968 28.917080 -74.923940 -8.144105 1.000000
127969 29.165421 -75.332351 -8.370346 1.000000
127970 29.431073 -75.638391 -8.623052 1.000000
127971 29.627061 -74.796282 -9.059375 1.000000
127972 30.009329 -74.389942 -9.796347 1.000000
127973 30.225933 -73.937118 -10.529637 1.000000
127974 29.893002 -72.919779 -10.913070 1.000000
127975 30.132700 -73.274300 -11.094004 1.000000
127976 30.386066 -73.439538 -11.264717 1.000000
127977 30.622030 -73.052682 -11.885417 1.000000
127978 30.819239 -72.635815 -12.519293 1.000000
127979 31.098317 -72.017260 -13.122788 1.000000
127980 31.485341 -71.584776 -13.542700 1.000000
127981 31.015826 -71.434185 -13.627176 1.000000
127982 31.003574 -70.731118 -14.057126 1.000000
127983 31.076122 -69.944359 -14.373165 1.000000
127984 30.201569 -70.174888 -13.848918 1.000000
127985 30.630637 -69.691546 -14.273512 1.000000
127986 31.256448 -69.135897 -14.590357 1.000000
127987 31.518321 -68.257734 -14.739229 1.000000
130779 41.193336 -75.845495 -14.234123 1.000000
130780 41.969381 -75.103439 -14.497441 1.000000
130781 41.355006 -75.107314 -14.571274 1.000000
130784 40.413827 -74.339494 -15.039745 1.000000
130790 38.109601 -73.693141 -14.085045 1.000000
130793 39.501898 -71.422897 -14.097616 1.000000
137111 24.361441 -66.059612 -3.904698 1.000000
137117 27.262436 -66.040404 -3.898612 1.000000
137118 26.354926 -66.988863 -3.653590 1.000000
137119 25.539313 -67.907497 -3.522833 1.000000
137120 26.199549 -68.498589 -3.708905 1.000000
137121 25.439294 -68.687640 -3.582626 1.000000
137122 24.723943 -68.788894 -3.515083 1.000000
137123 23.971166 -69.632202 -3.648811 1.000000
137129 23.925275 -71.506731 -5.171656 1.000000
137139 25.186084 -72.467066 -5.534318 1.000000
137143 26.659209 -73.356047 -6.014485 1.000000
137144 27.265595 -73.077209 -6.376454 1.000000
137145 27.886180 -69.857284 -5.473679 1.000000
137146 27.818771 -70.294783 -5.719397 1.000000
137147 27.808430 -70.818648 -5.880704 1.000000
137148 28.800404 -69.604851 -6.753700 1.000000
137149 28.347204 -70.482463 -6.354968 1.000000
137150 27.847936 -71.239270 -6.105751 1.000000
137151 27.811782 -71.767382 -6.341962 1.000000
137152 27.848536 -72.276831 -6.582110 1.000000
137153 27.830338 -72.761096 -6.837326 1.000000
137154 28.336078 -72.353937 -7.440125 1.000000
137155 28.728323 -71.847096 -8.199179 1.000000
137156 29.015187 -71.363695 -8.874764 1.000000
137157 29.197708 -70.143037 -9.049399 1.000000
137158 29.168198 -70.519067 -9.347560 1.000000
137159 29.137043 -70.936769 -9.539556 1.000000
137160 29.235452 -70.445769 -10.287664 1.000000
143758 25.012540 -63.539989 -4.757438 1.000000
143759 25.668347 -63.634664 -4.477105 1.000000
143761 26.528956 -62.897056 -4.423375 1.000000
143762 26.406892 -63.713126 -4.253964 1.000000
143763 27.052881 -63.726768 -4.112183 1.000000
143764 27.778620 -63.698404 -4.140757 1.000000
143765 28.505893 -63.643634 -4.296224 1.000000
143767 29.778393 -59.800606 -4.727279 1.000000
143768 29.664142 -60.569193 -4.703342 1.000000
143770 30.248590 -60.529005 -4.998251 1.000000
143771 29.500356 -61.327185 -4.628586 1.000000
143772 29.384995 -62.082235 -4.643932 1.000000
143773 29.293137 -62.796526 -4.617710 1.000000
143774 29.197570 -63.541472 -4.630178 1.000000
143775 29.728414 -63.489646 -5.043004 1.000000
143776 30.208722 -63.365243 -5.528455 1.000000
143777 30.582240 -63.206159 -6.133988 1.000000
143778 31.161822 -61.593007 -6.709601 1.000000
143779 31.011850 -62.356230 -6.762292 1.000000
143780 30.817242 -63.051686 -6.743182 1.000000
143781 30.920072 -62.667489 -7.546523 1.000000
143978 42.764027 -74.313477 -14.739711 1.000000
148951 42.167243 -76.364174 -13.708255 1.000000
148952 41.627694 -76.419488 -13.831320 1.000000
148978 40.921789 -76.977357 -13.622922 1.000000
148979 41.056577 -76.437488 -13.946437 1.000000
148980 40.404912 -76.428600 -14.015776 1.000000
148981 39.822564 -76.319195 -14.082080 1.000000
148982 39.146952 -76.296642 -14.063722 1.000000
148983 38.304459 -77.184588 -13.300451 1.000000
148984 38.376018 -76.751217 -13.658249 1.000000
148985 38.454205 -76.326966 -13.959608 1.000000
148986 37.883654 -76.219909 -13.842947 1.000000
148987 37.263840 -76.095916 -13.682920 1.000000
148988 36.753699 -75.827003 -13.495613 1.000000
148989 35.523627 -79.424493 -11.805153 1.000000
148990 35.777163 -78.660041 -11.861555 1.000000
148991 35.954516 -77.920727 -12.045749 1.000000
148992 34.948174 -78.403138 -11.472479 1.000000
148993 35.514418 -77.799134 -11.877797 1.000000
148994 36.070962 -77.274248 -12.337230 1.000000
148995 36.153831 -76.731622 -12.670254 1.000000
148996 36.244132 -76.209515 -12.993268 1.000000
148997 36.363382 -75.706750 -13.276828 1.000000
148998 36.102757 -75.535253 -13.019491 1.000000
148999 35.772499 -75.448073 -12.856783 1.000000
149000 35.479993 -75.161278 -12.610927 1.000000
149001 34.780130 -76.078154 -11.962145 1.000000
149002 34.981322 -75.475715 -12.229868 1.000000
149003 35.232332 -74.888021 -12.368062 1.000000
149004 34.912899 -74.574411 -12.122425 1.000000
149005 34.561936 -74.337490 -11.936555 1.000000
149006 34.200035 -74.077487 -11.861370 1.000000
161874 29.921180 -82.534827 -11.310223 1.000000
161876 29.625371 -82.364112 -10.978269 1.000000
161877 30.642370 -81.964232 -10.838827 1.000000
161878 31.231543 -81.324875 -10.416166 1.000000
161879 31.735078 -80.610022 -10.044578 1.000000
161880 32.195963 -79.834156 -9.779996 1.000000
161882 28.411759 -81.777133 -9.587649 1.000000
161883 29.352894 -81.429042 -9.504156 1.000000
161884 29.703513 -80.637254 -8.800366 1.000000
161885 29.993057 -80.794245 -9.101679 1.000000
161886 30.269571 -81.005611 -9.390336 1.000000
161887 31.149959 -80.387369 -9.382769 1.000000
161888 31.948399 -79.684779 -9.483408 1.000000
161889 32.617241 -78.951210 -9.720163 1.000000
161890 32.962825 -78.082927 -9.811972 1.000000
161891 33.219673 -77.224165 -10.089691 1.000000
161892 33.331960 -76.593079 -10.438136 1.000000
161893 32.649253 -77.058420 -9.494041 1.000000
161894 33.060495 -76.459035 -10.110300 1.000000
161895 33.426460 -75.946219 -10.831354 1.000000
161896 33.517346 -75.305954 -11.227630 1.000000
161897 33.701055 -74.677452 -11.503343 1.000000
161898 33.822723 -74.064635 -11.739449 1.000000
162097 26.919845 -74.585453 -6.525935 1.000000
162100 26.511911 -76.018952 -6.588546 1.000000
162116 26.415329 -80.335975 -7.879169 1.000000
162117 27.391821 -79.965830 -7.799804 1.000000
162119 28.060410 -79.191849 -7.652219 1.000000
162120 28.345231 -79.580493 -7.748540 1.000000
162121 29.067243 -79.049252 -7.828501 1.000000
162122 29.801143 -78.475513 -7.882634 1.000000
162123 30.434234 -77.833630 -8.207300 1.000000
162124 29.796377 -75.900130 -8.653588 1.000000
162125 29.982228 -76.097429 -8.695459 1.000000
162126 30.230831 -76.314434 -8.773725 1.000000
162127 30.734256 -75.053118 -10.056580 1.000000
162128 30.630795 -75.702332 -9.393329 1.000000
162129 30.465733 -76.506518 -8.796344 1.000000
162130 30.569317 -76.766707 -8.760858 1.000000
162131 30.767474 -76.962374 -8.651175 1.000000
162132 31.066751 -77.132627 -8.560909 1.000000
162133 31.499960 -76.493792 -9.103760 1.000000
162134 31.877797 -75.899653 -9.692822 1.000000
162135 32.311626 -75.479239 -10.311028 1.000000
162136 32.123636 -74.582011 -11.103707 1.000000
162137 32.395370 -74.793123 -10.985692 1.000000
162138 32.690290 -75.007886 -10.946802 1.000000
162139 33.070855 -74.465290 -11.420862 1.000000
162140 33.482697 -73.929295 -11.750807 1.000000
162141 33.964206 -73.288001 -11.966705 1.000000
162142 34.115456 -72.561264 -12.100871 1.000000
162143 34.215357 -71.829364 -12.336660 1.000000
162144 34.373432 -71.085274 -12.557554 1.000000
162145 33.532649 -71.595140 -12.709574 1.000000
162146 34.064978 -70.980765 -12.692332 1.000000
162147 34.555487 -70.357807 -12.778554 1.000000
162148 34.714945 -69.677934 -13.069076 1.000000
162151 31.959668 -71.133696 -13.760267 1.000000
162152 32.538913 -70.512660 -13.847494 1.000000
162153 33.074196 -69.860734 -13.902826 1.000000
162154 32.826006 -68.891451 -14.444288 1.000000
162155 33.223212 -69.064252 -14.209888 1.000000
162156 33.597097 -69.237910 -13.941195 1.000000
162157 34.155112 -68.568565 -13.901571 1.000000
