#
1855
40 34.319907 -73.450729 -11.987600 1.000000
86 35.045058 -82.676627 0.648900 1.000000
155 30.583920 -62.247459 -9.315440 1.000000
349 41.776717 -75.818956 -14.123823 1.000000
445 39.189987 -87.057903 -13.050345 1.000000
446 28.840916 -84.302761 -11.645447 1.000000
620 22.689786 -74.207835 -7.809615 1.000000
621 29.284978 -69.923483 -11.935686 1.000000
829 36.938932 -75.228870 -13.704128 1.000000
830 43.268777 -69.573902 -15.107738 1.000000
831 39.084200 -68.813719 -13.939587 1.000000
833 35.718836 -67.768969 -13.981842 1.000000
968 20.888101 -66.258192 1.830636 1.000000
983 26.367676 -89.296177 -11.293831 1.000000
1384 28.367853 -64.364992 -4.302303 1.000000
1385 22.091163 -71.403094 -4.706658 1.000000
1386 27.265884 -69.748215 -4.951848 1.000000
1387 27.274512 -73.563807 -6.590032 1.000000
1388 29.307617 -66.241480 -9.919637 1.000000
1768 29.279865 -58.270842 -4.809884 1.000000
1996 40.605482 -84.785625 -8.082036 1.000000
1998 40.618196 -81.295237 -12.954709 1.000000
1999 35.695344 -80.220930 -12.130476 1.000000
2000 32.899536 -79.130046 -9.985899 1.000000
2489 25.915714 -83.241932 -9.790733 1.000000
2490 30.699454 -78.095026 -8.177912 1.000000
2498 28.843451 -76.162428 -7.992560 1.000000
2499 31.480610 -72.304673 -13.056315 1.000000
2500 32.747764 -65.770581 -14.999342 1.000000
2749 35.741504 -74.511304 -12.712474 1.000000
2750 38.304608 -71.828224 -13.658239 1.000000
2751 36.706071 -70.846349 -12.675069 1.000000
2752 37.295435 -68.246163 -13.755306 1.000000
2753 34.883149 -70.586130 -12.563251 1.000000
2888 23.472302 -64.141303 1.116078 1.000000
2898 37.200022 -83.937421 0.332869 1.000000
2902 28.410107 -90.172671 -13.489194 1.000000
3304 30.392865 -63.881710 -6.146277 1.000000
3305 27.615972 -67.392685 -4.259098 1.000000
3306 29.540563 -66.275410 -6.563965 1.000000
3307 29.165460 -68.193793 -7.082551 1.000000
3308 29.732181 -64.265184 -9.655638 1.000000
3907 31.628571 -58.191687 -5.859565 1.000000
3924 43.580316 -75.907581 -13.535298 1.000000
3926 44.831932 -72.668761 -14.630293 1.000000
4377 37.182502 -88.791750 -11.539500 1.000000
4379 40.287863 -86.328432 -10.676832 1.000000
4380 42.511832 -83.544657 -9.924607 1.000000
4381 41.776311 -84.498078 -12.350237 1.000000
4382 42.531487 -81.829913 -12.803447 1.000000
4383 39.797585 -84.495395 -13.459967 1.000000
4385 34.412991 -83.188459 -13.348274 1.000000
4386 32.083716 -82.454249 -12.749827 1.000000
4387 33.894606 -79.759635 -11.350309 1.000000
4388 30.940190 -82.017884 -11.219274 1.000000
5578 25.025228 -82.482375 -9.240340 1.000000
5579 28.520804 -80.946594 -8.631506 1.000000
5580 27.552692 -80.354713 -8.006643 1.000000
5592 22.408299 -72.539531 -6.616789 1.000000
5599 29.036144 -71.796954 -9.061002 1.000000
5600 27.829101 -74.966840 -7.176490 1.000000
5601 29.540507 -73.015086 -9.917832 1.000000
5602 30.493433 -74.207664 -10.622622 1.000000
5603 29.950283 -71.301833 -12.951366 1.000000
5604 31.696402 -69.412135 -14.491000 1.000000
5605 30.076325 -68.242915 -14.257869 1.000000
6099 39.309058 -75.801499 -14.371290 1.000000
6100 42.768698 -72.614267 -15.426703 1.000000
6101 40.431708 -72.549298 -14.861193 1.000000
6102 41.165397 -69.480702 -14.521034 1.000000
6373 35.461660 -88.922560 -13.309983 1.000000
6376 29.194480 -87.239347 -12.972786 1.000000
6377 27.303319 -86.701460 -11.188558 1.000000
7098 25.489083 -64.445898 -4.218715 1.000000
7099 22.245441 -67.632884 -4.590821 1.000000
7100 24.778474 -68.010524 -3.462415 1.000000
7101 24.580181 -70.611916 -4.253360 1.000000
7102 24.663802 -72.051600 -5.583054 1.000000
7103 24.481159 -74.183591 -6.036728 1.000000
7104 27.206741 -71.546964 -5.662512 1.000000
7105 29.030560 -70.068859 -7.962897 1.000000
7106 29.092722 -68.235308 -10.874523 1.000000
7391 34.569595 -85.147478 -0.629280 1.000000
7963 26.703009 -58.348276 -5.671275 1.000000
7964 26.197575 -61.229788 -5.039085 1.000000
7965 28.901840 -61.335370 -4.447064 1.000000
7966 31.006051 -61.079994 -5.936921 1.000000
7967 31.431418 -59.966207 -8.875728 1.000000
8565 36.831852 -86.613856 -1.040670 1.000000
8570 40.580992 -83.107159 -5.344440 1.000000
8571 42.695809 -82.494967 -7.339690 1.000000
8572 44.180796 -80.732547 -8.885548 1.000000
8575 43.198388 -78.647420 -12.726352 1.000000
8576 41.215751 -78.333400 -13.012354 1.000000
8577 37.131537 -83.935469 -13.317340 1.000000
8578 38.050376 -80.716833 -12.421179 1.000000
8579 38.722131 -77.808268 -13.009819 1.000000
8580 36.508217 -77.426381 -12.502832 1.000000
8581 34.945831 -76.906070 -11.815382 1.000000
8582 33.751238 -76.049946 -10.941677 1.000000
9492 23.180965 -67.988805 2.733786 1.000000
9493 25.482053 -65.716133 2.122527 1.000000
10019 25.165899 -89.130104 -8.931550 1.000000
10020 25.793564 -86.234391 -9.515448 1.000000
10023 27.132384 -83.909407 -10.557038 1.000000
10024 29.586859 -81.606530 -9.884718 1.000000
10025 31.859744 -78.536563 -8.798594 1.000000
10026 32.591112 -75.656943 -10.366252 1.000000
10048 24.663433 -76.157048 -6.322541 1.000000
10049 25.453363 -77.573471 -6.606563 1.000000
10050 26.533242 -78.812033 -7.267647 1.000000
10051 29.911347 -77.097058 -8.297777 1.000000
10052 31.557757 -74.912906 -10.640299 1.000000
10053 32.987989 -72.858997 -12.394140 1.000000
10054 33.459604 -70.061199 -13.634966 1.000000
10055 34.312066 -66.764563 -14.764566 1.000000
10429 35.137855 -73.877759 -12.213456 1.000000
10430 36.304042 -72.677113 -12.625944 1.000000
10431 35.511136 -72.126992 -12.297751 1.000000
10432 35.828400 -70.544943 -12.479715 1.000000
10433 34.625959 -72.037511 -12.184071 1.000000
10576 36.408514 -82.186408 1.261206 1.000000
10577 37.371378 -82.835287 1.155120 1.000000
10578 36.145333 -83.238594 0.379734 1.000000
10984 30.750707 -63.197359 -7.698878 1.000000
10985 29.989352 -65.133877 -6.316669 1.000000
10986 30.287003 -64.394996 -7.852042 1.000000
10987 29.849689 -65.384872 -8.127834 1.000000
10988 30.121082 -63.339569 -9.493003 1.000000
10990 30.033370 -61.428610 -10.540877 1.000000
11604 42.816143 -75.772204 -13.907678 1.000000
11605 44.181328 -74.316360 -14.110687 1.000000
11606 43.379683 -74.214391 -14.599650 1.000000
12057 38.297340 -88.054098 -12.281031 1.000000
12058 38.792126 -87.627061 -11.074604 1.000000
12059 39.957877 -86.935408 -11.926890 1.000000
12060 41.232016 -85.651413 -11.562475 1.000000
12061 40.608622 -85.931987 -12.731832 1.000000
12062 40.895324 -84.634021 -13.137581 1.000000
12063 39.553337 -85.884981 -13.483797 1.000000
12064 29.695537 -84.820010 -12.247793 1.000000
12066 30.334309 -83.522864 -12.451330 1.000000
12067 31.317286 -82.271948 -12.060634 1.000000
12068 29.646587 -83.178073 -11.766691 1.000000
13258 24.628315 -82.090512 -8.906007 1.000000
13259 26.288707 -81.421733 -8.661562 1.000000
13272 22.889959 -73.130280 -7.524043 1.000000
13273 21.696765 -73.419288 -8.022717 1.000000
13274 21.975715 -74.150063 -8.876140 1.000000
13276 21.689098 -75.220563 -9.001592 1.000000
13279 29.278824 -70.815355 -10.504057 1.000000
13280 29.184703 -72.443433 -9.454480 1.000000
13281 29.428858 -71.546167 -10.963755 1.000000
13282 29.775644 -72.193734 -11.450365 1.000000
13283 29.564820 -70.665933 -12.412825 1.000000
13284 29.875418 -69.857985 -13.678522 1.000000
13285 29.430676 -69.067702 -13.219791 1.000000
14004 38.059786 -75.649843 -14.058063 1.000000
14005 39.885815 -74.165240 -14.907399 1.000000
14006 38.648769 -73.918596 -14.334383 1.000000
14007 38.772628 -70.257135 -13.564614 1.000000
14008 39.755531 -70.662640 -14.075533 1.000000
14009 40.108103 -69.199786 -14.216604 1.000000
14010 41.322608 -67.874402 -14.342430 1.000000
14013 39.443992 -67.518808 -14.507296 1.000000
14014 36.478862 -67.986280 -13.824389 1.000000
14016 36.985245 -66.755041 -14.959873 1.000000
14018 36.271524 -66.423401 -15.026114 1.000000
14425 18.305141 -65.982804 2.065608 1.000000
14460 34.772381 -90.143897 -13.068365 1.000000
14464 27.256764 -89.717112 -12.605011 1.000000
14465 28.635578 -88.643849 -13.195956 1.000000
14466 27.578136 -88.234834 -12.185972 1.000000
14467 28.208576 -86.889952 -12.031985 1.000000
14468 26.705697 -87.887719 -11.089563 1.000000
15669 26.881658 -64.513832 -3.951409 1.000000
15670 25.050735 -66.153102 -3.700025 1.000000
15671 26.518714 -66.153586 -3.694870 1.000000
15672 27.420664 -68.664260 -4.516770 1.000000
15673 26.150573 -69.094896 -3.895079 1.000000
15674 25.966721 -70.253342 -4.419323 1.000000
15675 24.564834 -71.383156 -5.078499 1.000000
15676 25.896130 -71.089253 -4.958331 1.000000
15677 25.867229 -71.884044 -5.352230 1.000000
15678 27.231343 -70.636183 -5.315198 1.000000
15679 29.418860 -67.276016 -8.482554 1.000000
15680 29.083896 -69.199435 -7.401753 1.000000
15681 29.355071 -68.200968 -8.841540 1.000000
15682 29.253311 -69.082044 -9.516057 1.000000
15683 29.204017 -67.263082 -10.304636 1.000000
15684 28.861023 -66.509359 -11.541733 1.000000
15685 29.020492 -65.561622 -11.083177 1.000000
17473 28.071629 -56.870069 -5.279124 1.000000
17474 27.984252 -58.221221 -5.038321 1.000000
17475 26.508216 -59.706617 -5.480564 1.000000
17476 27.783014 -59.736472 -4.800890 1.000000
17477 27.480371 -61.352517 -4.554818 1.000000
17478 29.102046 -59.788931 -4.594531 1.000000
17479 32.281972 -57.858452 -7.113735 1.000000
17480 31.344365 -59.615489 -5.901003 1.000000
17481 31.854946 -59.269328 -7.143053 1.000000
17482 31.441223 -60.679577 -7.308139 1.000000
17537 43.134738 -71.036696 -15.480304 1.000000
18880 35.783969 -85.953280 -0.792593 1.000000
18881 35.489030 -87.433577 -1.274060 1.000000
18890 39.176017 -85.869707 -8.557209 1.000000
18892 39.273698 -85.021436 -7.268483 1.000000
18893 39.391592 -84.239073 -5.899031 1.000000
18894 40.672503 -84.037855 -6.854211 1.000000
18895 41.671410 -82.889877 -6.367883 1.000000
18896 41.747455 -83.736330 -7.776646 1.000000
18898 43.589205 -82.238883 -9.417512 1.000000
18899 44.236939 -81.219137 -10.013986 1.000000
18904 41.537613 -81.594013 -12.957604 1.000000
18905 42.939112 -80.248870 -12.736975 1.000000
18906 41.962199 -79.983361 -12.868021 1.000000
18907 42.197920 -78.464106 -12.916300 1.000000
18908 40.934827 -79.736464 -12.855406 1.000000
18912 35.054386 -81.668906 -12.753339 1.000000
18913 36.215652 -82.078449 -12.804987 1.000000
18914 36.866028 -80.495775 -12.359003 1.000000
18915 38.459167 -79.121180 -12.505657 1.000000
18916 37.322942 -78.930661 -12.279847 1.000000
18917 37.550144 -77.651627 -12.822655 1.000000
18918 36.257330 -78.830339 -11.952681 1.000000
18919 33.296917 -79.504684 -10.631626 1.000000
18920 34.574334 -78.199752 -11.214713 1.000000
18921 33.972953 -77.883817 -10.812254 1.000000
18922 34.323420 -76.504737 -11.444055 1.000000
18923 33.449553 -77.433579 -10.321016 1.000000
22482 24.103148 -90.418413 -8.170059 1.000000
22483 24.490451 -88.810973 -7.999402 1.000000
22484 25.396325 -87.669685 -9.097706 1.000000
22493 26.413692 -83.629921 -10.102290 1.000000
22494 28.295236 -82.632795 -10.606932 1.000000
22495 27.698044 -82.318380 -9.948450 1.000000
22496 29.764725 -79.644017 -8.093273 1.000000
22497 30.316196 -79.924114 -8.521071 1.000000
22498 31.288173 -78.310989 -8.367778 1.000000
22499 32.359961 -76.970786 -9.336526 1.000000
22500 31.665105 -76.673344 -9.058336 1.000000
22532 22.071224 -69.714025 -4.235542 1.000000
22534 20.976163 -71.422592 -4.947118 1.000000
22554 25.920857 -74.000441 -6.024166 1.000000
22555 24.516376 -75.210258 -6.191017 1.000000
22556 26.072247 -74.952990 -6.205528 1.000000
22557 28.236384 -75.507268 -7.504806 1.000000
22558 26.740137 -76.354086 -6.716059 1.000000
22559 27.276702 -76.927081 -7.108709 1.000000
22560 26.011463 -78.232497 -6.908922 1.000000
22561 27.913060 -77.507921 -7.312953 1.000000
22562 28.423253 -78.066736 -7.638927 1.000000
22563 29.435974 -76.658309 -8.170788 1.000000
22564 30.933788 -73.239282 -11.896752 1.000000
22565 31.056540 -74.568070 -10.665406 1.000000
22566 31.636592 -73.620453 -11.930185 1.000000
22567 32.184526 -73.947713 -11.819997 1.000000
22568 32.300092 -72.590105 -12.853915 1.000000
22569 33.246506 -71.529679 -13.054161 1.000000
22570 32.455709 -71.258895 -13.534467 1.000000
22571 32.189749 -67.580186 -14.859980 1.000000
22572 33.030666 -68.055786 -14.660628 1.000000
22573 33.484489 -66.420302 -14.913968 1.000000
22574 34.997400 -65.152392 -15.157575 1.000000
22575 34.194119 -64.406723 -15.141440 1.000000
23379 36.348231 -74.935973 -13.201975 1.000000
23380 37.683535 -73.494226 -13.861888 1.000000
23381 37.036568 -73.223785 -13.217204 1.000000
23382 37.529413 -71.451090 -13.093260 1.000000
23383 37.877403 -69.841996 -13.220332 1.000000
23384 38.168255 -68.539858 -13.835971 1.000000
23385 36.961127 -69.506615 -12.980764 1.000000
23386 36.107447 -69.301099 -12.963099 1.000000
23387 35.250839 -69.152437 -13.138163 1.000000
23630 22.232508 -65.303981 1.420060 1.000000
23632 21.339839 -64.183161 1.187077 1.000000
23647 38.458001 -83.499976 1.229339 1.000000
23654 29.805450 -90.580486 -13.945111 1.000000
23656 27.148193 -91.080673 -13.218348 1.000000
23657 26.306622 -90.761863 -11.849789 1.000000
24378 29.587671 -64.171582 -5.046276 1.000000
24379 27.923452 -65.951213 -4.212582 1.000000
24380 29.141156 -65.595776 -5.091021 1.000000
24381 28.775640 -66.898674 -5.215295 1.000000
24382 28.568588 -68.076491 -5.533910 1.000000
24383 28.408412 -69.040917 -5.838842 1.000000
24384 29.238632 -67.329429 -6.795627 1.000000
24385 29.564930 -66.321179 -8.261221 1.000000
24386 29.506942 -65.311879 -9.681262 1.000000
24387 29.198440 -64.486802 -10.880717 1.000000
24388 29.373730 -63.479222 -10.752829 1.000000
25463 30.631507 -58.305349 -5.041663 1.000000
25465 32.590318 -56.480065 -6.943102 1.000000
25496 44.929564 -74.432097 -13.256022 1.000000
25497 45.608152 -72.699621 -13.725467 1.000000
25498 46.112284 -71.052231 -13.986094 1.000000
25499 43.128815 -68.137698 -14.335210 1.000000
25500 43.952301 -68.085365 -14.342807 1.000000
26309 35.850957 -89.196302 -10.820396 1.000000
26311 37.460104 -87.963916 -10.363467 1.000000
26312 39.014470 -86.735845 -9.844047 1.000000
26313 40.513664 -85.497439 -9.343567 1.000000
26314 41.593619 -84.294155 -9.051880 1.000000
26315 41.548602 -84.861428 -10.314551 1.000000
26316 42.291645 -84.153645 -11.259782 1.000000
26317 42.921141 -83.140686 -11.906218 1.000000
26318 43.326765 -81.855237 -12.218732 1.000000
26319 42.188421 -83.215363 -12.812258 1.000000
26320 41.193716 -83.128639 -13.161148 1.000000
26321 40.092427 -82.999647 -13.226802 1.000000
26325 33.090200 -82.822680 -13.148529 1.000000
26326 33.957675 -81.428379 -12.516823 1.000000
26327 34.748983 -80.026671 -11.829036 1.000000
26328 32.989282 -81.076346 -12.035233 1.000000
26329 32.403171 -80.914453 -11.168800 1.000000
26330 32.011248 -80.728777 -10.350982 1.000000
28472 25.441563 -82.824878 -9.557558 1.000000
28473 27.230289 -81.919760 -9.409250 1.000000
28474 26.740842 -81.703655 -8.998743 1.000000
28475 27.980346 -80.753580 -8.312407 1.000000
28476 29.208951 -79.359032 -7.908025 1.000000
28496 22.185391 -72.241060 -5.710205 1.000000
28509 28.405396 -72.745956 -7.758615 1.000000
28510 27.593637 -74.302182 -6.953717 1.000000
28511 28.594531 -73.390774 -8.044576 1.000000
28512 28.941443 -74.008822 -8.328649 1.000000
28513 29.374439 -74.531548 -8.804254 1.000000
28514 29.914770 -75.128101 -9.215805 1.000000
28515 29.985620 -73.651895 -10.366773 1.000000
28516 30.273335 -72.774030 -11.858420 1.000000
28517 30.659100 -71.878009 -13.127680 1.000000
28518 31.509638 -70.895188 -13.965355 1.000000
28519 30.477367 -70.521548 -13.990957 1.000000
28520 30.842539 -68.851545 -14.501236 1.000000
28521 31.352889 -67.125358 -14.725543 1.000000
29589 40.574428 -75.862661 -14.317007 1.000000
29590 42.207226 -74.243024 -14.827665 1.000000
29591 40.994696 -74.342206 -14.993947 1.000000
29592 41.579798 -72.630145 -15.337937 1.000000
29593 42.003974 -71.065128 -15.187318 1.000000
29594 39.245341 -72.216734 -14.210187 1.000000
29595 40.849432 -71.001559 -14.609144 1.000000
29596 42.264473 -69.603652 -14.908251 1.000000
30228 36.523346 -89.175217 -12.638343 1.000000
30229 37.381105 -88.020504 -13.196960 1.000000
30230 37.874211 -86.857453 -13.740021 1.000000
30234 30.055517 -89.045547 -13.709600 1.000000
30235 30.638281 -87.598227 -13.480469 1.000000
30238 28.940100 -85.944720 -12.145364 1.000000
30239 28.093517 -85.586429 -11.463156 1.000000
31922 23.697857 -65.927900 -4.223027 1.000000
31923 23.406554 -67.910358 -3.765647 1.000000
31924 23.307949 -69.721222 -3.750975 1.000000
31925 26.265182 -67.821987 -3.639799 1.000000
31926 24.672449 -69.512665 -3.672094 1.000000
31927 23.356022 -70.968240 -4.405254 1.000000
31928 23.319609 -71.682237 -5.255767 1.000000
31929 23.563216 -72.286658 -6.216049 1.000000
31930 23.656178 -73.039331 -6.629601 1.000000
31931 23.387108 -74.258588 -6.737521 1.000000
31932 24.578417 -73.015697 -5.890421 1.000000
31933 25.883533 -72.908163 -5.720511 1.000000
31934 27.254181 -72.565958 -6.183211 1.000000
31935 28.343158 -69.984898 -6.193422 1.000000
31936 28.349202 -70.947751 -6.607460 1.000000
31937 28.376257 -71.921051 -7.172490 1.000000
31938 28.989308 -71.029298 -8.608710 1.000000
31939 29.240930 -70.033744 -10.028613 1.000000
31940 29.140666 -69.094256 -11.431132 1.000000
31942 28.877178 -67.497037 -12.078112 1.000000
32675 34.773208 -83.796889 -0.183061 1.000000
32677 33.205509 -85.950628 -0.565985 1.000000
34228 26.737183 -57.064172 -5.801650 1.000000
34229 25.355713 -58.618397 -6.239702 1.000000
34232 24.659440 -62.636830 -5.333614 1.000000
34233 25.824249 -62.842965 -4.654893 1.000000
34234 27.254663 -62.926732 -4.299937 1.000000
34235 28.618529 -62.871985 -4.372621 1.000000
34236 30.369645 -59.791483 -4.981109 1.000000
34237 30.109344 -61.256122 -4.987829 1.000000
34238 29.856574 -62.721714 -5.008137 1.000000
34239 30.726954 -62.509261 -6.077169 1.000000
34240 31.108312 -62.061667 -7.467886 1.000000
34241 31.036586 -61.143085 -9.144935 1.000000
34242 30.592624 -60.383156 -10.330730 1.000000
34243 31.051768 -59.227742 -10.086320 1.000000
34310 43.931298 -72.672553 -15.168892 1.000000
34311 45.223016 -71.034446 -14.825800 1.000000
35955 35.992883 -84.434055 -0.342766 1.000000
35956 37.076335 -85.191421 -0.360302 1.000000
35957 38.083203 -85.944839 -0.533443 1.000000
35959 37.728261 -87.268651 -1.583962 1.000000
35974 42.421151 -81.716172 -6.008194 1.000000
35976 42.657763 -83.053440 -8.627313 1.000000
35977 43.554302 -81.652381 -8.180608 1.000000
35988 43.286387 -77.203169 -12.988872 1.000000
35989 42.375606 -77.095106 -13.268080 1.000000
35990 41.480172 -77.033848 -13.529520 1.000000
35991 38.192000 -85.660644 -13.793274 1.000000
35992 38.465708 -84.298313 -13.472835 1.000000
35993 38.927998 -82.772769 -13.083464 1.000000
35994 35.642326 -83.525367 -13.349490 1.000000
35995 37.541378 -82.344383 -12.909210 1.000000
35996 39.397702 -81.035875 -12.754641 1.000000
35997 39.695423 -79.405703 -12.670337 1.000000
35998 39.957535 -78.115955 -13.124110 1.000000
35999 40.236484 -76.955102 -13.747953 1.000000
36000 38.993731 -76.757871 -13.743002 1.000000
36001 37.713502 -76.709472 -13.568629 1.000000
36002 36.657713 -76.362811 -13.219009 1.000000
36003 35.391521 -78.500755 -11.652632 1.000000
36004 35.633974 -77.164359 -12.155882 1.000000
36005 35.891131 -76.084197 -12.769765 1.000000
36006 35.240289 -75.774536 -12.421169 1.000000
36007 34.706611 -75.233653 -11.988110 1.000000
36008 34.011547 -74.755073 -11.617646 1.000000
38713 20.791104 -68.131633 2.626148 1.000000
38714 22.142213 -67.117162 2.206603 1.000000
38716 24.296978 -66.953838 2.452304 1.000000
38717 23.368046 -66.103391 1.846049 1.000000
38718 24.595220 -64.925984 1.529019 1.000000
39207 35.053581 -81.697740 1.462228 1.000000
39234 33.448018 -82.279772 1.099080 1.000000
40290 25.600296 -90.696290 -10.562261 1.000000
40292 24.875285 -90.602383 -9.274202 1.000000
40293 25.656464 -89.305177 -10.066083 1.000000
40294 25.928468 -87.819800 -10.028330 1.000000
40295 26.488759 -86.528525 -10.378908 1.000000
40296 27.099103 -85.362963 -10.732572 1.000000
40304 26.347861 -85.122682 -10.027794 1.000000
40305 27.886713 -84.169798 -11.113413 1.000000
40306 28.984059 -82.921155 -11.202624 1.000000
40307 30.333038 -81.843615 -10.509943 1.000000
40308 31.465746 -80.494672 -9.762697 1.000000
40309 29.083807 -81.279576 -9.159406 1.000000
40310 30.908534 -80.255702 -9.016557 1.000000
40311 32.379523 -78.849852 -9.375822 1.000000
40312 32.925457 -77.159047 -9.701644 1.000000
40313 33.133440 -75.817026 -10.574419 1.000000
40314 33.350997 -74.592121 -11.382587 1.000000
40351 21.281436 -67.281537 -5.466289 1.000000
40380 23.280321 -77.280656 -6.711479 1.000000
40381 26.430039 -75.649939 -6.476108 1.000000
40382 25.008952 -76.914109 -6.374724 1.000000
40384 24.212454 -78.792013 -7.025818 1.000000
40387 27.089661 -79.631202 -7.630728 1.000000
40388 28.897665 -78.716218 -7.742817 1.000000
40389 30.263925 -77.618025 -8.234582 1.000000
40390 30.430038 -75.589895 -9.306360 1.000000
40391 30.816875 -75.931527 -9.379969 1.000000
40392 31.270713 -76.282039 -9.168340 1.000000
40393 32.043751 -75.237788 -10.375086 1.000000
40394 32.818474 -74.293256 -11.539299 1.000000
40395 33.618107 -73.209524 -12.063332 1.000000
40396 33.930015 -71.717791 -12.473165 1.000000
40397 34.197394 -70.285901 -12.994551 1.000000
40398 34.518730 -68.835042 -13.628291 1.000000
40399 32.649569 -69.709577 -14.161649 1.000000
40400 33.790819 -68.401717 -14.245239 1.000000
40401 34.976617 -67.280270 -14.297818 1.000000
40406 30.538483 -66.471241 -14.504616 1.000000
40407 32.016627 -65.160230 -14.866931 1.000000
40410 33.373207 -63.820504 -15.045908 1.000000
41149 34.720957 -73.673449 -12.063143 1.000000
41150 35.365276 -73.034227 -12.264565 1.000000
41151 34.903008 -72.853468 -12.147527 1.000000
41152 35.066996 -72.073132 -12.160688 1.000000
41153 34.474995 -72.767980 -12.090360 1.000000
41296 35.737507 -82.432717 0.927506 1.000000
41297 36.273092 -82.713574 0.841720 1.000000
41298 35.613079 -82.941607 0.484037 1.000000
41704 30.732213 -62.749319 -8.508909 1.000000
41705 30.521667 -63.798703 -7.730983 1.000000
41706 30.483363 -63.351557 -8.550996 1.000000
41707 30.252965 -63.852824 -8.686220 1.000000
41708 30.347500 -62.758870 -9.445545 1.000000
41709 30.149054 -62.410418 -10.018822 1.000000
41710 30.400040 -61.889883 -9.953084 1.000000
42324 42.343315 -75.779304 -14.005480 1.000000
42325 43.096136 -75.012714 -14.230413 1.000000
42326 42.552631 -75.076371 -14.373421 1.000000
42777 38.794667 -87.603621 -12.696546 1.000000
42778 39.180417 -87.483741 -12.137898 1.000000
42779 39.638259 -87.045223 -12.554893 1.000000
42780 40.334661 -86.473152 -12.347659 1.000000
42781 39.969482 -86.531721 -12.910628 1.000000
42782 40.149990 -85.917786 -13.155751 1.000000
42783 39.400611 -86.501896 -13.306773 1.000000
42784 29.271506 -84.515713 -11.951791 1.000000
42785 29.995067 -84.176853 -12.361488 1.000000
42786 29.559702 -83.944254 -12.091257 1.000000
42787 30.005015 -83.325721 -12.100966 1.000000
42788 29.214228 -83.728738 -11.743666 1.000000
43992 22.879787 -73.595166 -7.708385 1.000000
43993 22.457089 -73.648758 -8.180223 1.000000
43994 22.389639 -74.136309 -8.373616 1.000000
43995 21.833172 -74.708939 -9.022449 1.000000
43996 22.187121 -74.755780 -8.402647 1.000000
43997 22.016805 -75.319253 -8.365755 1.000000
43998 22.534402 -74.804097 -7.765955 1.000000
43999 29.310292 -70.290588 -11.264086 1.000000
44000 29.329114 -71.153261 -10.733293 1.000000
44001 29.373068 -70.753209 -11.441272 1.000000
44002 29.529348 -71.136415 -11.630883 1.000000
44003 29.410666 -70.256688 -12.187372 1.000000
44004 29.493984 -69.884896 -12.825838 1.000000
44005 29.335395 -69.521569 -12.571533 1.000000
44724 37.485950 -75.469658 -13.903783 1.000000
44725 38.306404 -74.837357 -14.216291 1.000000
44726 37.759669 -74.621156 -14.048223 1.000000
44727 38.942926 -69.525555 -13.689680 1.000000
44728 39.428163 -69.780238 -13.904559 1.000000
44729 39.606310 -69.032080 -14.045955 1.000000
44730 40.277299 -68.419717 -14.338651 1.000000
44731 39.793216 -68.254478 -14.230662 1.000000
44732 39.989799 -67.525908 -14.432955 1.000000
44733 39.248664 -68.193465 -14.225372 1.000000
44734 36.083072 -67.846850 -13.869921 1.000000
44735 36.711365 -67.374453 -14.385435 1.000000
44736 36.302857 -67.174822 -14.414119 1.000000
44737 36.625899 -66.597886 -14.968597 1.000000
44738 35.986926 -67.075796 -14.479505 1.000000
45143 20.135676 -66.731893 2.059140 1.000000
45144 18.879090 -66.573881 2.139555 1.000000
45145 19.610072 -66.140704 1.905910 1.000000
45184 26.797822 -89.483820 -11.993681 1.000000
45185 27.362224 -88.986143 -12.383143 1.000000
45186 26.907669 -88.771202 -11.767851 1.000000
45187 27.101474 -88.093236 -11.611896 1.000000
45188 26.494076 -88.589698 -11.150508 1.000000
46389 27.662037 -64.450547 -4.057158 1.000000
46390 26.632786 -65.371066 -3.788624 1.000000
46391 27.434262 -65.266177 -3.969117 1.000000
46392 27.457524 -69.122627 -4.758800 1.000000
46393 26.741687 -69.471143 -4.396060 1.000000
46394 26.649680 -69.958374 -4.636767 1.000000
46395 25.897456 -70.691019 -4.687833 1.000000
46396 26.598321 -70.460305 -4.893495 1.000000
46397 26.586680 -70.784241 -5.109899 1.000000
46398 27.278943 -70.131861 -5.175722 1.000000
46399 29.420154 -66.733614 -9.219909 1.000000
46400 29.370682 -67.732140 -8.645928 1.000000
46401 29.376999 -67.216501 -9.399772 1.000000
46402 29.265529 -67.604341 -9.653895 1.000000
46403 29.284846 -66.752359 -10.074524 1.000000
46404 29.138703 -66.460177 -10.653414 1.000000
46405 29.214008 -65.922745 -10.495302 1.000000
48192 29.380459 -57.509631 -4.883835 1.000000
48193 28.706562 -57.514649 -4.983319 1.000000
48194 28.614135 -58.249217 -4.865663 1.000000
48195 27.860988 -59.016168 -4.931924 1.000000
48196 28.555950 -59.012551 -4.729085 1.000000
48197 28.420435 -59.780639 -4.612954 1.000000
48198 29.238017 -58.986258 -4.703945 1.000000
48257 43.200158 -70.270769 -15.324277 1.000000
48258 43.757301 -70.229292 -15.393598 1.000000
48259 43.780409 -69.446675 -15.141086 1.000000
49610 39.946463 -85.312307 -8.292963 1.000000
49611 39.247993 -85.418902 -7.911164 1.000000
49612 39.980467 -84.931374 -7.644222 1.000000
49613 40.091176 -84.543198 -7.084647 1.000000
49614 40.663719 -84.440932 -7.468462 1.000000
49615 41.191734 -83.999723 -7.302272 1.000000
49616 41.175384 -84.283479 -7.941714 1.000000
49624 41.054312 -81.403174 -13.007535 1.000000
49625 41.749839 -80.744527 -12.899988 1.000000
49626 41.286156 -80.597714 -12.945033 1.000000
49627 41.469522 -79.841174 -12.888861 1.000000
49628 40.818978 -80.454655 -12.891931 1.000000
49632 35.411481 -80.926865 -12.382424 1.000000
49633 35.955101 -81.102535 -12.541570 1.000000
49634 36.228005 -80.358252 -12.263682 1.000000
49635 37.103340 -79.713099 -12.252903 1.000000
49636 36.520783 -79.632796 -12.102304 1.000000
49637 36.763832 -78.905962 -12.152105 1.000000
49638 35.983313 -79.527222 -11.980258 1.000000
49639 33.103511 -79.328842 -10.354280 1.000000
49640 33.694893 -78.705706 -10.566953 1.000000
49641 33.443943 -78.512378 -10.420809 1.000000
49642 33.690784 -77.741511 -10.602964 1.000000
49643 33.211615 -78.249365 -10.067998 1.000000
53209 25.091633 -83.754927 -9.566418 1.000000
53210 24.700563 -84.410496 -9.172882 1.000000
53211 25.403021 -83.995856 -9.609011 1.000000
53212 25.671475 -84.183276 -9.674319 1.000000
53213 26.176788 -83.490990 -9.882079 1.000000
53214 26.983552 -82.920365 -10.202979 1.000000
53215 26.772739 -82.772009 -9.918205 1.000000
53216 30.297317 -78.869507 -8.063280 1.000000
53217 30.549897 -78.961425 -8.205446 1.000000
53218 31.064129 -78.082278 -8.258726 1.000000
53219 31.511676 -77.459894 -8.639593 1.000000
53220 31.254992 -77.354386 -8.600666 1.000000
53252 22.090580 -70.592672 -4.346727 1.000000
53253 21.584867 -70.555225 -4.603064 1.000000
53254 21.531643 -71.457401 -4.852513 1.000000
53274 26.618820 -73.846504 -6.248000 1.000000
53275 26.056271 -74.514560 -6.155946 1.000000
53276 26.698044 -74.315965 -6.378124 1.000000
53277 28.605439 -75.767316 -7.756054 1.000000
53278 27.773157 -76.231278 -7.269956 1.000000
53279 28.182123 -76.505579 -7.478906 1.000000
53280 27.625751 -77.239253 -7.272643 1.000000
53281 28.397720 -76.866686 -7.613726 1.000000
53282 28.718090 -77.073351 -7.739322 1.000000
53283 29.148920 -76.373152 -8.139998 1.000000
53284 31.166373 -72.710872 -12.583341 1.000000
53285 31.273052 -73.445410 -11.974903 1.000000
53286 31.601947 -73.003329 -12.462244 1.000000
53287 31.937249 -73.112018 -12.558783 1.000000
53288 31.963702 -72.473943 -12.988841 1.000000
53289 32.367919 -71.984082 -13.203448 1.000000
53290 31.966418 -71.854405 -13.368314 1.000000
53291 32.414269 -66.746078 -14.970082 1.000000
53292 32.901611 -67.008920 -14.943987 1.000000
53293 33.195797 -66.054121 -15.033290 1.000000
53294 33.833515 -65.397084 -15.036791 1.000000
53295 33.476837 -65.068804 -15.062437 1.000000
54324 36.050756 -74.794263 -12.920187 1.000000
54325 36.658239 -74.076407 -13.285307 1.000000
54326 36.383331 -73.916666 -12.951803 1.000000
54327 36.532022 -71.714796 -12.608451 1.000000
54328 36.930956 -72.069265 -12.884848 1.000000
54329 37.116796 -71.154736 -12.849363 1.000000
54330 37.709821 -70.645250 -13.096377 1.000000
54331 37.294175 -70.322104 -12.908956 1.000000
54332 37.432391 -69.643885 -13.087055 1.000000
54333 36.815695 -70.172638 -12.793068 1.000000
54334 35.357032 -70.611924 -12.529695 1.000000
54335 35.946295 -69.934018 -12.669565 1.000000
54336 35.530157 -69.904096 -12.754061 1.000000
54337 35.709336 -69.239736 -13.016952 1.000000
54338 35.052437 -69.876418 -12.844061 1.000000
54743 22.929192 -64.727068 1.261932 1.000000
54744 21.818701 -64.718768 1.282692 1.000000
54745 22.431234 -64.184196 1.112367 1.000000
54769 37.270356 -83.366886 0.738322 1.000000
54770 37.908565 -83.157346 1.186039 1.000000
54771 37.822869 -83.697319 0.773632 1.000000
54772 38.358022 -84.072597 0.784107 1.000000
54773 37.803486 -84.247313 0.388292 1.000000
55989 30.037969 -64.052388 -5.549375 1.000000
55990 29.337911 -64.931400 -5.055065 1.000000
55991 29.832657 -64.733364 -5.596896 1.000000
55992 29.755611 -65.710410 -6.440923 1.000000
55993 29.442932 -65.951429 -5.792620 1.000000
55994 29.224936 -66.587381 -5.890490 1.000000
55995 28.630588 -67.515224 -5.352291 1.000000
55996 29.086325 -67.190625 -6.015302 1.000000
55997 28.918529 -67.750610 -6.114254 1.000000
55998 29.390721 -66.839822 -6.697782 1.000000
55999 29.816944 -64.822569 -8.924609 1.000000
56000 29.677087 -65.859057 -8.213588 1.000000
56001 29.690959 -65.338090 -8.906550 1.000000
56002 29.581197 -65.898240 -8.929486 1.000000
56003 29.609406 -64.874858 -9.635095 1.000000
56004 29.468957 -64.389929 -10.235541 1.000000
56005 29.576324 -63.900955 -10.161292 1.000000
57849 44.016518 -75.974464 -13.194431 1.000000
57850 44.646345 -75.253576 -13.006490 1.000000
57851 44.309847 -75.184204 -13.446284 1.000000
57852 44.506997 -73.484421 -14.392255 1.000000
57853 44.902537 -73.472083 -13.985572 1.000000
57854 45.255128 -72.665527 -14.216817 1.000000
57855 45.959570 -71.864940 -13.896467 1.000000
57856 45.594219 -71.841151 -14.383082 1.000000
59207 36.566965 -88.990808 -11.168899 1.000000
59208 36.657557 -88.554397 -10.615789 1.000000
59209 37.370156 -88.382281 -10.951336 1.000000
59210 39.556094 -87.018326 -10.873049 1.000000
59211 38.913198 -87.221056 -10.463228 1.000000
59212 39.693948 -86.592466 -10.290278 1.000000
59213 39.810199 -86.095899 -9.529575 1.000000
59214 40.437400 -85.905835 -9.993615 1.000000
59215 41.073479 -85.206673 -9.799605 1.000000
59216 40.970977 -85.624412 -10.456318 1.000000
59217 41.532047 -85.091591 -12.020040 1.000000
59218 41.748419 -84.905222 -11.427294 1.000000
59219 42.103585 -84.403656 -11.856188 1.000000
59220 42.674873 -83.664775 -11.617254 1.000000
59221 42.328533 -83.832413 -12.162472 1.000000
59222 42.561941 -83.202802 -12.365944 1.000000
59223 41.994527 -83.882391 -12.607655 1.000000
59224 40.394936 -84.566034 -13.331464 1.000000
59225 41.027021 -83.895184 -13.187510 1.000000
59226 40.486228 -83.838582 -13.304987 1.000000
59227 40.632315 -83.071701 -13.216444 1.000000
59228 39.925236 -83.771102 -13.356979 1.000000
59232 31.597197 -83.213523 -12.947919 1.000000
59233 32.143768 -83.385713 -13.146587 1.000000
59234 32.536369 -82.637966 -12.989125 1.000000
59235 33.516455 -82.123347 -12.862780 1.000000
59236 33.018023 -81.886210 -12.683621 1.000000
59237 33.418428 -81.229351 -12.331884 1.000000
59238 32.547664 -81.744000 -12.434634 1.000000
59239 31.109177 -82.160205 -11.693918 1.000000
59240 31.852733 -81.632346 -11.656407 1.000000
59241 31.667173 -81.529833 -11.216000 1.000000
59242 32.167066 -80.865130 -10.797849 1.000000
59243 31.535793 -81.398115 -10.761889 1.000000
62809 24.292767 -82.858473 -9.199652 1.000000
62810 23.844294 -83.493449 -9.136949 1.000000
62811 24.502948 -83.098970 -9.313626 1.000000
62812 24.694549 -83.301328 -9.360849 1.000000
62813 25.258228 -82.606286 -9.403630 1.000000
62814 26.071217 -82.239330 -9.299410 1.000000
62815 25.837127 -82.046755 -9.241568 1.000000
62816 26.914053 -80.914378 -8.314262 1.000000
62817 27.126642 -81.089281 -8.469034 1.000000
62818 27.805887 -80.532119 -8.124697 1.000000
62819 28.604718 -80.090091 -8.068675 1.000000
62820 28.413508 -79.890683 -7.906047 1.000000
62852 22.300638 -72.407179 -6.189780 1.000000
62853 21.801654 -72.715126 -6.440701 1.000000
62854 21.874730 -72.865672 -6.849960 1.000000
62874 28.783128 -72.218552 -8.422667 1.000000
62875 28.533636 -73.028378 -7.930012 1.000000
62876 28.859394 -72.572730 -8.568522 1.000000
62877 29.353596 -72.723739 -9.711396 1.000000
62878 29.104447 -73.192790 -8.911301 1.000000
62879 29.251266 -73.517717 -9.131159 1.000000
62880 29.108932 -74.223317 -8.621005 1.000000
62881 29.525433 -73.722303 -9.336947 1.000000
62882 29.708819 -74.082144 -9.541708 1.000000
62883 29.670686 -73.409908 -10.068854 1.000000
62884 29.802205 -71.748205 -12.185404 1.000000
62885 29.961560 -72.488174 -11.719724 1.000000
62886 30.108120 -72.061308 -12.446315 1.000000
62887 30.463619 -72.369710 -12.471175 1.000000
62888 30.239685 -71.582928 -13.069025 1.000000
62889 30.551419 -71.172729 -13.591990 1.000000
62890 30.183796 -70.880368 -13.503855 1.000000
62891 29.960163 -69.067612 -13.993572 1.000000
62892 30.279718 -69.520600 -14.147345 1.000000
62893 30.428233 -68.646662 -14.361682 1.000000
62894 31.095587 -68.008021 -14.671789 1.000000
62895 30.651098 -67.743853 -14.529207 1.000000
65049 39.969433 -75.839005 -14.430994 1.000000
65050 40.773567 -75.191759 -14.651792 1.000000
65051 40.168792 -75.142786 -14.789240 1.000000
65052 40.163837 -73.366441 -14.928290 1.000000
65053 40.738251 -73.460437 -15.122334 1.000000
65054 41.058082 -72.583169 -15.117767 1.000000
65055 41.820560 -71.815878 -15.311175 1.000000
65056 41.245755 -71.867943 -15.024279 1.000000
65057 38.056243 -72.632261 -13.792783 1.000000
65058 38.467888 -72.790965 -14.066806 1.000000
65059 38.737915 -72.029464 -13.972146 1.000000
65060 40.477943 -70.102952 -14.315521 1.000000
65061 40.290821 -70.837438 -14.317685 1.000000
65062 40.987235 -70.219368 -14.536731 1.000000
65063 41.550547 -70.308030 -14.786718 1.000000
65064 41.676667 -69.581784 -14.729698 1.000000
65065 42.383824 -68.867661 -14.754094 1.000000
65066 41.818835 -68.806581 -14.607672 1.000000
65079 37.727050 -68.395078 -13.737868 1.000000
65080 38.334299 -67.895152 -14.260092 1.000000
65081 37.917793 -67.747757 -14.272192 1.000000
66417 35.132222 -89.549825 -13.217603 1.000000
66418 35.649262 -89.660458 -12.827677 1.000000
66419 36.009762 -89.106277 -13.012222 1.000000
66420 36.981009 -88.603683 -12.896758 1.000000
66421 36.377434 -88.468917 -13.240281 1.000000
66422 36.766320 -87.801605 -13.501215 1.000000
66423 35.764046 -88.257052 -13.431944 1.000000
66429 29.026195 -90.383872 -13.770321 1.000000
66430 29.823452 -89.849673 -13.797236 1.000000
66431 29.123114 -89.619547 -13.629687 1.000000
66432 28.892899 -87.911680 -13.078524 1.000000
66433 29.595241 -88.080458 -13.379682 1.000000
66434 29.882563 -87.423377 -13.275194 1.000000
66435 30.935511 -87.004408 -13.416037 1.000000
66436 30.229142 -86.842880 -13.200475 1.000000
66437 30.639667 -86.347781 -13.156894 1.000000
66438 29.622264 -86.660385 -12.891943 1.000000
66439 27.750062 -86.848281 -11.588782 1.000000
66440 28.545480 -86.409405 -12.093896 1.000000
66441 28.064281 -86.336143 -11.709996 1.000000
66442 28.511006 -85.832410 -11.822536 1.000000
66443 27.687917 -86.165003 -11.333577 1.000000
70044 24.810009 -64.354986 -4.485816 1.000000
70045 23.952743 -65.036908 -4.499446 1.000000
70046 24.576880 -65.192401 -4.199615 1.000000
70047 24.915101 -67.071460 -3.548949 1.000000
70048 24.199931 -67.005292 -3.693134 1.000000
70049 24.104171 -67.983828 -3.546725 1.000000
70050 23.359153 -68.874046 -3.668960 1.000000
70051 24.048671 -68.839803 -3.524209 1.000000
70052 27.740704 -66.653252 -4.244085 1.000000
70053 27.053874 -66.861272 -3.904342 1.000000
70054 26.969701 -67.595288 -3.917109 1.000000
70055 25.365587 -69.906510 -3.974755 1.000000
70056 25.447350 -69.297612 -3.739637 1.000000
70057 24.693115 -70.089124 -3.909917 1.000000
70058 24.028966 -70.243865 -3.918621 1.000000
70059 23.906574 -70.808850 -4.264739 1.000000
70060 23.220068 -71.410649 -4.883468 1.000000
70061 23.851013 -71.232781 -4.728173 1.000000
70062 24.621654 -71.678184 -5.363149 1.000000
70063 23.985162 -71.832173 -5.591388 1.000000
70064 24.102682 -72.145283 -5.854822 1.000000
70065 23.680111 -72.574683 -6.448639 1.000000
70066 24.145028 -72.520435 -6.095830 1.000000
70067 24.069253 -73.016472 -6.227214 1.000000
70068 24.591483 -72.475068 -5.762869 1.000000
70069 26.506053 -71.748927 -5.458560 1.000000
70070 25.834372 -72.364055 -5.543420 1.000000
70071 26.578236 -72.214946 -5.675854 1.000000
70072 26.564902 -72.771922 -5.847489 1.000000
70073 27.216272 -72.029330 -5.907873 1.000000
70074 28.827088 -68.673253 -6.391340 1.000000
70075 28.383316 -69.557250 -5.991006 1.000000
70076 28.788965 -69.141418 -6.573795 1.000000
70077 29.084207 -69.604658 -7.707582 1.000000
70078 28.792057 -70.084706 -6.944563 1.000000
70079 28.784726 -70.619367 -7.206453 1.000000
70080 28.371261 -71.431473 -6.891116 1.000000
70081 28.750965 -71.000062 -7.539895 1.000000
70082 28.714381 -71.485460 -7.863649 1.000000
70083 29.009573 -70.567958 -8.289319 1.000000
70084 29.205378 -68.655699 -10.193392 1.000000
70085 29.260397 -69.645382 -9.771571 1.000000
70086 29.234104 -69.141991 -10.475676 1.000000
70087 29.226650 -69.555789 -10.748430 1.000000
70088 29.152542 -68.728901 -11.114276 1.000000
70089 29.014500 -68.309613 -11.754003 1.000000
70090 28.965885 -67.902707 -11.487120 1.000000
75455 27.380122 -57.623420 -5.420194 1.000000
75456 27.452847 -56.933448 -5.514822 1.000000
75457 26.763763 -57.730805 -5.706591 1.000000
75458 26.050538 -57.841241 -5.997913 1.000000
75459 26.015041 -58.453582 -5.986874 1.000000
75460 25.332369 -59.121102 -6.285916 1.000000
75461 25.994120 -59.082244 -5.942764 1.000000
75462 26.394952 -60.422339 -5.261213 1.000000
75463 25.826864 -60.371928 -5.665055 1.000000
75464 25.571680 -61.118491 -5.471276 1.000000
75465 24.853215 -61.833087 -5.655460 1.000000
75466 25.429171 -61.967254 -5.188137 1.000000
75467 25.232174 -62.730759 -4.939009 1.000000
75468 26.026431 -62.035535 -4.806214 1.000000
75469 28.165935 -61.389446 -4.457064 1.000000
75470 27.354611 -62.155578 -4.410745 1.000000
75471 28.071875 -62.134042 -4.340227 1.000000
75472 27.927196 -62.909648 -4.267318 1.000000
75473 28.748725 -62.105846 -4.422704 1.000000
75474 31.174911 -58.271322 -5.387567 1.000000
75475 30.454971 -59.071880 -4.972897 1.000000
75476 31.038342 -59.029002 -5.355979 1.000000
75477 31.218054 -60.298868 -5.904508 1.000000
75478 30.787833 -60.428578 -5.406804 1.000000
75479 30.604320 -61.168794 -5.408324 1.000000
75480 29.961975 -61.999109 -4.994445 1.000000
75481 30.417698 -61.937857 -5.414255 1.000000
75482 30.320786 -62.640220 -5.494929 1.000000
75483 30.850723 -61.773561 -5.978553 1.000000
75484 31.490434 -60.342327 -8.105608 1.000000
75485 31.273298 -61.344847 -7.429240 1.000000
75486 31.323120 -61.081633 -8.172162 1.000000
75487 31.120326 -61.677240 -8.275202 1.000000
75488 31.247461 -60.683511 -8.924044 1.000000
75489 31.058675 -60.247742 -9.603361 1.000000
75490 31.296346 -59.571069 -9.519143 1.000000
75647 42.505063 -73.432289 -15.176845 1.000000
75648 43.105535 -73.475271 -15.090846 1.000000
75649 43.344568 -72.587691 -15.348163 1.000000
79674 34.674894 -84.396251 -0.406114 1.000000
79675 35.383593 -84.072769 -0.290087 1.000000
79676 35.304420 -84.788375 -0.531026 1.000000
79677 36.336817 -86.274385 -0.885274 1.000000
79678 36.480438 -85.581101 -0.654082 1.000000
79679 36.966927 -85.883044 -0.710479 1.000000
79680 37.608620 -85.554868 -0.370784 1.000000
79681 37.442852 -86.274721 -0.854427 1.000000
79715 40.013794 -83.703980 -5.636632 1.000000
79716 39.466482 -83.969444 -5.081092 1.000000
79717 40.031165 -83.434694 -4.810399 1.000000
79718 40.181451 -83.290003 -3.995673 1.000000
79719 40.569555 -82.833491 -4.527388 1.000000
79720 41.022334 -82.336411 -4.352983 1.000000
79721 41.064370 -82.562715 -5.091119 1.000000
79722 42.184856 -82.754910 -6.871786 1.000000
79723 42.071622 -82.288556 -6.194577 1.000000
79724 42.571831 -82.109667 -6.696818 1.000000
79725 42.914480 -81.432782 -6.479235 1.000000
79726 43.088812 -81.762217 -7.122403 1.000000
79727 42.052664 -83.941638 -9.504212 1.000000
79728 42.103723 -83.693311 -8.873614 1.000000
79729 42.566907 -83.324157 -9.283671 1.000000
79730 43.967437 -81.507385 -9.166331 1.000000
79731 43.625999 -81.973761 -8.813581 1.000000
79732 43.929864 -81.224628 -8.583389 1.000000
79733 43.818649 -80.879085 -7.889044 1.000000
79734 44.062547 -80.445364 -8.234059 1.000000
79735 44.061434 -79.798527 -7.847936 1.000000
79736 44.280492 -79.961717 -8.464717 1.000000
79749 42.962171 -81.857406 -12.584480 1.000000
79750 43.558098 -81.181519 -12.350958 1.000000
79751 43.155342 -81.132844 -12.622628 1.000000
79752 43.095343 -79.426780 -12.700831 1.000000
79753 43.537531 -79.526044 -12.517325 1.000000
79754 43.625742 -78.759544 -12.541525 1.000000
79755 44.023462 -78.152873 -12.309084 1.000000
79756 43.657683 -78.016952 -12.611837 1.000000
79757 43.702863 -77.336513 -12.729710 1.000000
79758 43.210968 -77.897802 -12.827894 1.000000
79759 41.735299 -78.400746 -12.940247 1.000000
79760 42.270236 -77.772111 -13.039978 1.000000
79761 41.815393 -77.716790 -13.126388 1.000000
79762 41.935258 -77.056475 -13.384931 1.000000
79763 41.339349 -77.633180 -13.228453 1.000000
79767 36.871206 -84.706262 -13.585045 1.000000
79768 37.596855 -84.888048 -13.639628 1.000000
79769 37.805289 -84.182300 -13.407489 1.000000
79770 38.676437 -83.551735 -13.263336 1.000000
79771 38.047850 -83.394073 -13.171550 1.000000
79772 33.996824 -83.893910 -13.517845 1.000000
79773 34.665853 -84.021226 -13.510588 1.000000
79774 34.991860 -83.362930 -13.314176 1.000000
79775 37.145324 -81.398964 -12.572806 1.000000
79776 36.853101 -82.181282 -12.810003 1.000000
79777 37.800927 -81.486098 -12.627946 1.000000
79778 38.495038 -81.646927 -12.739410 1.000000
79779 38.744893 -80.815375 -12.518476 1.000000
79780 39.589085 -80.181755 -12.651711 1.000000
79781 38.921643 -80.058306 -12.484361 1.000000
79782 38.572680 -78.452043 -12.705912 1.000000
79783 39.180469 -78.596361 -12.764918 1.000000
79784 39.385151 -77.877507 -13.035235 1.000000
79785 40.108841 -77.483810 -13.456168 1.000000
79786 39.535012 -77.299707 -13.380140 1.000000
79787 39.673660 -76.800033 -13.739629 1.000000
79788 38.874585 -77.190720 -13.387018 1.000000
79789 37.045065 -77.564761 -12.683732 1.000000
79790 37.611306 -77.129960 -13.185075 1.000000
79791 37.118647 -77.030554 -13.073415 1.000000
79792 37.185416 -76.561816 -13.409459 1.000000
79793 36.581304 -76.830581 -12.873349 1.000000
79794 34.296196 -79.895802 -11.626700 1.000000
79795 35.098847 -79.270974 -11.654162 1.000000
79796 34.691323 -79.169087 -11.433113 1.000000
79797 34.785107 -77.521421 -11.481970 1.000000
79798 35.130050 -77.660508 -11.686872 1.000000
79799 35.291065 -77.047408 -12.027909 1.000000
79800 35.756644 -76.602243 -12.462110 1.000000
79801 35.404451 -76.516904 -12.334405 1.000000
79802 35.555333 -75.992942 -12.616548 1.000000
79803 35.055868 -76.348245 -12.170110 1.000000
79804 34.033049 -76.318271 -11.233556 1.000000
79805 34.519803 -75.867355 -11.800637 1.000000
79806 34.205265 -75.664088 -11.521162 1.000000
79807 34.359511 -75.062171 -11.757506 1.000000
79808 33.845033 -75.422600 -11.309677 1.000000
86537 22.517070 -68.462834 2.928998 1.000000
86538 21.356549 -68.544917 2.861165 1.000000
86539 22.064177 -68.073228 2.651819 1.000000
86540 21.495055 -67.659818 2.387104 1.000000
86541 22.722544 -67.557417 2.465244 1.000000
86545 25.809066 -66.097789 2.473720 1.000000
86546 25.264798 -66.750988 2.624800 1.000000
86547 24.908151 -66.360518 2.279271 1.000000
86548 23.874892 -66.478081 2.103323 1.000000
86549 24.503672 -65.934971 1.957700 1.000000
86550 24.012772 -65.538310 1.693506 1.000000
86551 25.057202 -65.314680 1.801739 1.000000
90484 24.665130 -89.784898 -8.524974 1.000000
90485 24.473811 -90.527236 -8.678654 1.000000
90486 25.025630 -89.854203 -9.037899 1.000000
90487 25.355946 -89.920506 -9.634361 1.000000
90488 25.399808 -89.224383 -9.496487 1.000000
90489 25.750697 -88.584065 -9.961558 1.000000
90490 25.497539 -88.501908 -9.482206 1.000000
90491 25.569573 -86.904034 -9.277864 1.000000
90492 25.821179 -87.012880 -9.816108 1.000000
90493 26.084324 -86.359985 -9.993180 1.000000
90494 26.816046 -85.980371 -10.531494 1.000000
90495 26.376028 -85.769221 -10.193503 1.000000
90514 26.339946 -84.573261 -10.040613 1.000000
90515 25.971996 -85.124195 -9.695407 1.000000
90516 26.659226 -84.589809 -10.352257 1.000000
90517 27.109375 -84.710687 -10.655803 1.000000
90518 27.533451 -84.085487 -10.806906 1.000000
90519 28.392874 -83.520025 -11.239195 1.000000
90520 27.970254 -83.429828 -10.910039 1.000000
90521 28.919211 -82.129776 -10.345998 1.000000
90522 29.222762 -82.225777 -10.637658 1.000000
90523 29.912893 -81.667557 -10.190088 1.000000
90524 30.934833 -81.212878 -10.108577 1.000000
90525 30.564947 -81.086352 -9.684604 1.000000
90526 27.928656 -81.452318 -8.989706 1.000000
90527 28.138531 -81.655361 -9.260966 1.000000
90528 28.790396 -81.121020 -8.878787 1.000000
90529 31.144673 -79.258218 -8.589915 1.000000
90530 30.580541 -80.070086 -8.773799 1.000000
90531 31.426329 -79.403579 -8.841939 1.000000
90532 31.676784 -79.607740 -9.166061 1.000000
90533 32.161769 -78.729317 -9.040030 1.000000
90534 32.697011 -77.981859 -9.465494 1.000000
90535 32.462481 -77.838011 -9.169253 1.000000
90536 32.483887 -76.290466 -9.839384 1.000000
90537 32.769389 -76.369509 -9.928894 1.000000
90538 32.844428 -75.769797 -10.415823 1.000000
90539 33.225961 -75.201727 -10.999126 1.000000
90540 32.936186 -75.168647 -10.887175 1.000000
90632 22.437802 -66.614680 -4.818444 1.000000
90633 21.957507 -66.436566 -5.271269 1.000000
90634 21.720856 -67.459419 -5.051223 1.000000
90699 23.875676 -74.252546 -6.354406 1.000000
90700 23.255413 -74.836239 -6.755807 1.000000
90701 23.786850 -74.830174 -6.374485 1.000000
90702 24.614207 -75.726673 -6.260976 1.000000
90703 23.817744 -75.789288 -6.414935 1.000000
90704 23.852579 -76.301530 -6.442929 1.000000
90705 23.123205 -76.822676 -6.674524 1.000000
90706 23.949699 -76.712690 -6.451410 1.000000
90707 27.745977 -74.622586 -7.042401 1.000000
90708 27.036367 -74.989915 -6.654521 1.000000
90709 27.159099 -75.324968 -6.738772 1.000000
90710 26.059529 -76.990679 -6.590073 1.000000
90711 25.842264 -76.692060 -6.507735 1.000000
90712 25.152361 -77.283427 -6.486848 1.000000
90713 24.309384 -77.496096 -6.511608 1.000000
90714 24.537332 -77.845924 -6.571580 1.000000
90715 23.950141 -78.498028 -6.951251 1.000000
90716 24.844959 -78.184158 -6.768314 1.000000
90717 26.277877 -78.520313 -7.091010 1.000000
90718 25.326947 -78.855790 -7.011489 1.000000
90719 25.623348 -79.090416 -7.264366 1.000000
90720 24.959564 -79.770811 -7.514540 1.000000
90721 25.850406 -79.508170 -7.474532 1.000000
90722 26.099838 -79.958104 -7.729621 1.000000
90723 26.815496 -79.209819 -7.463500 1.000000
90724 29.269282 -77.529937 -7.881354 1.000000
90725 28.668147 -78.388706 -7.678815 1.000000
90726 29.460765 -77.893808 -7.936788 1.000000
90727 29.624972 -78.220174 -7.970951 1.000000
90728 30.086374 -77.378005 -8.292180 1.000000
90729 30.211089 -74.651770 -9.895102 1.000000
90730 30.147206 -75.406261 -9.251284 1.000000
90731 30.482860 -74.941859 -9.893798 1.000000
90732 31.305790 -74.729264 -10.705507 1.000000
90733 30.990612 -75.202346 -10.039053 1.000000
90734 31.226460 -75.423241 -9.994562 1.000000
90735 31.016596 -76.178484 -9.266027 1.000000
90736 31.448435 -75.602904 -9.863080 1.000000
90737 31.698786 -75.732879 -9.725485 1.000000
90738 31.820029 -75.073205 -10.456167 1.000000
90739 32.496221 -73.507428 -12.244209 1.000000
90740 32.451712 -74.112497 -11.632116 1.000000
90741 32.893255 -73.553592 -11.991242 1.000000
90742 33.182204 -73.772416 -11.873076 1.000000
90743 33.274285 -72.992198 -12.231303 1.000000
90744 33.768296 -72.483689 -12.282308 1.000000
90745 33.388406 -72.283298 -12.456743 1.000000
90746 33.349235 -70.826918 -13.336413 1.000000
90747 33.676170 -70.912041 -12.984323 1.000000
90748 33.800937 -70.172891 -13.322153 1.000000
90749 34.342293 -69.582418 -13.315849 1.000000
90750 33.969566 -69.363527 -13.628919 1.000000
90751 31.531174 -70.263460 -14.290314 1.000000
90752 32.057233 -70.304915 -14.093768 1.000000
90753 32.173216 -69.515549 -14.363039 1.000000
90754 33.621591 -67.443930 -14.732894 1.000000
90755 33.370353 -68.319060 -14.484126 1.000000
90756 34.035277 -67.576617 -14.521741 1.000000
90757 34.361623 -67.803241 -14.161618 1.000000
90758 34.643874 -67.044765 -14.567045 1.000000
90759 35.302728 -66.492230 -14.753100 1.000000
90760 34.991860 -66.269182 -14.907002 1.000000
92499 35.476573 -74.204490 -12.422229 1.000000
92500 36.056556 -73.602051 -12.702870 1.000000
92501 35.714574 -73.331572 -12.429207 1.000000
92502 35.915200 -72.428092 -12.414014 1.000000
92503 36.123447 -71.494736 -12.435024 1.000000
92504 36.272276 -70.725054 -12.552042 1.000000
92505 35.665143 -71.316525 -12.367216 1.000000
92506 35.202809 -71.339652 -12.330998 1.000000
92507 34.770720 -71.237490 -12.275079 1.000000
92750 24.027130 -63.531153 0.978321 1.000000
92751 23.016399 -63.602544 0.953476 1.000000
92752 23.577519 -63.014477 0.814475 1.000000
92767 36.744524 -83.029114 0.755534 1.000000
92768 36.659896 -83.569840 0.333612 1.000000
93498 30.642655 -63.635841 -6.814013 1.000000
93499 30.193944 -64.494140 -6.232338 1.000000
93500 30.441986 -64.205974 -6.971008 1.000000
93501 30.214151 -64.782575 -7.078227 1.000000
93502 29.975217 -65.376766 -7.164279 1.000000
93503 29.740835 -65.937385 -7.286132 1.000000
93504 30.032344 -64.848050 -8.030741 1.000000
93505 30.007044 -64.349622 -8.832787 1.000000
93506 29.866114 -63.805461 -9.598008 1.000000
93507 29.676886 -63.346438 -10.239003 1.000000
93508 29.887101 -62.900834 -10.144503 1.000000
94614 43.227091 -75.820208 -13.755391 1.000000
94615 43.908417 -75.119488 -13.831077 1.000000
94616 43.532435 -75.041652 -14.084061 1.000000
94617 43.803375 -74.223004 -14.352221 1.000000
94618 44.142254 -73.450848 -14.683719 1.000000
95429 37.749480 -88.452734 -11.885342 1.000000
95430 38.019311 -88.167228 -11.294969 1.000000
95431 38.637932 -87.839685 -11.687155 1.000000
95432 39.439768 -87.313518 -11.464702 1.000000
95433 40.143766 -86.719885 -11.285576 1.000000
95434 40.806271 -86.025819 -11.098215 1.000000
95435 40.644355 -86.345375 -11.694172 1.000000
95436 40.946312 -85.807689 -12.164379 1.000000
95437 41.190729 -85.179813 -12.543507 1.000000
95438 41.400552 -84.521234 -12.812643 1.000000
95439 40.787701 -85.310586 -13.003039 1.000000
95440 40.290765 -85.256666 -13.277852 1.000000
95441 39.702121 -85.202858 -13.544535 1.000000
95445 30.770309 -83.731644 -12.724522 1.000000
95446 31.152807 -83.048478 -12.650182 1.000000
95447 31.603009 -82.373522 -12.444836 1.000000
95448 30.810073 -82.874067 -12.369123 1.000000
95449 30.527130 -82.723469 -11.977238 1.000000
95450 30.307813 -82.605146 -11.576789 1.000000
97591 24.111645 -82.643114 -9.165456 1.000000
97592 24.874315 -82.333483 -9.078952 1.000000
97593 25.615674 -81.909962 -9.011119 1.000000
97594 25.436886 -81.800774 -8.797564 1.000000
97595 25.994496 -81.254132 -8.394632 1.000000
97596 26.633717 -80.703840 -8.084271 1.000000
97616 22.687817 -72.807752 -7.128231 1.000000
97617 22.058267 -72.984785 -7.355701 1.000000
97618 22.389019 -73.245727 -7.792852 1.000000
97629 29.189866 -71.288817 -9.779289 1.000000
97630 29.090784 -72.088733 -9.292341 1.000000
97631 29.230518 -71.656287 -10.007875 1.000000
97632 29.336056 -71.991973 -10.214885 1.000000
97633 29.466983 -72.347119 -10.435163 1.000000
97634 29.666813 -72.692834 -10.612813 1.000000
97635 29.588344 -71.950808 -11.121383 1.000000
97636 29.669158 -71.443237 -11.923192 1.000000
97637 29.715493 -71.000449 -12.654528 1.000000
97638 29.814383 -70.635542 -13.338285 1.000000
97639 29.663898 -70.341200 -13.071015 1.000000
97640 29.645147 -69.578052 -13.469370 1.000000
97641 29.679164 -68.712339 -13.759626 1.000000
98934 38.639169 -75.791992 -14.221403 1.000000
98935 39.524350 -75.106487 -14.678111 1.000000
98936 38.931586 -74.944496 -14.463834 1.000000
98937 39.263908 -74.054696 -14.626599 1.000000
98938 39.583933 -73.221393 -14.644663 1.000000
98939 38.529743 -71.045488 -13.560671 1.000000
98940 38.981851 -71.266435 -13.839401 1.000000
98941 39.206948 -70.522234 -13.806824 1.000000
98942 39.934549 -69.913134 -14.114576 1.000000
98943 40.653881 -69.361046 -14.359813 1.000000
98944 41.294958 -68.744004 -14.522677 1.000000
98945 40.802039 -68.579927 -14.398773 1.000000
98952 36.917139 -68.090118 -13.825775 1.000000
98953 37.471499 -67.612916 -14.269224 1.000000
98954 37.128467 -67.466937 -14.359014 1.000000
99756 34.173097 -90.016715 -13.458651 1.000000
99757 34.502115 -89.356646 -13.534806 1.000000
99758 34.775443 -88.688135 -13.527979 1.000000
99759 33.620395 -89.212395 -13.627893 1.000000
99762 27.796159 -89.932874 -13.105635 1.000000
99763 28.436879 -89.407511 -13.321124 1.000000
99764 27.875911 -89.200661 -12.888867 1.000000
99765 28.056424 -88.443473 -12.725808 1.000000
99766 28.312741 -87.690681 -12.594066 1.000000
99767 28.692547 -87.027311 -12.521769 1.000000
99768 27.869562 -87.513961 -12.056724 1.000000
99769 27.427334 -87.433919 -11.549552 1.000000
99770 26.974987 -87.217346 -11.092369 1.000000
101931 26.171979 -64.490922 -4.012305 1.000000
101932 25.273526 -65.273300 -3.937246 1.000000
101933 26.025208 -65.318041 -3.779923 1.000000
101934 25.759302 -66.213436 -3.627630 1.000000
101935 25.615763 -67.064010 -3.527602 1.000000
101936 27.522869 -68.020985 -4.372418 1.000000
101937 26.877936 -68.306349 -3.984983 1.000000
101938 26.774663 -68.913043 -4.140285 1.000000
101939 26.032643 -69.745578 -4.092715 1.000000
101940 25.294833 -70.424482 -4.295439 1.000000
101941 24.537420 -71.032695 -4.654984 1.000000
101942 25.207981 -70.865259 -4.686407 1.000000
101943 25.232242 -71.258083 -4.926865 1.000000
101944 25.226137 -71.588047 -5.180851 1.000000
101945 25.217136 -71.978129 -5.388130 1.000000
101946 25.872014 -71.440011 -5.175214 1.000000
101947 26.552826 -71.267165 -5.285763 1.000000
101948 27.198959 -71.050540 -5.519559 1.000000
101949 29.321194 -67.776181 -7.748750 1.000000
101950 29.150376 -68.699628 -7.226358 1.000000
101951 29.285517 -68.223290 -7.969094 1.000000
101952 29.259043 -68.693392 -8.133098 1.000000
101953 29.235955 -69.154538 -8.406396 1.000000
101954 29.180119 -69.601491 -8.729500 1.000000
101955 29.252341 -68.626858 -9.178082 1.000000
101956 29.246558 -68.176635 -9.891515 1.000000
101957 29.118801 -67.689836 -10.589879 1.000000
101958 28.984813 -67.359291 -11.226732 1.000000
101959 29.010452 -66.994980 -10.868732 1.000000
105179 28.015392 -57.560038 -5.174221 1.000000
105180 27.353222 -58.275137 -5.335979 1.000000
105181 26.652940 -59.009753 -5.578496 1.000000
105182 27.234908 -58.981299 -5.245692 1.000000
105183 27.137961 -59.724983 -5.082528 1.000000
105184 27.014593 -60.494810 -4.939735 1.000000
105185 26.810944 -61.315209 -4.750469 1.000000
105186 27.656665 -60.546815 -4.680371 1.000000
105187 28.330136 -60.572747 -4.528712 1.000000
105188 28.998645 -60.584582 -4.525244 1.000000
105189 32.022528 -58.010541 -6.477552 1.000000
105190 31.497914 -58.878466 -5.896376 1.000000
105191 31.826384 -58.742799 -6.482202 1.000000
105192 31.666040 -59.462462 -6.504544 1.000000
105193 31.485479 -60.114343 -6.582002 1.000000
105194 31.277012 -60.927987 -6.540420 1.000000
105195 31.643301 -59.986837 -7.226646 1.000000
105196 31.704977 -59.700295 -7.986003 1.000000
105197 31.678833 -59.320711 -8.802120 1.000000
105198 31.509053 -58.946893 -9.436885 1.000000
105199 31.763852 -58.278464 -9.366272 1.000000
105293 42.987261 -71.836695 -15.512466 1.000000
105294 43.567453 -71.796305 -15.496956 1.000000
105295 43.676782 -71.001165 -15.490903 1.000000
107709 34.409493 -85.882477 -0.792656 1.000000
107710 35.202321 -85.540600 -0.739247 1.000000
107711 35.072841 -86.326517 -0.848850 1.000000
107712 35.662275 -86.692259 -0.984515 1.000000
107713 36.190245 -87.031104 -1.176500 1.000000
107735 40.038340 -84.112279 -6.401855 1.000000
107736 40.645469 -83.580829 -6.124420 1.000000
107737 41.142996 -83.001763 -5.863386 1.000000
107738 41.243184 -83.497450 -6.607147 1.000000
107739 41.798074 -83.389968 -7.100108 1.000000
107740 42.279255 -83.128303 -7.567220 1.000000
107741 42.973701 -83.113626 -10.329317 1.000000
107742 43.022703 -82.916565 -9.667288 1.000000
107743 43.449789 -82.465775 -10.017271 1.000000
107744 43.953773 -81.740953 -9.737806 1.000000
107745 44.233166 -80.989115 -9.466036 1.000000
107746 44.382237 -80.194287 -9.120287 1.000000
107747 44.449262 -80.430284 -9.704055 1.000000
107754 42.034417 -81.733659 -12.923068 1.000000
107755 42.754453 -81.063464 -12.797958 1.000000
107756 42.248480 -80.904528 -12.886516 1.000000
107757 42.436816 -80.117114 -12.844848 1.000000
107758 42.599358 -79.343878 -12.805765 1.000000
107759 42.675477 -78.553118 -12.850439 1.000000
107760 42.098016 -79.221398 -12.870916 1.000000
107761 41.617140 -79.099335 -12.873535 1.000000
107762 41.082051 -79.032592 -12.879812 1.000000
107766 35.901655 -85.141249 -13.799589 1.000000
107767 36.136318 -84.479585 -13.574239 1.000000
107768 34.739409 -82.434364 -13.081309 1.000000
107769 35.365898 -82.640529 -13.103732 1.000000
107770 35.672788 -81.856519 -12.828142 1.000000
107771 36.605939 -81.278488 -12.596102 1.000000
107772 37.453778 -80.619708 -12.390696 1.000000
107773 38.279351 -79.934217 -12.387683 1.000000
107774 37.682731 -79.813465 -12.360476 1.000000
107775 37.859414 -79.039834 -12.427887 1.000000
107776 38.009398 -78.319117 -12.601779 1.000000
107777 38.187463 -77.691816 -12.892575 1.000000
107778 37.458617 -78.250162 -12.507685 1.000000
107779 36.944456 -78.203171 -12.351724 1.000000
107780 36.410742 -78.081362 -12.189667 1.000000
107781 33.597991 -79.627097 -10.946665 1.000000
107782 34.303661 -79.010509 -11.170940 1.000000
107783 33.995815 -78.866675 -10.875753 1.000000
107784 34.291387 -78.112036 -10.998340 1.000000
107785 34.493774 -77.352412 -11.282294 1.000000
107786 34.615435 -76.700702 -11.631887 1.000000
107787 34.158859 -77.167965 -11.114324 1.000000
107788 33.852614 -76.995768 -10.921872 1.000000
107789 33.628058 -76.702505 -10.613346 1.000000
111827 22.950254 -68.848938 3.232457 1.000000
111828 23.567403 -68.360500 3.047088 1.000000
111832 26.572093 -65.787002 2.719604 1.000000
111833 26.306117 -65.420918 2.345721 1.000000
111834 25.994528 -65.017685 1.971595 1.000000
111835 26.776504 -64.747132 2.223118 1.000000
114196 24.295000 -89.641221 -8.016808 1.000000
114197 24.833493 -89.039542 -8.479414 1.000000
114198 25.261082 -88.426985 -8.972956 1.000000
114199 24.979543 -88.264026 -8.502589 1.000000
114200 25.087640 -87.488197 -8.651914 1.000000
114201 25.261758 -86.764447 -8.855103 1.000000
114214 25.994070 -84.289789 -9.843470 1.000000
114215 26.731426 -83.738312 -10.342825 1.000000
114216 27.684998 -83.254680 -10.641993 1.000000
114217 27.262675 -83.036035 -10.461030 1.000000
114218 27.917733 -82.424216 -10.334200 1.000000
114219 28.657828 -81.927583 -9.965189 1.000000
114220 29.076809 -80.382980 -8.337962 1.000000
114221 29.420324 -80.495618 -8.514949 1.000000
114222 29.998036 -79.776898 -8.293476 1.000000
114223 30.882671 -79.164602 -8.336028 1.000000
114224 31.569265 -78.387558 -8.599744 1.000000
114225 32.198556 -77.674553 -8.897401 1.000000
114226 31.872932 -77.534810 -8.793744 1.000000
114227 32.048091 -76.728612 -9.173448 1.000000
114228 32.195251 -76.138392 -9.675024 1.000000
114284 22.115303 -68.692125 -4.340541 1.000000
114285 21.583011 -68.535291 -4.803552 1.000000
114286 21.544343 -69.565594 -4.623781 1.000000
114324 25.185199 -74.139468 -5.953338 1.000000
114325 24.521621 -74.743934 -6.102616 1.000000
114326 25.249753 -74.613549 -6.056445 1.000000
114327 25.321864 -75.136401 -6.135201 1.000000
114328 25.429981 -75.536236 -6.213699 1.000000
114329 28.008357 -75.222440 -7.308286 1.000000
114330 27.287433 -75.692341 -6.870633 1.000000
114331 27.470281 -75.944498 -7.027696 1.000000
114332 26.904400 -76.659873 -6.858335 1.000000
114333 26.404230 -77.246204 -6.722184 1.000000
114334 25.704693 -77.914752 -6.738228 1.000000
114335 26.736304 -77.583984 -7.011159 1.000000
114336 26.967585 -77.907130 -7.107807 1.000000
114337 27.235394 -78.165777 -7.176287 1.000000
114338 27.518876 -78.462295 -7.406812 1.000000
114339 28.151175 -77.732019 -7.515823 1.000000
114340 28.984066 -77.355392 -7.859860 1.000000
114341 29.715266 -76.792508 -8.267221 1.000000
114342 30.776469 -73.747970 -11.265093 1.000000
114343 30.793579 -74.419856 -10.656213 1.000000
114344 31.019770 -73.916778 -11.322363 1.000000
114345 31.344738 -74.097522 -11.374598 1.000000
114346 31.621456 -74.249677 -11.332887 1.000000
114347 31.835698 -74.443586 -11.244253 1.000000
114348 31.939398 -73.770463 -12.047449 1.000000
114349 32.257766 -73.284492 -12.389046 1.000000
114350 32.671366 -72.811939 -12.659183 1.000000
114351 33.105180 -72.246507 -12.739751 1.000000
114352 32.757856 -72.168626 -12.954386 1.000000
114353 32.832116 -71.474500 -13.256546 1.000000
114354 32.917213 -70.699140 -13.579300 1.000000
114355 31.917717 -68.529129 -14.676214 1.000000
114356 32.328494 -68.778820 -14.566251 1.000000
114357 32.617982 -67.911826 -14.804004 1.000000
114358 33.249166 -67.223854 -14.821394 1.000000
114359 33.953995 -66.556126 -14.861631 1.000000
114360 34.630403 -65.998815 -14.931158 1.000000
114361 34.287360 -65.699033 -14.964491 1.000000
115989 36.601383 -75.121351 -13.487712 1.000000
115990 37.304476 -74.378014 -13.855120 1.000000
115991 36.960889 -74.287780 -13.565616 1.000000
115992 37.321094 -73.388048 -13.548045 1.000000
115993 37.641484 -72.510339 -13.476088 1.000000
115994 36.686402 -72.992660 -12.932156 1.000000
115995 37.313864 -72.261170 -13.167847 1.000000
115996 37.902478 -71.686573 -13.350543 1.000000
115997 38.120382 -70.880964 -13.296026 1.000000
115998 38.260929 -70.100091 -13.326013 1.000000
115999 38.461629 -69.305316 -13.571411 1.000000
116000 38.639028 -68.657346 -13.890841 1.000000
116001 38.027659 -69.216691 -13.440041 1.000000
116002 37.577730 -68.998843 -13.359930 1.000000
116003 37.118874 -68.882830 -13.318118 1.000000
116004 36.408480 -70.038565 -12.753157 1.000000
116005 36.544692 -69.396421 -13.003141 1.000000
116006 36.718555 -68.747841 -13.332672 1.000000
116007 36.291193 -68.649434 -13.344233 1.000000
116008 35.886221 -68.548761 -13.400798 1.000000
116009 35.465624 -68.479329 -13.527973 1.000000
116576 21.570303 -65.792069 1.612162 1.000000
116577 20.360187 -65.686844 1.662203 1.000000
116578 21.043038 -65.218024 1.443551 1.000000
116581 21.951832 -63.658156 1.006011 1.000000
116632 29.054310 -91.164976 -13.971257 1.000000
116633 28.360851 -90.873629 -13.722348 1.000000
116635 27.721528 -91.279820 -13.725456 1.000000
116636 27.790228 -90.626143 -13.372621 1.000000
116637 27.199088 -90.413600 -12.877783 1.000000
116638 26.731048 -90.207033 -12.263681 1.000000
116639 26.342072 -90.027221 -11.535260 1.000000
118320 29.008225 -64.278886 -4.632686 1.000000
118321 28.141785 -65.160356 -4.229046 1.000000
118322 28.810434 -65.027736 -4.619219 1.000000
118323 28.587518 -65.743014 -4.621161 1.000000
118324 28.331900 -66.477574 -4.639476 1.000000
118325 29.619709 -65.374769 -5.675428 1.000000
118326 28.998058 -66.204600 -5.182218 1.000000
118327 28.295431 -67.081064 -4.740356 1.000000
118328 28.123617 -67.770131 -4.816348 1.000000
118329 27.998677 -68.397693 -4.955418 1.000000
118330 28.010184 -68.902835 -5.179153 1.000000
118331 27.917685 -69.402091 -5.364887 1.000000
118332 28.484097 -68.553001 -5.697994 1.000000
118333 28.876735 -68.163030 -6.295600 1.000000
118334 29.192094 -67.772739 -6.897819 1.000000
118335 29.617671 -66.358656 -7.470281 1.000000
118336 29.443538 -66.843875 -7.548299 1.000000
118337 29.360104 -67.313887 -7.597213 1.000000
118338 29.456208 -66.849992 -8.307520 1.000000
118339 29.495548 -66.314772 -9.062504 1.000000
118340 29.448003 -65.819032 -9.780474 1.000000
118341 29.258279 -65.386884 -10.425768 1.000000
118342 29.394917 -64.937159 -10.305967 1.000000
118345 29.482463 -62.927604 -10.723419 1.000000
120849 30.123193 -56.735728 -5.034236 1.000000
120850 30.069189 -57.482034 -4.958436 1.000000
120851 29.972961 -58.282919 -4.875430 1.000000
120852 30.657403 -57.516754 -5.129970 1.000000
120853 31.225860 -57.496797 -5.415964 1.000000
120854 31.712491 -57.477877 -5.828773 1.000000
120856 32.233700 -56.630380 -6.314128 1.000000
120857 32.150548 -57.374176 -6.374135 1.000000
120858 32.500420 -57.157237 -7.068335 1.000000
120929 44.583630 -74.406080 -13.697612 1.000000
120935 43.263968 -68.819016 -14.754320 1.000000
120936 43.711141 -68.751909 -14.747790 1.000000
120937 43.519922 -68.127088 -14.339789 1.000000
122830 38.134743 -87.847225 -10.712442 1.000000
122834 39.892234 -85.703135 -8.914319 1.000000
122835 40.569782 -85.150197 -8.734391 1.000000
122836 41.118629 -84.600329 -8.572844 1.000000
122837 41.050550 -84.902249 -9.183004 1.000000
122838 41.515797 -84.615715 -9.657647 1.000000
122839 41.988745 -84.281147 -10.137897 1.000000
122840 41.383874 -85.305639 -10.953550 1.000000
122841 41.904114 -84.564790 -10.808920 1.000000
122842 42.433448 -83.849669 -10.639980 1.000000
122843 42.848773 -83.388574 -11.012620 1.000000
122848 42.768374 -82.545966 -12.493399 1.000000
122849 42.342801 -82.554705 -12.804761 1.000000
122850 41.514423 -83.880067 -12.969892 1.000000
122851 41.695874 -83.190955 -13.010178 1.000000
122852 41.870050 -82.487829 -12.977674 1.000000
122853 41.355539 -82.388975 -13.045799 1.000000
122854 40.834289 -82.255788 -13.109728 1.000000
122855 40.338751 -82.198150 -13.061964 1.000000
122859 33.010092 -84.420063 -13.488490 1.000000
122860 33.383861 -83.716527 -13.413519 1.000000
122862 32.707512 -83.526887 -13.349106 1.000000
122863 33.758171 -82.982533 -13.259395 1.000000
122864 34.032907 -82.260117 -13.009511 1.000000
122865 34.447283 -81.511945 -12.715441 1.000000
122866 34.837659 -80.825292 -12.333867 1.000000
122867 35.188131 -80.178097 -11.961878 1.000000
122868 34.365088 -80.762744 -12.138073 1.000000
122869 33.847723 -80.558985 -11.970210 1.000000
122870 33.445459 -80.441885 -11.653877 1.000000
122871 32.114144 -81.677333 -12.067692 1.000000
122872 32.624271 -80.982484 -11.655974 1.000000
122873 33.120263 -80.302037 -11.272771 1.000000
122874 32.861281 -80.240741 -10.833289 1.000000
122875 32.635827 -80.144487 -10.461278 1.000000
122876 32.481957 -79.963394 -10.094129 1.000000
127873 24.899578 -83.544023 -9.455630 1.000000
127874 25.638213 -83.054163 -9.711386 1.000000
127875 26.519015 -82.560346 -9.726672 1.000000
127876 26.294794 -82.378313 -9.519640 1.000000
127877 26.950134 -81.797838 -9.196025 1.000000
127878 27.582852 -81.331611 -8.781984 1.000000
127879 26.466889 -81.592053 -8.847811 1.000000
127880 27.401285 -81.204452 -8.673301 1.000000
127881 28.247025 -80.782965 -8.443169 1.000000
127882 28.886799 -80.206707 -8.174642 1.000000
127883 29.490620 -79.553857 -7.983466 1.000000
127884 29.951191 -78.772359 -7.975813 1.000000
127928 22.157043 -71.934715 -5.151497 1.000000
127929 21.586591 -72.143823 -5.307271 1.000000
127930 21.654865 -72.555557 -5.828025 1.000000
127933 21.457836 -73.307872 -7.538153 1.000000
127959 27.961954 -73.156983 -7.148387 1.000000
127960 27.445292 -73.925890 -6.786756 1.000000
127961 28.061304 -73.569484 -7.306374 1.000000
127962 28.201792 -73.801659 -7.482840 1.000000
127963 28.273519 -74.208587 -7.562904 1.000000
127964 28.973766 -72.871327 -8.747305 1.000000
127965 28.807160 -73.691517 -8.184259 1.000000
127966 28.456073 -74.473612 -7.695891 1.000000
127967 28.659092 -74.770890 -7.893190 1.000000
127968 28.917080 -74.923940 -8.144105 1.000000
127969 29.165421 -75.332351 -8.370346 1.000000
127970 29.431073 -75.638391 -8.623052 1.000000
127971 29.627061 -74.796282 -9.059375 1.000000
127972 30.009329 -74.389942 -9.796347 1.000000
127973 30.225933 -73.937118 -10.529637 1.000000
127974 29.893002 -72.919779 -10.913070 1.000000
127975 30.132700 -73.274300 -11.094004 1.000000
127976 30.386066 -73.439538 -11.264717 1.000000
127977 30.622030 -73.052682 -11.885417 1.000000
127978 30.819239 -72.635815 -12.519293 1.000000
127979 31.098317 -72.017260 -13.122788 1.000000
127980 31.485341 -71.584776 -13.542700 1.000000
127981 31.015826 -71.434185 -13.627176 1.000000
127982 31.003574 -70.731118 -14.057126 1.000000
127983 31.076122 -69.944359 -14.373165 1.000000
127984 30.201569 -70.174888 -13.848918 1.000000
127985 30.630637 -69.691546 -14.273512 1.000000
127986 31.256448 -69.135897 -14.590357 1.000000
127987 31.518321 -68.257734 -14.739229 1.000000
127988 31.777136 -67.392662 -14.845560 1.000000
127989 32.041132 -66.534802 -14.898836 1.000000
130779 41.193336 -75.845495 -14.234123 1.000000
130780 41.969381 -75.103439 -14.497441 1.000000
130781 41.355006 -75.107314 -14.571274 1.000000
130782 41.555025 -74.334793 -14.906119 1.000000
130783 41.890483 -73.546275 -15.206350 1.000000
130784 40.413827 -74.339494 -15.039745 1.000000
130785 41.305292 -73.504746 -15.216283 1.000000
130786 42.165581 -72.638676 -15.522395 1.000000
130787 42.412557 -71.816541 -15.490529 1.000000
130788 42.552810 -71.099706 -15.345383 1.000000
130789 42.673912 -70.358872 -15.201998 1.000000
130790 38.109601 -73.693141 -14.085045 1.000000
130791 38.962912 -73.057361 -14.339956 1.000000
130792 39.833914 -72.375841 -14.564303 1.000000
130793 39.501898 -71.422897 -14.097616 1.000000
130794 40.060252 -71.628161 -14.392642 1.000000
130795 40.663287 -71.771771 -14.739053 1.000000
130796 41.443046 -71.049400 -14.867655 1.000000
130797 42.147029 -70.319712 -15.026201 1.000000
130798 42.771135 -69.621496 -15.005468 1.000000
130799 42.839739 -68.827942 -14.755446 1.000000
130802 41.835610 -68.043970 -14.353976 1.000000
130818 38.787242 -68.055809 -14.229736 1.000000
130821 38.172707 -67.096353 -14.818769 1.000000
132385 19.099643 -65.558553 1.788116 1.000000
132510 35.804812 -89.598343 -11.331423 1.000000
132511 36.337029 -89.393571 -11.691438 1.000000
132513 36.025260 -89.601740 -12.285484 1.000000
132514 36.870111 -89.063764 -12.077725 1.000000
132515 37.399985 -88.638574 -12.431651 1.000000
132516 37.909843 -88.137411 -12.768944 1.000000
132517 38.271591 -87.563619 -13.174436 1.000000
132518 38.558282 -86.964197 -13.464152 1.000000
132519 37.682090 -87.466165 -13.474040 1.000000
132522 35.022240 -88.003919 -13.564038 1.000000
132531 29.330151 -88.844538 -13.520361 1.000000
132540 29.109187 -86.471483 -12.485794 1.000000
132544 28.920369 -85.187107 -11.887659 1.000000
132545 28.507544 -84.908552 -11.509961 1.000000
137109 23.165463 -65.820448 -4.622885 1.000000
137110 22.982974 -66.755295 -4.386046 1.000000
137111 24.361441 -66.059612 -3.904698 1.000000
137112 23.610333 -66.894561 -3.941800 1.000000
137113 22.758968 -67.841507 -4.122459 1.000000
137114 22.699738 -68.811625 -3.958495 1.000000
137115 22.672461 -69.748789 -3.935467 1.000000
137116 22.682713 -70.566572 -4.166021 1.000000
137117 27.262436 -66.040404 -3.898612 1.000000
137118 26.354926 -66.988863 -3.653590 1.000000
137119 25.539313 -67.907497 -3.522833 1.000000
137120 26.199549 -68.498589 -3.708905 1.000000
137121 25.439294 -68.687640 -3.582626 1.000000
137122 24.723943 -68.788894 -3.515083 1.000000
137123 23.971166 -69.632202 -3.648811 1.000000
137124 23.340747 -70.441447 -4.001000 1.000000
137125 22.720195 -71.197815 -4.549102 1.000000
137126 22.711288 -71.655937 -5.022245 1.000000
137127 22.737497 -71.952648 -5.524938 1.000000
137128 22.831801 -72.130777 -5.942556 1.000000
137129 23.925275 -71.506731 -5.171656 1.000000
137130 23.391174 -71.964398 -5.784046 1.000000
137131 23.017926 -72.361566 -6.455804 1.000000
137132 23.222309 -72.682470 -6.839424 1.000000
137133 23.293823 -73.070318 -7.099856 1.000000
137134 23.203678 -73.630191 -7.234713 1.000000
137135 23.062658 -74.218720 -7.229869 1.000000
137136 23.537017 -73.602714 -6.745635 1.000000
137137 23.957606 -73.603407 -6.307091 1.000000
137138 24.492370 -73.613271 -6.006967 1.000000
137139 25.186084 -72.467066 -5.534318 1.000000
137140 25.155453 -72.998062 -5.719875 1.000000
137141 25.202584 -73.569424 -5.826299 1.000000
137142 25.901448 -73.487587 -5.842983 1.000000
137143 26.659209 -73.356047 -6.014485 1.000000
137144 27.265595 -73.077209 -6.376454 1.000000
137145 27.886180 -69.857284 -5.473679 1.000000
137146 27.818771 -70.294783 -5.719397 1.000000
137147 27.808430 -70.818648 -5.880704 1.000000
137148 28.800404 -69.604851 -6.753700 1.000000
137149 28.347204 -70.482463 -6.354968 1.000000
137150 27.847936 -71.239270 -6.105751 1.000000
137151 27.811782 -71.767382 -6.341962 1.000000
137152 27.848536 -72.276831 -6.582110 1.000000
137153 27.830338 -72.761096 -6.837326 1.000000
137154 28.336078 -72.353937 -7.440125 1.000000
137155 28.728323 -71.847096 -8.199179 1.000000
137156 29.015187 -71.363695 -8.874764 1.000000
137157 29.197708 -70.143037 -9.049399 1.000000
137158 29.168198 -70.519067 -9.347560 1.000000
137159 29.137043 -70.936769 -9.539556 1.000000
137160 29.235452 -70.445769 -10.287664 1.000000
137161 29.287113 -70.013188 -10.963935 1.000000
137162 29.258519 -69.489211 -11.717768 1.000000
137163 29.194916 -69.117457 -12.353132 1.000000
137164 29.136026 -68.744957 -12.062283 1.000000
137167 28.800806 -67.066737 -11.798648 1.000000
137173 29.132294 -64.998351 -10.997497 1.000000
139246 34.339890 -82.974292 0.416991 1.000000
139247 34.885302 -83.219074 0.193192 1.000000
139248 34.199610 -83.542153 0.011601 1.000000
139249 34.073941 -84.142663 -0.262544 1.000000
139250 33.968803 -84.796384 -0.480508 1.000000
139252 33.299036 -85.233293 -0.468073 1.000000
139253 33.847366 -85.534409 -0.659878 1.000000
139254 33.729129 -86.293593 -0.739124 1.000000
143751 25.932435 -59.687946 -5.864729 1.000000
143758 25.012540 -63.539989 -4.757438 1.000000
143759 25.668347 -63.634664 -4.477105 1.000000
143760 26.653925 -62.119178 -4.536054 1.000000
143761 26.528956 -62.897056 -4.423375 1.000000
143762 26.406892 -63.713126 -4.253964 1.000000
143763 27.052881 -63.726768 -4.112183 1.000000
143764 27.778620 -63.698404 -4.140757 1.000000
143765 28.505893 -63.643634 -4.296224 1.000000
143766 29.886806 -59.006326 -4.774340 1.000000
143767 29.778393 -59.800606 -4.727279 1.000000
143768 29.664142 -60.569193 -4.703342 1.000000
143769 30.840566 -59.762094 -5.302870 1.000000
143770 30.248590 -60.529005 -4.998251 1.000000
143771 29.500356 -61.327185 -4.628586 1.000000
143772 29.384995 -62.082235 -4.643932 1.000000
143773 29.293137 -62.796526 -4.617710 1.000000
143774 29.197570 -63.541472 -4.630178 1.000000
143775 29.728414 -63.489646 -5.043004 1.000000
143776 30.208722 -63.365243 -5.528455 1.000000
143777 30.582240 -63.206159 -6.133988 1.000000
143778 31.161822 -61.593007 -6.709601 1.000000
143779 31.011850 -62.356230 -6.762292 1.000000
143780 30.817242 -63.051686 -6.743182 1.000000
143781 30.920072 -62.667489 -7.546523 1.000000
143782 30.931402 -62.179208 -8.432577 1.000000
143783 30.830273 -61.729889 -9.225003 1.000000
143784 30.652715 -61.389171 -9.813213 1.000000
143785 30.845791 -60.763720 -9.778506 1.000000
143788 31.299546 -58.492176 -10.088052 1.000000
143978 42.764027 -74.313477 -14.739711 1.000000
143979 43.672137 -73.470660 -14.923598 1.000000
143980 44.387124 -72.703257 -14.925491 1.000000
143981 44.128835 -71.765125 -15.297483 1.000000
143982 44.528913 -71.862787 -15.025421 1.000000
143983 45.085058 -71.848974 -14.756375 1.000000
143984 45.749869 -71.040891 -14.487024 1.000000
143987 44.161703 -68.768665 -14.778606 1.000000
148845 35.490122 -83.476692 0.039382 1.000000
148846 36.097154 -83.766051 -0.057849 1.000000
148847 36.635030 -84.114671 -0.044028 1.000000
148848 35.913050 -85.193746 -0.606941 1.000000
148849 36.560778 -84.819153 -0.357176 1.000000
148850 37.168778 -84.491193 -0.008692 1.000000
148851 37.709393 -84.855959 0.009010 1.000000
148855 35.952304 -87.771304 -1.549728 1.000000
148856 36.637817 -87.371863 -1.428480 1.000000
148858 37.084833 -87.654345 -1.773455 1.000000
148859 37.293237 -86.982958 -1.276283 1.000000
148860 37.915587 -86.630143 -1.053295 1.000000
148902 41.577950 -82.398921 -5.651408 1.000000
148908 41.674305 -84.026381 -8.423113 1.000000
148909 42.232390 -83.417229 -8.231384 1.000000
148910 42.709656 -82.784466 -7.993066 1.000000
148911 43.148633 -82.692429 -9.047984 1.000000
148912 43.133687 -82.379565 -8.410537 1.000000
148913 43.134514 -82.079172 -7.770041 1.000000
148914 43.495081 -81.318296 -7.515333 1.000000
148920 44.377856 -79.490826 -8.697168 1.000000
148938 43.339740 -80.349505 -12.604420 1.000000
148945 43.830741 -76.647185 -12.950811 1.000000
148946 43.406341 -76.546639 -13.225459 1.000000
148947 42.733487 -77.814914 -12.968447 1.000000
148948 42.804405 -77.109210 -13.143496 1.000000
148949 42.979307 -76.457687 -13.443911 1.000000
148950 42.561546 -76.431789 -13.564435 1.000000
148951 42.167243 -76.364174 -13.708255 1.000000
148952 41.627694 -76.419488 -13.831320 1.000000
148953 38.783364 -86.362317 -13.635485 1.000000
148954 38.948052 -85.765257 -13.689593 1.000000
148955 39.058961 -85.104391 -13.632922 1.000000
148957 38.353056 -84.980592 -13.698713 1.000000
148958 39.176278 -84.405795 -13.510910 1.000000
148959 39.329335 -83.678268 -13.347363 1.000000
148960 39.551333 -82.888603 -13.161697 1.000000
148961 39.791759 -82.030259 -13.003708 1.000000
148963 35.388511 -84.194049 -13.554189 1.000000
148964 36.377884 -83.760373 -13.336392 1.000000
148965 35.915304 -82.814969 -13.080765 1.000000
148966 36.635138 -82.974374 -13.103259 1.000000
148967 37.335701 -83.153263 -13.113894 1.000000
148968 38.254306 -82.503252 -12.977361 1.000000
148969 39.141968 -81.937686 -12.946498 1.000000
148970 40.043067 -81.172690 -12.894075 1.000000
148971 40.230379 -80.363244 -12.804713 1.000000
148972 40.360209 -79.601817 -12.799589 1.000000
148973 40.478796 -78.890271 -12.866161 1.000000
148974 39.051458 -79.293534 -12.583410 1.000000
148975 39.805666 -78.779146 -12.851962 1.000000
148976 40.584955 -78.236438 -13.078662 1.000000
148977 40.758844 -77.576555 -13.335978 1.000000
148978 40.921789 -76.977357 -13.622922 1.000000
148979 41.056577 -76.437488 -13.946437 1.000000
148980 40.404912 -76.428600 -14.015776 1.000000
148981 39.822564 -76.319195 -14.082080 1.000000
148982 39.146952 -76.296642 -14.063722 1.000000
148983 38.304459 -77.184588 -13.300451 1.000000
148984 38.376018 -76.751217 -13.658249 1.000000
148985 38.454205 -76.326966 -13.959608 1.000000
148986 37.883654 -76.219909 -13.842947 1.000000
148987 37.263840 -76.095916 -13.682920 1.000000
148988 36.753699 -75.827003 -13.495613 1.000000
148989 35.523627 -79.424493 -11.805153 1.000000
148990 35.777163 -78.660041 -11.861555 1.000000
148991 35.954516 -77.920727 -12.045749 1.000000
148992 34.948174 -78.403138 -11.472479 1.000000
148993 35.514418 -77.799134 -11.877797 1.000000
148994 36.070962 -77.274248 -12.337230 1.000000
148995 36.153831 -76.731622 -12.670254 1.000000
148996 36.244132 -76.209515 -12.993268 1.000000
148997 36.363382 -75.706750 -13.276828 1.000000
148998 36.102757 -75.535253 -13.019491 1.000000
148999 35.772499 -75.448073 -12.856783 1.000000
149000 35.479993 -75.161278 -12.610927 1.000000
149001 34.780130 -76.078154 -11.962145 1.000000
149002 34.981322 -75.475715 -12.229868 1.000000
149003 35.232332 -74.888021 -12.368062 1.000000
149004 34.912899 -74.574411 -12.122425 1.000000
149005 34.561936 -74.337490 -11.936555 1.000000
149006 34.200035 -74.077487 -11.861370 1.000000
157099 20.831818 -67.188770 2.200861 1.000000
157100 21.507291 -66.691816 2.000623 1.000000
157102 24.467770 -68.258330 3.225716 1.000000
157103 24.122730 -67.887433 2.904254 1.000000
157105 24.652706 -67.368045 2.793445 1.000000
157106 23.717349 -67.496255 2.619324 1.000000
157107 23.312069 -67.001097 2.307320 1.000000
157108 22.743672 -66.618152 2.018525 1.000000
157109 22.158474 -66.231035 1.791654 1.000000
157110 22.828033 -65.707095 1.619722 1.000000
157111 23.488590 -65.132529 1.460422 1.000000
157112 24.073806 -64.539462 1.308039 1.000000
157113 25.580296 -64.685591 1.658606 1.000000
157114 25.128756 -64.343870 1.387975 1.000000
157115 24.584103 -63.925557 1.162054 1.000000
157116 25.090171 -63.263588 1.023642 1.000000
158576 35.750672 -81.946865 1.308108 1.000000
158577 35.025399 -82.207993 1.042737 1.000000
158657 34.245659 -81.972398 1.243086 1.000000
158658 34.253329 -82.478642 0.826477 1.000000
158659 33.523340 -82.789078 0.654678 1.000000
161825 25.956059 -90.738133 -11.190587 1.000000
161826 25.945133 -90.017676 -10.904132 1.000000
161834 25.613537 -90.007424 -10.282143 1.000000
161835 25.963299 -89.297213 -10.681516 1.000000
161836 26.069585 -88.541575 -10.516362 1.000000
161837 26.282184 -87.831587 -10.564423 1.000000
161838 26.539570 -87.197170 -10.658643 1.000000
161839 25.640218 -87.774001 -9.583044 1.000000
161840 26.187940 -87.145254 -10.205419 1.000000
161841 26.839325 -86.631380 -10.782709 1.000000
161842 27.250238 -86.097538 -10.927588 1.000000
161843 27.592244 -85.501879 -11.090628 1.000000
161844 27.921403 -84.884979 -11.245484 1.000000
161864 24.888210 -86.592667 -8.407333 1.000000
161865 25.505455 -86.091481 -9.102139 1.000000
161867 25.675373 -85.580900 -9.359782 1.000000
161868 26.057744 -85.665897 -9.761793 1.000000
161869 26.678402 -85.260421 -10.446182 1.000000
161870 27.456654 -84.771626 -10.927791 1.000000
161871 28.353821 -84.260479 -11.352930 1.000000
161872 28.783636 -83.662674 -11.464360 1.000000
161873 29.297110 -83.083712 -11.467405 1.000000
161874 29.921180 -82.534827 -11.310223 1.000000
161875 28.547196 -82.794107 -10.955279 1.000000
161876 29.625371 -82.364112 -10.978269 1.000000
161877 30.642370 -81.964232 -10.838827 1.000000
161878 31.231543 -81.324875 -10.416166 1.000000
161879 31.735078 -80.610022 -10.044578 1.000000
161880 32.195963 -79.834156 -9.779996 1.000000
161881 27.473565 -82.175806 -9.624766 1.000000
161882 28.411759 -81.777133 -9.587649 1.000000
161883 29.352894 -81.429042 -9.504156 1.000000
161884 29.703513 -80.637254 -8.800366 1.000000
161885 29.993057 -80.794245 -9.101679 1.000000
161886 30.269571 -81.005611 -9.390336 1.000000
161887 31.149959 -80.387369 -9.382769 1.000000
161888 31.948399 -79.684779 -9.483408 1.000000
161889 32.617241 -78.951210 -9.720163 1.000000
161890 32.962825 -78.082927 -9.811972 1.000000
161891 33.219673 -77.224165 -10.089691 1.000000
161892 33.331960 -76.593079 -10.438136 1.000000
161893 32.649253 -77.058420 -9.494041 1.000000
161894 33.060495 -76.459035 -10.110300 1.000000
161895 33.426460 -75.946219 -10.831354 1.000000
161896 33.517346 -75.305954 -11.227630 1.000000
161897 33.701055 -74.677452 -11.503343 1.000000
161898 33.822723 -74.064635 -11.739449 1.000000
162010 21.124607 -68.247221 -5.251290 1.000000
162016 21.030659 -72.294787 -5.245718 1.000000
162088 22.823116 -74.879929 -7.196892 1.000000
162091 23.789613 -75.320289 -6.340863 1.000000
162097 26.919845 -74.585453 -6.525935 1.000000
162098 26.239472 -75.304493 -6.358541 1.000000
162099 25.516164 -75.995743 -6.298418 1.000000
162100 26.511911 -76.018952 -6.588546 1.000000
162101 25.692277 -76.309554 -6.398681 1.000000
162102 24.782233 -76.570839 -6.319175 1.000000
162103 24.089910 -77.142805 -6.445487 1.000000
162109 25.069186 -78.508466 -6.911351 1.000000
162116 26.415329 -80.335975 -7.879169 1.000000
162117 27.391821 -79.965830 -7.799804 1.000000
162118 27.753964 -78.866370 -7.549385 1.000000
162119 28.060410 -79.191849 -7.652219 1.000000
162120 28.345231 -79.580493 -7.748540 1.000000
162121 29.067243 -79.049252 -7.828501 1.000000
162122 29.801143 -78.475513 -7.882634 1.000000
162123 30.434234 -77.833630 -8.207300 1.000000
162124 29.796377 -75.900130 -8.653588 1.000000
162125 29.982228 -76.097429 -8.695459 1.000000
162126 30.230831 -76.314434 -8.773725 1.000000
162127 30.734256 -75.053118 -10.056580 1.000000
162128 30.630795 -75.702332 -9.393329 1.000000
162129 30.465733 -76.506518 -8.796344 1.000000
162130 30.569317 -76.766707 -8.760858 1.000000
162131 30.767474 -76.962374 -8.651175 1.000000
162132 31.066751 -77.132627 -8.560909 1.000000
162133 31.499960 -76.493792 -9.103760 1.000000
162134 31.877797 -75.899653 -9.692822 1.000000
162135 32.311626 -75.479239 -10.311028 1.000000
162136 32.123636 -74.582011 -11.103707 1.000000
162137 32.395370 -74.793123 -10.985692 1.000000
162138 32.690290 -75.007886 -10.946802 1.000000
162139 33.070855 -74.465290 -11.420862 1.000000
162140 33.482697 -73.929295 -11.750807 1.000000
162141 33.964206 -73.288001 -11.966705 1.000000
162142 34.115456 -72.561264 -12.100871 1.000000
162143 34.215357 -71.829364 -12.336660 1.000000
162144 34.373432 -71.085274 -12.557554 1.000000
162145 33.532649 -71.595140 -12.709574 1.000000
162146 34.064978 -70.980765 -12.692332 1.000000
162147 34.555487 -70.357807 -12.778554 1.000000
162148 34.714945 -69.677934 -13.069076 1.000000
162149 34.895826 -69.015458 -13.362857 1.000000
162150 35.098400 -68.307526 -13.714017 1.000000
162151 31.959668 -71.133696 -13.760267 1.000000
162152 32.538913 -70.512660 -13.847494 1.000000
162153 33.074196 -69.860734 -13.902826 1.000000
162154 32.826006 -68.891451 -14.444288 1.000000
162155 33.223212 -69.064252 -14.209888 1.000000
162156 33.597097 -69.237910 -13.941195 1.000000
162157 34.155112 -68.568565 -13.901571 1.000000
162158 34.716249 -68.061627 -13.927667 1.000000
162159 35.330262 -67.532144 -14.158083 1.000000
162160 35.662331 -66.774078 -14.695216 1.000000
162163 35.367299 -65.487504 -15.222939 1.000000
162169 29.256159 -68.748876 -12.939432 1.000000
162170 29.399633 -68.209395 -13.492040 1.000000
162171 29.756598 -67.853466 -13.991109 1.000000
162173 29.901959 -66.968463 -14.197662 1.000000
162174 30.277276 -67.373350 -14.401345 1.000000
162175 30.950069 -66.767842 -14.667826 1.000000
162176 31.660836 -66.182315 -14.792918 1.000000
162177 32.337915 -65.586098 -14.918590 1.000000
162185 32.727700 -64.490266 -14.964426 1.000000
162186 33.089351 -64.764671 -15.031527 1.000000
162187 33.820022 -64.068347 -15.128545 1.000000
162223 30.315381 -60.887665 -10.451335 1.000000
