#
103
87 -19.866649 -88.014260 -7.449499 1.000000
2372 -27.897196 -90.447031 -1.488364 1.000000
2898 -20.277601 -99.457659 -11.154719 1.000000
7391 -22.254372 -98.738141 -10.903380 1.000000
8564 -18.741235 -90.727739 -8.266584 1.000000
8572 -21.580424 -89.699812 -10.680544 1.000000
8573 -22.263601 -87.602034 -10.007731 1.000000
18900 -21.845996 -88.589273 -10.459795 1.000000
21610 -26.835307 -90.630874 -0.631099 1.000000
21612 -27.419198 -91.717757 -1.219499 1.000000
27944 -27.474981 -89.306414 -0.794415 1.000000
27945 -28.401911 -89.142777 -1.731833 1.000000
32675 -21.882229 -99.346511 -9.043040 1.000000
32677 -22.909215 -97.906291 -10.547507 1.000000
35954 -19.399870 -89.373730 -7.668060 1.000000
35955 -21.398067 -99.274293 -11.056923 1.000000
35977 -21.501401 -90.990387 -10.648688 1.000000
35979 -20.156872 -90.348333 -9.362197 1.000000
35980 -20.812666 -88.948585 -8.989708 1.000000
35981 -21.265421 -87.911882 -8.552713 1.000000
41724 -18.906653 -88.614650 -7.120280 1.000000
41725 -18.142499 -88.509277 -7.071330 1.000000
41726 -19.072961 -87.845713 -7.259302 1.000000
52330 -27.377889 -90.533525 -1.018689 1.000000
52331 -27.131720 -91.158405 -0.904018 1.000000
52332 -27.664082 -91.064833 -1.335899 1.000000
52333 -27.941464 -91.683961 -1.664002 1.000000
52334 -28.088801 -91.046162 -1.852496 1.000000
52335 -28.353093 -91.036201 -2.377780 1.000000
52336 -28.271988 -90.443760 -1.973761 1.000000
54769 -19.878902 -99.304914 -10.001735 1.000000
54770 -19.224564 -99.231325 -9.939664 1.000000
54771 -19.642595 -99.330239 -11.056704 1.000000
54772 -19.408181 -99.389590 -11.982259 1.000000
54773 -19.975182 -99.434182 -12.127550 1.000000
79669 -17.607212 -91.463573 -8.227671 1.000000
79671 -17.930752 -90.852141 -7.825051 1.000000
79672 -18.342890 -90.143800 -7.478304 1.000000
79673 -19.090777 -90.074688 -7.939064 1.000000
79674 -22.088936 -99.076845 -10.063367 1.000000
79675 -21.649214 -99.269487 -10.093099 1.000000
79676 -21.867283 -99.052444 -10.991503 1.000000
79730 -22.149190 -89.514799 -11.236448 1.000000
79731 -22.178171 -90.030432 -11.237524 1.000000
79732 -21.565411 -90.319440 -10.621473 1.000000
79733 -20.704277 -91.397859 -10.122719 1.000000
79734 -20.859929 -90.739243 -10.015853 1.000000
79735 -19.950420 -91.022395 -9.538593 1.000000
79736 -20.882603 -90.103380 -10.066618 1.000000
79737 -22.071771 -88.109642 -10.209036 1.000000
79738 -21.378396 -88.775039 -9.716230 1.000000
79739 -21.640370 -88.290177 -9.448119 1.000000
79740 -21.095149 -88.420846 -8.673813 1.000000
79741 -21.808736 -87.789886 -9.283831 1.000000
79742 -21.923808 -87.313779 -9.134520 1.000000
79743 -22.381246 -87.116897 -9.874799 1.000000
92767 -20.089962 -99.350497 -8.918469 1.000000
92768 -20.503499 -99.409558 -10.022131 1.000000
107707 -17.328145 -92.060775 -8.685675 1.000000
107708 -18.373622 -91.419689 -8.621250 1.000000
107709 -22.422740 -98.337136 -11.764904 1.000000
107710 -22.075199 -98.790392 -11.886632 1.000000
107711 -22.399364 -98.496601 -12.765608 1.000000
107744 -22.636728 -88.832036 -11.947454 1.000000
107745 -22.168301 -88.964678 -11.247490 1.000000
107746 -21.665106 -89.145370 -10.619489 1.000000
107747 -22.250798 -88.440962 -11.197970 1.000000
107748 -22.433706 -87.932356 -11.060217 1.000000
107749 -22.607792 -87.378815 -10.878484 1.000000
107750 -22.708436 -86.859331 -10.656260 1.000000
126643 -27.140591 -89.978285 -0.695052 1.000000
126644 -27.666800 -89.879617 -1.129331 1.000000
126645 -28.144490 -89.844786 -1.590095 1.000000
126646 -27.991565 -89.194894 -1.229743 1.000000
139249 -22.318561 -99.181905 -9.094656 1.000000
139250 -22.497868 -98.779067 -9.951418 1.000000
139252 -22.878811 -98.428153 -9.788133 1.000000
139253 -22.617055 -98.324381 -10.761335 1.000000
139254 -22.749938 -97.897157 -11.563201 1.000000
143949 -20.720067 -87.478384 -7.971059 1.000000
143950 -19.975496 -87.390594 -7.615909 1.000000
143951 -20.776022 -86.888656 -8.065347 1.000000
148843 -18.637162 -89.379020 -7.238691 1.000000
148844 -19.636406 -88.717237 -7.480582 1.000000
148846 -21.055859 -99.407077 -10.037549 1.000000
148847 -20.811595 -99.471293 -11.123907 1.000000
148848 -21.676783 -99.073015 -12.009107 1.000000
148849 -21.133859 -99.308372 -12.093025 1.000000
148850 -20.551251 -99.439003 -12.142428 1.000000
148851 -20.271327 -99.404164 -13.060112 1.000000
148912 -22.139296 -90.612940 -11.158482 1.000000
148918 -19.162353 -91.279373 -9.030120 1.000000
148919 -19.471310 -90.521529 -8.833107 1.000000
148920 -21.093590 -89.415096 -9.925307 1.000000
148921 -20.499624 -89.584090 -9.218275 1.000000
148922 -19.833332 -89.810938 -8.578578 1.000000
148923 -20.151941 -89.172021 -8.260604 1.000000
148924 -20.420814 -88.533953 -8.002864 1.000000
148925 -20.605113 -88.001817 -7.947523 1.000000
148926 -21.379054 -87.422796 -8.501877 1.000000
148929 -22.796823 -86.363405 -10.538133 1.000000
158722 -28.484944 -89.854494 -2.098853 1.000000
162709 -19.230852 -87.250777 -7.574541 1.000000
