#
178
1384 28.367853 -64.364992 -4.302303 1.000000
1386 27.265884 -69.748215 -4.951848 1.000000
3304 30.392865 -63.881710 -6.146277 1.000000
3305 27.615972 -67.392685 -4.259098 1.000000
3306 29.540563 -66.275410 -6.563965 1.000000
3307 29.165460 -68.193793 -7.082551 1.000000
5599 29.036144 -71.796954 -9.061002 1.000000
7100 24.778474 -68.010524 -3.462415 1.000000
7101 24.580181 -70.611916 -4.253360 1.000000
7104 27.206741 -71.546964 -5.662512 1.000000
7105 29.030560 -70.068859 -7.962897 1.000000
10984 30.750707 -63.197359 -7.698878 1.000000
10985 29.989352 -65.133877 -6.316669 1.000000
10986 30.287003 -64.394996 -7.852042 1.000000
10987 29.849689 -65.384872 -8.127834 1.000000
13280 29.184703 -72.443433 -9.454480 1.000000
15671 26.518714 -66.153586 -3.694870 1.000000
15672 27.420664 -68.664260 -4.516770 1.000000
15673 26.150573 -69.094896 -3.895079 1.000000
15674 25.966721 -70.253342 -4.419323 1.000000
15678 27.231343 -70.636183 -5.315198 1.000000
15679 29.418860 -67.276016 -8.482554 1.000000
15680 29.083896 -69.199435 -7.401753 1.000000
15681 29.355071 -68.200968 -8.841540 1.000000
24378 29.587671 -64.171582 -5.046276 1.000000
24379 27.923452 -65.951213 -4.212582 1.000000
24380 29.141156 -65.595776 -5.091021 1.000000
24381 28.775640 -66.898674 -5.215295 1.000000
24382 28.568588 -68.076491 -5.533910 1.000000
24383 28.408412 -69.040917 -5.838842 1.000000
24384 29.238632 -67.329429 -6.795627 1.000000
24385 29.564930 -66.321179 -8.261221 1.000000
28509 28.405396 -72.745956 -7.758615 1.000000
28511 28.594531 -73.390774 -8.044576 1.000000
31923 23.406554 -67.910358 -3.765647 1.000000
31924 23.307949 -69.721222 -3.750975 1.000000
31925 26.265182 -67.821987 -3.639799 1.000000
31926 24.672449 -69.512665 -3.672094 1.000000
31927 23.356022 -70.968240 -4.405254 1.000000
31933 25.883533 -72.908163 -5.720511 1.000000
31935 28.343158 -69.984898 -6.193422 1.000000
31936 28.349202 -70.947751 -6.607460 1.000000
31938 28.989308 -71.029298 -8.608710 1.000000
34235 28.618529 -62.871985 -4.372621 1.000000
34239 30.726954 -62.509261 -6.077169 1.000000
34240 31.108312 -62.061667 -7.467886 1.000000
41705 30.521667 -63.798703 -7.730983 1.000000
46389 27.662037 -64.450547 -4.057158 1.000000
46390 26.632786 -65.371066 -3.788624 1.000000
46391 27.434262 -65.266177 -3.969117 1.000000
46392 27.457524 -69.122627 -4.758800 1.000000
46393 26.741687 -69.471143 -4.396060 1.000000
46394 26.649680 -69.958374 -4.636767 1.000000
46395 25.897456 -70.691019 -4.687833 1.000000
46396 26.598321 -70.460305 -4.893495 1.000000
46397 26.586680 -70.784241 -5.109899 1.000000
46398 27.278943 -70.131861 -5.175722 1.000000
55989 30.037969 -64.052388 -5.549375 1.000000
55990 29.337911 -64.931400 -5.055065 1.000000
55991 29.832657 -64.733364 -5.596896 1.000000
55992 29.755611 -65.710410 -6.440923 1.000000
55993 29.442932 -65.951429 -5.792620 1.000000
55994 29.224936 -66.587381 -5.890490 1.000000
55995 28.630588 -67.515224 -5.352291 1.000000
55996 29.086325 -67.190625 -6.015302 1.000000
55997 28.918529 -67.750610 -6.114254 1.000000
55998 29.390721 -66.839822 -6.697782 1.000000
62874 28.783128 -72.218552 -8.422667 1.000000
62875 28.533636 -73.028378 -7.930012 1.000000
62876 28.859394 -72.572730 -8.568522 1.000000
70047 24.915101 -67.071460 -3.548949 1.000000
70048 24.199931 -67.005292 -3.693134 1.000000
70049 24.104171 -67.983828 -3.546725 1.000000
70050 23.359153 -68.874046 -3.668960 1.000000
70051 24.048671 -68.839803 -3.524209 1.000000
70052 27.740704 -66.653252 -4.244085 1.000000
70053 27.053874 -66.861272 -3.904342 1.000000
70054 26.969701 -67.595288 -3.917109 1.000000
70055 25.365587 -69.906510 -3.974755 1.000000
70056 25.447350 -69.297612 -3.739637 1.000000
70057 24.693115 -70.089124 -3.909917 1.000000
70058 24.028966 -70.243865 -3.918621 1.000000
70059 23.906574 -70.808850 -4.264739 1.000000
70060 23.220068 -71.410649 -4.883468 1.000000
70061 23.851013 -71.232781 -4.728173 1.000000
70069 26.506053 -71.748927 -5.458560 1.000000
70070 25.834372 -72.364055 -5.543420 1.000000
70071 26.578236 -72.214946 -5.675854 1.000000
70072 26.564902 -72.771922 -5.847489 1.000000
70073 27.216272 -72.029330 -5.907873 1.000000
70074 28.827088 -68.673253 -6.391340 1.000000
70075 28.383316 -69.557250 -5.991006 1.000000
70076 28.788965 -69.141418 -6.573795 1.000000
70077 29.084207 -69.604658 -7.707582 1.000000
70078 28.792057 -70.084706 -6.944563 1.000000
70079 28.784726 -70.619367 -7.206453 1.000000
70080 28.371261 -71.431473 -6.891116 1.000000
70081 28.750965 -71.000062 -7.539895 1.000000
70082 28.714381 -71.485460 -7.863649 1.000000
70083 29.009573 -70.567958 -8.289319 1.000000
93498 30.642655 -63.635841 -6.814013 1.000000
93499 30.193944 -64.494140 -6.232338 1.000000
93500 30.441986 -64.205974 -6.971008 1.000000
93501 30.214151 -64.782575 -7.078227 1.000000
93502 29.975217 -65.376766 -7.164279 1.000000
93503 29.740835 -65.937385 -7.286132 1.000000
93504 30.032344 -64.848050 -8.030741 1.000000
97629 29.189866 -71.288817 -9.779289 1.000000
97630 29.090784 -72.088733 -9.292341 1.000000
97631 29.230518 -71.656287 -10.007875 1.000000
101934 25.759302 -66.213436 -3.627630 1.000000
101935 25.615763 -67.064010 -3.527602 1.000000
101936 27.522869 -68.020985 -4.372418 1.000000
101937 26.877936 -68.306349 -3.984983 1.000000
101938 26.774663 -68.913043 -4.140285 1.000000
101939 26.032643 -69.745578 -4.092715 1.000000
101940 25.294833 -70.424482 -4.295439 1.000000
101941 24.537420 -71.032695 -4.654984 1.000000
101942 25.207981 -70.865259 -4.686407 1.000000
101947 26.552826 -71.267165 -5.285763 1.000000
101948 27.198959 -71.050540 -5.519559 1.000000
101949 29.321194 -67.776181 -7.748750 1.000000
101950 29.150376 -68.699628 -7.226358 1.000000
101951 29.285517 -68.223290 -7.969094 1.000000
101952 29.259043 -68.693392 -8.133098 1.000000
101953 29.235955 -69.154538 -8.406396 1.000000
101954 29.180119 -69.601491 -8.729500 1.000000
101955 29.252341 -68.626858 -9.178082 1.000000
118320 29.008225 -64.278886 -4.632686 1.000000
118321 28.141785 -65.160356 -4.229046 1.000000
118322 28.810434 -65.027736 -4.619219 1.000000
118323 28.587518 -65.743014 -4.621161 1.000000
118324 28.331900 -66.477574 -4.639476 1.000000
118325 29.619709 -65.374769 -5.675428 1.000000
118326 28.998058 -66.204600 -5.182218 1.000000
118327 28.295431 -67.081064 -4.740356 1.000000
118328 28.123617 -67.770131 -4.816348 1.000000
118329 27.998677 -68.397693 -4.955418 1.000000
118330 28.010184 -68.902835 -5.179153 1.000000
118331 27.917685 -69.402091 -5.364887 1.000000
118332 28.484097 -68.553001 -5.697994 1.000000
118333 28.876735 -68.163030 -6.295600 1.000000
118334 29.192094 -67.772739 -6.897819 1.000000
118335 29.617671 -66.358656 -7.470281 1.000000
118336 29.443538 -66.843875 -7.548299 1.000000
118337 29.360104 -67.313887 -7.597213 1.000000
118338 29.456208 -66.849992 -8.307520 1.000000
127964 28.973766 -72.871327 -8.747305 1.000000
137117 27.262436 -66.040404 -3.898612 1.000000
137118 26.354926 -66.988863 -3.653590 1.000000
137119 25.539313 -67.907497 -3.522833 1.000000
137120 26.199549 -68.498589 -3.708905 1.000000
137121 25.439294 -68.687640 -3.582626 1.000000
137122 24.723943 -68.788894 -3.515083 1.000000
137123 23.971166 -69.632202 -3.648811 1.000000
137145 27.886180 -69.857284 -5.473679 1.000000
137146 27.818771 -70.294783 -5.719397 1.000000
137147 27.808430 -70.818648 -5.880704 1.000000
137148 28.800404 -69.604851 -6.753700 1.000000
137149 28.347204 -70.482463 -6.354968 1.000000
137150 27.847936 -71.239270 -6.105751 1.000000
137151 27.811782 -71.767382 -6.341962 1.000000
137155 28.728323 -71.847096 -8.199179 1.000000
137156 29.015187 -71.363695 -8.874764 1.000000
137157 29.197708 -70.143037 -9.049399 1.000000
137158 29.168198 -70.519067 -9.347560 1.000000
137159 29.137043 -70.936769 -9.539556 1.000000
137160 29.235452 -70.445769 -10.287664 1.000000
143764 27.778620 -63.698404 -4.140757 1.000000
143765 28.505893 -63.643634 -4.296224 1.000000
143773 29.293137 -62.796526 -4.617710 1.000000
143774 29.197570 -63.541472 -4.630178 1.000000
143775 29.728414 -63.489646 -5.043004 1.000000
143776 30.208722 -63.365243 -5.528455 1.000000
143777 30.582240 -63.206159 -6.133988 1.000000
143779 31.011850 -62.356230 -6.762292 1.000000
143780 30.817242 -63.051686 -6.743182 1.000000
143781 30.920072 -62.667489 -7.546523 1.000000
