#
101
1997 -23.313282 -86.814009 -13.068578 1.000000
4380 -23.739986 -88.813618 -12.935901 1.000000
4384 -37.861068 -77.405684 -14.099090 1.000000
6101 -32.156304 -72.638758 -14.668895 1.000000
8572 -21.580424 -89.699812 -10.680544 1.000000
8573 -22.263601 -87.602034 -10.007731 1.000000
12064 -38.892645 -76.098196 -14.486360 1.000000
14005 -32.343064 -73.960297 -14.190038 1.000000
14006 -33.737324 -72.301529 -15.140790 1.000000
18897 -23.450259 -87.941639 -13.237981 1.000000
18898 -22.709789 -89.275062 -11.866978 1.000000
18899 -22.617014 -88.307396 -11.983780 1.000000
18900 -21.845996 -88.589273 -10.459795 1.000000
18901 -22.816535 -87.186478 -11.727278 1.000000
26314 -23.901148 -89.503855 -12.534151 1.000000
26315 -24.854876 -88.400938 -13.881342 1.000000
26317 -24.084918 -86.604215 -14.332504 1.000000
26318 -23.837468 -85.502058 -14.053691 1.000000
26322 -36.608115 -78.888535 -13.681280 1.000000
26324 -36.647685 -77.643536 -13.684878 1.000000
29592 -30.780284 -74.395068 -13.460996 1.000000
29594 -33.793893 -70.945486 -15.245695 1.000000
30237 -37.916496 -78.350201 -13.879344 1.000000
35976 -22.704197 -90.225227 -11.605169 1.000000
35977 -21.501401 -90.990387 -10.648688 1.000000
35980 -20.812666 -88.948585 -8.989708 1.000000
49617 -23.351233 -87.389931 -13.214567 1.000000
49618 -22.992156 -88.140845 -12.661876 1.000000
49619 -22.985071 -87.595828 -12.567500 1.000000
49620 -22.687688 -87.769203 -11.862459 1.000000
49621 -23.041969 -87.006330 -12.414854 1.000000
49622 -23.106094 -86.429395 -12.241335 1.000000
49623 -23.287170 -86.295582 -12.899872 1.000000
59229 -37.237093 -78.085132 -13.855724 1.000000
59230 -36.628079 -78.279585 -13.647022 1.000000
59231 -37.238874 -77.531070 -13.942719 1.000000
65052 -32.233492 -73.292740 -14.502236 1.000000
65053 -31.607188 -74.145809 -13.883820 1.000000
65054 -31.381782 -73.509768 -14.195554 1.000000
65055 -30.582529 -73.837675 -13.727514 1.000000
65056 -31.295195 -72.841041 -14.366604 1.000000
79727 -23.848707 -89.124799 -12.722720 1.000000
79728 -23.276579 -89.849815 -12.090650 1.000000
79729 -23.300856 -89.443743 -12.239866 1.000000
79730 -22.149190 -89.514799 -11.236448 1.000000
79731 -22.178171 -90.030432 -11.237524 1.000000
79732 -21.565411 -90.319440 -10.621473 1.000000
79733 -20.704277 -91.397859 -10.122719 1.000000
79734 -20.859929 -90.739243 -10.015853 1.000000
79735 -19.950420 -91.022395 -9.538593 1.000000
79736 -20.882603 -90.103380 -10.066618 1.000000
79737 -22.071771 -88.109642 -10.209036 1.000000
79738 -21.378396 -88.775039 -9.716230 1.000000
79739 -21.640370 -88.290177 -9.448119 1.000000
79740 -21.095149 -88.420846 -8.673813 1.000000
79741 -21.808736 -87.789886 -9.283831 1.000000
79742 -21.923808 -87.313779 -9.134520 1.000000
79743 -22.381246 -87.116897 -9.874799 1.000000
95442 -38.380697 -76.750778 -14.347880 1.000000
95443 -37.809677 -76.901451 -14.278878 1.000000
95444 -38.359109 -76.275177 -14.599124 1.000000
98937 -33.037387 -73.131658 -14.716769 1.000000
98938 -32.963764 -72.481155 -14.887648 1.000000
107741 -23.565736 -88.486224 -13.160833 1.000000
107742 -23.266146 -89.021929 -12.389417 1.000000
107743 -23.152513 -88.607088 -12.543269 1.000000
107744 -22.636728 -88.832036 -11.947454 1.000000
107745 -22.168301 -88.964678 -11.247490 1.000000
107746 -21.665106 -89.145370 -10.619489 1.000000
107747 -22.250798 -88.440962 -11.197970 1.000000
107748 -22.433706 -87.932356 -11.060217 1.000000
107749 -22.607792 -87.378815 -10.878484 1.000000
107750 -22.708436 -86.859331 -10.656260 1.000000
107751 -22.974262 -86.617053 -11.515466 1.000000
122837 -24.497289 -89.179702 -12.933521 1.000000
122838 -24.411999 -88.832386 -13.184677 1.000000
122839 -24.296604 -88.555269 -13.433455 1.000000
122841 -24.673125 -88.088758 -14.127504 1.000000
122842 -24.117131 -88.280104 -13.702240 1.000000
122843 -23.934204 -87.827437 -13.796467 1.000000
122844 -23.793925 -87.265216 -13.805185 1.000000
122845 -23.678722 -86.657152 -13.766020 1.000000
122846 -23.543356 -86.156026 -13.565381 1.000000
122847 -23.920313 -86.057670 -14.215815 1.000000
122861 -37.205115 -76.954842 -14.042105 1.000000
122862 -36.632586 -76.997153 -13.790884 1.000000
130791 -33.755995 -71.640790 -15.215723 1.000000
130792 -32.927848 -71.816482 -14.973142 1.000000
130794 -32.951400 -71.113236 -15.052241 1.000000
130795 -32.101098 -71.954735 -14.791708 1.000000
130796 -31.279277 -72.239354 -14.516615 1.000000
132538 -37.259422 -78.609496 -13.831846 1.000000
132539 -37.875086 -77.867940 -13.958197 1.000000
132541 -38.434170 -77.639036 -13.943736 1.000000
132542 -38.402993 -77.202924 -14.124823 1.000000
132543 -38.847573 -76.520093 -14.216337 1.000000
148911 -22.753356 -89.713879 -11.721605 1.000000
148912 -22.139296 -90.612940 -11.158482 1.000000
148920 -21.093590 -89.415096 -9.925307 1.000000
148929 -22.796823 -86.363405 -10.538133 1.000000
148935 -23.483006 -85.656606 -13.428149 1.000000
