#
836
40 34.319907 -73.450729 -11.987600 1.000000
86 35.045058 -82.676627 0.648900 1.000000
349 41.776717 -75.818956 -14.123823 1.000000
829 36.938932 -75.228870 -13.704128 1.000000
833 35.718836 -67.768969 -13.981842 1.000000
976 41.191552 -80.730647 3.842870 1.000000
1384 28.367853 -64.364992 -4.302303 1.000000
1386 27.265884 -69.748215 -4.951848 1.000000
1387 27.274512 -73.563807 -6.590032 1.000000
1994 43.667946 -79.982921 -6.148903 1.000000
2000 32.899536 -79.130046 -9.985899 1.000000
2490 30.699454 -78.095026 -8.177912 1.000000
2499 31.480610 -72.304673 -13.056315 1.000000
2749 35.741504 -74.511304 -12.712474 1.000000
2751 36.706071 -70.846349 -12.675069 1.000000
2752 37.295435 -68.246163 -13.755306 1.000000
2753 34.883149 -70.586130 -12.563251 1.000000
2896 37.802745 -81.742249 2.080441 1.000000
2897 39.799120 -83.061144 2.148030 1.000000
2898 37.200022 -83.937421 0.332869 1.000000
3304 30.392865 -63.881710 -6.146277 1.000000
3305 27.615972 -67.392685 -4.259098 1.000000
3306 29.540563 -66.275410 -6.563965 1.000000
3307 29.165460 -68.193793 -7.082551 1.000000
3924 43.580316 -75.907581 -13.535298 1.000000
4373 42.381957 -81.207581 -4.414533 1.000000
4387 33.894606 -79.759635 -11.350309 1.000000
5599 29.036144 -71.796954 -9.061002 1.000000
5601 29.540507 -73.015086 -9.917832 1.000000
5602 30.493433 -74.207664 -10.622622 1.000000
5603 29.950283 -71.301833 -12.951366 1.000000
5604 31.696402 -69.412135 -14.491000 1.000000
6099 39.309058 -75.801499 -14.371290 1.000000
6367 41.823883 -83.855279 1.549879 1.000000
7101 24.580181 -70.611916 -4.253360 1.000000
7104 27.206741 -71.546964 -5.662512 1.000000
7105 29.030560 -70.068859 -7.962897 1.000000
7965 28.901840 -61.335370 -4.447064 1.000000
7966 31.006051 -61.079994 -5.936921 1.000000
8571 42.695809 -82.494967 -7.339690 1.000000
8579 38.722131 -77.808268 -13.009819 1.000000
8580 36.508217 -77.426381 -12.502832 1.000000
8581 34.945831 -76.906070 -11.815382 1.000000
8582 33.751238 -76.049946 -10.941677 1.000000
9656 38.350016 -79.574957 3.811805 1.000000
9657 35.275392 -80.524124 2.452352 1.000000
10025 31.859744 -78.536563 -8.798594 1.000000
10026 32.591112 -75.656943 -10.366252 1.000000
10052 31.557757 -74.912906 -10.640299 1.000000
10053 32.987989 -72.858997 -12.394140 1.000000
10054 33.459604 -70.061199 -13.634966 1.000000
10055 34.312066 -66.764563 -14.764566 1.000000
10429 35.137855 -73.877759 -12.213456 1.000000
10430 36.304042 -72.677113 -12.625944 1.000000
10431 35.511136 -72.126992 -12.297751 1.000000
10432 35.828400 -70.544943 -12.479715 1.000000
10433 34.625959 -72.037511 -12.184071 1.000000
10576 36.408514 -82.186408 1.261206 1.000000
10577 37.371378 -82.835287 1.155120 1.000000
10578 36.145333 -83.238594 0.379734 1.000000
10984 30.750707 -63.197359 -7.698878 1.000000
10985 29.989352 -65.133877 -6.316669 1.000000
10986 30.287003 -64.394996 -7.852042 1.000000
10987 29.849689 -65.384872 -8.127834 1.000000
11604 42.816143 -75.772204 -13.907678 1.000000
11605 44.181328 -74.316360 -14.110687 1.000000
12053 41.610911 -81.830561 -3.457786 1.000000
13280 29.184703 -72.443433 -9.454480 1.000000
13281 29.428858 -71.546167 -10.963755 1.000000
13282 29.775644 -72.193734 -11.450365 1.000000
13283 29.564820 -70.665933 -12.412825 1.000000
13284 29.875418 -69.857985 -13.678522 1.000000
14004 38.059786 -75.649843 -14.058063 1.000000
14006 38.648769 -73.918596 -14.334383 1.000000
14014 36.478862 -67.986280 -13.824389 1.000000
14016 36.985245 -66.755041 -14.959873 1.000000
14018 36.271524 -66.423401 -15.026114 1.000000
14449 39.483450 -84.193774 1.263975 1.000000
14450 40.793080 -83.594978 2.092276 1.000000
14452 41.542590 -84.807880 0.222675 1.000000
15672 27.420664 -68.664260 -4.516770 1.000000
15673 26.150573 -69.094896 -3.895079 1.000000
15674 25.966721 -70.253342 -4.419323 1.000000
15678 27.231343 -70.636183 -5.315198 1.000000
15679 29.418860 -67.276016 -8.482554 1.000000
15680 29.083896 -69.199435 -7.401753 1.000000
15681 29.355071 -68.200968 -8.841540 1.000000
17481 31.854946 -59.269328 -7.143053 1.000000
17482 31.441223 -60.679577 -7.308139 1.000000
18874 43.546889 -79.763927 -4.760528 1.000000
18876 43.378640 -79.000860 -5.482688 1.000000
18895 41.671410 -82.889877 -6.367883 1.000000
18915 38.459167 -79.121180 -12.505657 1.000000
18916 37.322942 -78.930661 -12.279847 1.000000
18917 37.550144 -77.651627 -12.822655 1.000000
18919 33.296917 -79.504684 -10.631626 1.000000
18920 34.574334 -78.199752 -11.214713 1.000000
18921 33.972953 -77.883817 -10.812254 1.000000
18922 34.323420 -76.504737 -11.444055 1.000000
18923 33.449553 -77.433579 -10.321016 1.000000
21574 37.096448 -78.876056 4.126002 1.000000
21575 36.839161 -80.010585 3.188205 1.000000
22496 29.764725 -79.644017 -8.093273 1.000000
22498 31.288173 -78.310989 -8.367778 1.000000
22499 32.359961 -76.970786 -9.336526 1.000000
22500 31.665105 -76.673344 -9.058336 1.000000
22564 30.933788 -73.239282 -11.896752 1.000000
22565 31.056540 -74.568070 -10.665406 1.000000
22566 31.636592 -73.620453 -11.930185 1.000000
22567 32.184526 -73.947713 -11.819997 1.000000
22568 32.300092 -72.590105 -12.853915 1.000000
22569 33.246506 -71.529679 -13.054161 1.000000
22570 32.455709 -71.258895 -13.534467 1.000000
22572 33.030666 -68.055786 -14.660628 1.000000
22573 33.484489 -66.420302 -14.913968 1.000000
22574 34.997400 -65.152392 -15.157575 1.000000
23379 36.348231 -74.935973 -13.201975 1.000000
23381 37.036568 -73.223785 -13.217204 1.000000
23383 37.877403 -69.841996 -13.220332 1.000000
23384 38.168255 -68.539858 -13.835971 1.000000
23385 36.961127 -69.506615 -12.980764 1.000000
23386 36.107447 -69.301099 -12.963099 1.000000
23387 35.250839 -69.152437 -13.138163 1.000000
23644 39.442975 -81.212237 2.901928 1.000000
23645 40.395882 -81.874266 2.997680 1.000000
23646 38.801517 -82.379699 2.068338 1.000000
23647 38.458001 -83.499976 1.229339 1.000000
24378 29.587671 -64.171582 -5.046276 1.000000
24379 27.923452 -65.951213 -4.212582 1.000000
24380 29.141156 -65.595776 -5.091021 1.000000
24381 28.775640 -66.898674 -5.215295 1.000000
24382 28.568588 -68.076491 -5.533910 1.000000
24383 28.408412 -69.040917 -5.838842 1.000000
24384 29.238632 -67.329429 -6.795627 1.000000
24385 29.564930 -66.321179 -8.261221 1.000000
25496 44.929564 -74.432097 -13.256022 1.000000
26303 43.255854 -80.658145 -5.369133 1.000000
26327 34.748983 -80.026671 -11.829036 1.000000
26328 32.989282 -81.076346 -12.035233 1.000000
26330 32.011248 -80.728777 -10.350982 1.000000
28509 28.405396 -72.745956 -7.758615 1.000000
28511 28.594531 -73.390774 -8.044576 1.000000
28513 29.374439 -74.531548 -8.804254 1.000000
28514 29.914770 -75.128101 -9.215805 1.000000
28515 29.985620 -73.651895 -10.366773 1.000000
28516 30.273335 -72.774030 -11.858420 1.000000
28517 30.659100 -71.878009 -13.127680 1.000000
28518 31.509638 -70.895188 -13.965355 1.000000
28519 30.477367 -70.521548 -13.990957 1.000000
29589 40.574428 -75.862661 -14.317007 1.000000
29590 42.207226 -74.243024 -14.827665 1.000000
29591 40.994696 -74.342206 -14.993947 1.000000
30215 43.153953 -83.082668 2.043735 1.000000
31926 24.672449 -69.512665 -3.672094 1.000000
31927 23.356022 -70.968240 -4.405254 1.000000
31933 25.883533 -72.908163 -5.720511 1.000000
31934 27.254181 -72.565958 -6.183211 1.000000
31935 28.343158 -69.984898 -6.193422 1.000000
31936 28.349202 -70.947751 -6.607460 1.000000
31937 28.376257 -71.921051 -7.172490 1.000000
31938 28.989308 -71.029298 -8.608710 1.000000
32675 34.773208 -83.796889 -0.183061 1.000000
34234 27.254663 -62.926732 -4.299937 1.000000
34235 28.618529 -62.871985 -4.372621 1.000000
34236 30.369645 -59.791483 -4.981109 1.000000
34237 30.109344 -61.256122 -4.987829 1.000000
34238 29.856574 -62.721714 -5.008137 1.000000
34239 30.726954 -62.509261 -6.077169 1.000000
34240 31.108312 -62.061667 -7.467886 1.000000
35955 35.992883 -84.434055 -0.342766 1.000000
35956 37.076335 -85.191421 -0.360302 1.000000
35973 41.463647 -82.049206 -4.888567 1.000000
35974 42.421151 -81.716172 -6.008194 1.000000
35975 43.394189 -81.072412 -6.855985 1.000000
35978 43.937121 -80.226973 -7.548959 1.000000
35988 43.286387 -77.203169 -12.988872 1.000000
35989 42.375606 -77.095106 -13.268080 1.000000
35990 41.480172 -77.033848 -13.529520 1.000000
35999 40.236484 -76.955102 -13.747953 1.000000
36000 38.993731 -76.757871 -13.743002 1.000000
36001 37.713502 -76.709472 -13.568629 1.000000
36002 36.657713 -76.362811 -13.219009 1.000000
36003 35.391521 -78.500755 -11.652632 1.000000
36004 35.633974 -77.164359 -12.155882 1.000000
36005 35.891131 -76.084197 -12.769765 1.000000
36006 35.240289 -75.774536 -12.421169 1.000000
36007 34.706611 -75.233653 -11.988110 1.000000
36008 34.011547 -74.755073 -11.617646 1.000000
39201 41.464061 -79.892024 4.625002 1.000000
39203 39.998148 -79.197675 4.568477 1.000000
39204 39.735749 -80.219775 3.678115 1.000000
39205 38.117379 -80.687419 2.945382 1.000000
39206 36.553126 -81.172667 2.155606 1.000000
39207 35.053581 -81.697740 1.462228 1.000000
39234 33.448018 -82.279772 1.099080 1.000000
40308 31.465746 -80.494672 -9.762697 1.000000
40310 30.908534 -80.255702 -9.016557 1.000000
40311 32.379523 -78.849852 -9.375822 1.000000
40312 32.925457 -77.159047 -9.701644 1.000000
40313 33.133440 -75.817026 -10.574419 1.000000
40314 33.350997 -74.592121 -11.382587 1.000000
40391 30.816875 -75.931527 -9.379969 1.000000
40392 31.270713 -76.282039 -9.168340 1.000000
40393 32.043751 -75.237788 -10.375086 1.000000
40394 32.818474 -74.293256 -11.539299 1.000000
40395 33.618107 -73.209524 -12.063332 1.000000
40396 33.930015 -71.717791 -12.473165 1.000000
40397 34.197394 -70.285901 -12.994551 1.000000
40398 34.518730 -68.835042 -13.628291 1.000000
40399 32.649569 -69.709577 -14.161649 1.000000
40400 33.790819 -68.401717 -14.245239 1.000000
40401 34.976617 -67.280270 -14.297818 1.000000
41149 34.720957 -73.673449 -12.063143 1.000000
41150 35.365276 -73.034227 -12.264565 1.000000
41151 34.903008 -72.853468 -12.147527 1.000000
41152 35.066996 -72.073132 -12.160688 1.000000
41153 34.474995 -72.767980 -12.090360 1.000000
41296 35.737507 -82.432717 0.927506 1.000000
41297 36.273092 -82.713574 0.841720 1.000000
41298 35.613079 -82.941607 0.484037 1.000000
41705 30.521667 -63.798703 -7.730983 1.000000
42324 42.343315 -75.779304 -14.005480 1.000000
42325 43.096136 -75.012714 -14.230413 1.000000
42326 42.552631 -75.076371 -14.373421 1.000000
44724 37.485950 -75.469658 -13.903783 1.000000
44725 38.306404 -74.837357 -14.216291 1.000000
44726 37.759669 -74.621156 -14.048223 1.000000
44734 36.083072 -67.846850 -13.869921 1.000000
44735 36.711365 -67.374453 -14.385435 1.000000
44736 36.302857 -67.174822 -14.414119 1.000000
44737 36.625899 -66.597886 -14.968597 1.000000
44738 35.986926 -67.075796 -14.479505 1.000000
45166 42.080976 -80.546923 4.318652 1.000000
45167 42.519115 -80.843501 4.321268 1.000000
45168 41.666403 -81.032045 3.847725 1.000000
46389 27.662037 -64.450547 -4.057158 1.000000
46390 26.632786 -65.371066 -3.788624 1.000000
46391 27.434262 -65.266177 -3.969117 1.000000
46392 27.457524 -69.122627 -4.758800 1.000000
46393 26.741687 -69.471143 -4.396060 1.000000
46394 26.649680 -69.958374 -4.636767 1.000000
46395 25.897456 -70.691019 -4.687833 1.000000
46396 26.598321 -70.460305 -4.893495 1.000000
46397 26.586680 -70.784241 -5.109899 1.000000
46398 27.278943 -70.131861 -5.175722 1.000000
49594 43.592859 -79.887114 -5.432549 1.000000
49595 43.472983 -79.358965 -5.135972 1.000000
49596 43.614540 -79.486571 -5.808794 1.000000
49597 43.563876 -79.099208 -6.148257 1.000000
49598 43.729059 -79.585619 -6.526415 1.000000
49639 33.103511 -79.328842 -10.354280 1.000000
49640 33.694893 -78.705706 -10.566953 1.000000
49641 33.443943 -78.512378 -10.420809 1.000000
49642 33.690784 -77.741511 -10.602964 1.000000
49643 33.211615 -78.249365 -10.067998 1.000000
53216 30.297317 -78.869507 -8.063280 1.000000
53217 30.549897 -78.961425 -8.205446 1.000000
53218 31.064129 -78.082278 -8.258726 1.000000
53219 31.511676 -77.459894 -8.639593 1.000000
53220 31.254992 -77.354386 -8.600666 1.000000
53274 26.618820 -73.846504 -6.248000 1.000000
53275 26.056271 -74.514560 -6.155946 1.000000
53276 26.698044 -74.315965 -6.378124 1.000000
53284 31.166373 -72.710872 -12.583341 1.000000
53285 31.273052 -73.445410 -11.974903 1.000000
53286 31.601947 -73.003329 -12.462244 1.000000
53287 31.937249 -73.112018 -12.558783 1.000000
53288 31.963702 -72.473943 -12.988841 1.000000
53289 32.367919 -71.984082 -13.203448 1.000000
53290 31.966418 -71.854405 -13.368314 1.000000
54324 36.050756 -74.794263 -12.920187 1.000000
54325 36.658239 -74.076407 -13.285307 1.000000
54326 36.383331 -73.916666 -12.951803 1.000000
54327 36.532022 -71.714796 -12.608451 1.000000
54328 36.930956 -72.069265 -12.884848 1.000000
54329 37.116796 -71.154736 -12.849363 1.000000
54330 37.709821 -70.645250 -13.096377 1.000000
54331 37.294175 -70.322104 -12.908956 1.000000
54332 37.432391 -69.643885 -13.087055 1.000000
54333 36.815695 -70.172638 -12.793068 1.000000
54334 35.357032 -70.611924 -12.529695 1.000000
54335 35.946295 -69.934018 -12.669565 1.000000
54336 35.530157 -69.904096 -12.754061 1.000000
54337 35.709336 -69.239736 -13.016952 1.000000
54338 35.052437 -69.876418 -12.844061 1.000000
54766 38.589202 -81.472673 2.488334 1.000000
54767 39.069816 -81.784464 2.492821 1.000000
54768 38.292874 -82.045384 2.045069 1.000000
54769 37.270356 -83.366886 0.738322 1.000000
54770 37.908565 -83.157346 1.186039 1.000000
54771 37.822869 -83.697319 0.773632 1.000000
54772 38.358022 -84.072597 0.784107 1.000000
54773 37.803486 -84.247313 0.388292 1.000000
55989 30.037969 -64.052388 -5.549375 1.000000
55990 29.337911 -64.931400 -5.055065 1.000000
55991 29.832657 -64.733364 -5.596896 1.000000
55992 29.755611 -65.710410 -6.440923 1.000000
55993 29.442932 -65.951429 -5.792620 1.000000
55994 29.224936 -66.587381 -5.890490 1.000000
55995 28.630588 -67.515224 -5.352291 1.000000
55996 29.086325 -67.190625 -6.015302 1.000000
55997 28.918529 -67.750610 -6.114254 1.000000
55998 29.390721 -66.839822 -6.697782 1.000000
57849 44.016518 -75.974464 -13.194431 1.000000
57850 44.646345 -75.253576 -13.006490 1.000000
57851 44.309847 -75.184204 -13.446284 1.000000
59194 42.523541 -81.132367 -3.645129 1.000000
59195 42.994708 -80.847904 -3.428670 1.000000
59196 42.882651 -80.844969 -4.135297 1.000000
59197 43.210641 -80.547795 -4.612395 1.000000
59198 42.823829 -80.947772 -4.892614 1.000000
62874 28.783128 -72.218552 -8.422667 1.000000
62875 28.533636 -73.028378 -7.930012 1.000000
62876 28.859394 -72.572730 -8.568522 1.000000
62877 29.353596 -72.723739 -9.711396 1.000000
62878 29.104447 -73.192790 -8.911301 1.000000
62879 29.251266 -73.517717 -9.131159 1.000000
62880 29.108932 -74.223317 -8.621005 1.000000
62881 29.525433 -73.722303 -9.336947 1.000000
62882 29.708819 -74.082144 -9.541708 1.000000
62883 29.670686 -73.409908 -10.068854 1.000000
62884 29.802205 -71.748205 -12.185404 1.000000
62885 29.961560 -72.488174 -11.719724 1.000000
62886 30.108120 -72.061308 -12.446315 1.000000
62887 30.463619 -72.369710 -12.471175 1.000000
62888 30.239685 -71.582928 -13.069025 1.000000
62889 30.551419 -71.172729 -13.591990 1.000000
62890 30.183796 -70.880368 -13.503855 1.000000
65049 39.969433 -75.839005 -14.430994 1.000000
65050 40.773567 -75.191759 -14.651792 1.000000
65051 40.168792 -75.142786 -14.789240 1.000000
65079 37.727050 -68.395078 -13.737868 1.000000
65080 38.334299 -67.895152 -14.260092 1.000000
65081 37.917793 -67.747757 -14.272192 1.000000
66384 39.987173 -82.506180 2.568972 1.000000
66385 40.815033 -82.201123 3.101743 1.000000
66386 40.507089 -82.764566 2.619543 1.000000
66387 41.295752 -83.760485 1.879965 1.000000
66388 41.458912 -83.275862 2.452503 1.000000
66389 41.972283 -83.394334 2.158838 1.000000
66390 42.630311 -83.089724 2.422672 1.000000
66391 42.473059 -83.471708 1.779650 1.000000
66392 42.971041 -83.454676 1.354546 1.000000
66393 42.349536 -83.873980 1.128708 1.000000
70052 27.740704 -66.653252 -4.244085 1.000000
70053 27.053874 -66.861272 -3.904342 1.000000
70054 26.969701 -67.595288 -3.917109 1.000000
70055 25.365587 -69.906510 -3.974755 1.000000
70056 25.447350 -69.297612 -3.739637 1.000000
70057 24.693115 -70.089124 -3.909917 1.000000
70058 24.028966 -70.243865 -3.918621 1.000000
70059 23.906574 -70.808850 -4.264739 1.000000
70060 23.220068 -71.410649 -4.883468 1.000000
70061 23.851013 -71.232781 -4.728173 1.000000
70069 26.506053 -71.748927 -5.458560 1.000000
70070 25.834372 -72.364055 -5.543420 1.000000
70071 26.578236 -72.214946 -5.675854 1.000000
70072 26.564902 -72.771922 -5.847489 1.000000
70073 27.216272 -72.029330 -5.907873 1.000000
70074 28.827088 -68.673253 -6.391340 1.000000
70075 28.383316 -69.557250 -5.991006 1.000000
70076 28.788965 -69.141418 -6.573795 1.000000
70077 29.084207 -69.604658 -7.707582 1.000000
70078 28.792057 -70.084706 -6.944563 1.000000
70079 28.784726 -70.619367 -7.206453 1.000000
70080 28.371261 -71.431473 -6.891116 1.000000
70081 28.750965 -71.000062 -7.539895 1.000000
70082 28.714381 -71.485460 -7.863649 1.000000
70083 29.009573 -70.567958 -8.289319 1.000000
75469 28.165935 -61.389446 -4.457064 1.000000
75470 27.354611 -62.155578 -4.410745 1.000000
75471 28.071875 -62.134042 -4.340227 1.000000
75472 27.927196 -62.909648 -4.267318 1.000000
75473 28.748725 -62.105846 -4.422704 1.000000
75477 31.218054 -60.298868 -5.904508 1.000000
75478 30.787833 -60.428578 -5.406804 1.000000
75479 30.604320 -61.168794 -5.408324 1.000000
75480 29.961975 -61.999109 -4.994445 1.000000
75481 30.417698 -61.937857 -5.414255 1.000000
75482 30.320786 -62.640220 -5.494929 1.000000
75483 30.850723 -61.773561 -5.978553 1.000000
79722 42.184856 -82.754910 -6.871786 1.000000
79723 42.071622 -82.288556 -6.194577 1.000000
79724 42.571831 -82.109667 -6.696818 1.000000
79725 42.914480 -81.432782 -6.479235 1.000000
79726 43.088812 -81.762217 -7.122403 1.000000
79782 38.572680 -78.452043 -12.705912 1.000000
79783 39.180469 -78.596361 -12.764918 1.000000
79784 39.385151 -77.877507 -13.035235 1.000000
79785 40.108841 -77.483810 -13.456168 1.000000
79786 39.535012 -77.299707 -13.380140 1.000000
79787 39.673660 -76.800033 -13.739629 1.000000
79788 38.874585 -77.190720 -13.387018 1.000000
79789 37.045065 -77.564761 -12.683732 1.000000
79790 37.611306 -77.129960 -13.185075 1.000000
79791 37.118647 -77.030554 -13.073415 1.000000
79792 37.185416 -76.561816 -13.409459 1.000000
79793 36.581304 -76.830581 -12.873349 1.000000
79794 34.296196 -79.895802 -11.626700 1.000000
79795 35.098847 -79.270974 -11.654162 1.000000
79796 34.691323 -79.169087 -11.433113 1.000000
79797 34.785107 -77.521421 -11.481970 1.000000
79798 35.130050 -77.660508 -11.686872 1.000000
79799 35.291065 -77.047408 -12.027909 1.000000
79800 35.756644 -76.602243 -12.462110 1.000000
79801 35.404451 -76.516904 -12.334405 1.000000
79802 35.555333 -75.992942 -12.616548 1.000000
79803 35.055868 -76.348245 -12.170110 1.000000
79804 34.033049 -76.318271 -11.233556 1.000000
79805 34.519803 -75.867355 -11.800637 1.000000
79806 34.205265 -75.664088 -11.521162 1.000000
79807 34.359511 -75.062171 -11.757506 1.000000
79808 33.845033 -75.422600 -11.309677 1.000000
87760 38.492974 -79.008773 4.253424 1.000000
87761 39.298650 -78.850366 4.595528 1.000000
87762 39.110720 -79.354152 4.195222 1.000000
87763 39.844777 -79.730146 4.157539 1.000000
87764 39.018068 -79.916529 3.756811 1.000000
87765 38.980659 -80.467306 3.293724 1.000000
87766 38.268074 -80.131508 3.390911 1.000000
87767 36.075220 -80.235861 2.821073 1.000000
87768 36.694013 -80.581233 2.675586 1.000000
87769 35.956632 -80.835447 2.300232 1.000000
87770 35.827883 -81.412584 1.768434 1.000000
87771 35.171501 -81.093863 1.963660 1.000000
90529 31.144673 -79.258218 -8.589915 1.000000
90530 30.580541 -80.070086 -8.773799 1.000000
90531 31.426329 -79.403579 -8.841939 1.000000
90532 31.676784 -79.607740 -9.166061 1.000000
90533 32.161769 -78.729317 -9.040030 1.000000
90534 32.697011 -77.981859 -9.465494 1.000000
90535 32.462481 -77.838011 -9.169253 1.000000
90536 32.483887 -76.290466 -9.839384 1.000000
90537 32.769389 -76.369509 -9.928894 1.000000
90538 32.844428 -75.769797 -10.415823 1.000000
90539 33.225961 -75.201727 -10.999126 1.000000
90540 32.936186 -75.168647 -10.887175 1.000000
90729 30.211089 -74.651770 -9.895102 1.000000
90730 30.147206 -75.406261 -9.251284 1.000000
90731 30.482860 -74.941859 -9.893798 1.000000
90732 31.305790 -74.729264 -10.705507 1.000000
90733 30.990612 -75.202346 -10.039053 1.000000
90734 31.226460 -75.423241 -9.994562 1.000000
90735 31.016596 -76.178484 -9.266027 1.000000
90736 31.448435 -75.602904 -9.863080 1.000000
90737 31.698786 -75.732879 -9.725485 1.000000
90738 31.820029 -75.073205 -10.456167 1.000000
90739 32.496221 -73.507428 -12.244209 1.000000
90740 32.451712 -74.112497 -11.632116 1.000000
90741 32.893255 -73.553592 -11.991242 1.000000
90742 33.182204 -73.772416 -11.873076 1.000000
90743 33.274285 -72.992198 -12.231303 1.000000
90744 33.768296 -72.483689 -12.282308 1.000000
90745 33.388406 -72.283298 -12.456743 1.000000
90746 33.349235 -70.826918 -13.336413 1.000000
90747 33.676170 -70.912041 -12.984323 1.000000
90748 33.800937 -70.172891 -13.322153 1.000000
90749 34.342293 -69.582418 -13.315849 1.000000
90750 33.969566 -69.363527 -13.628919 1.000000
90751 31.531174 -70.263460 -14.290314 1.000000
90752 32.057233 -70.304915 -14.093768 1.000000
90753 32.173216 -69.515549 -14.363039 1.000000
90754 33.621591 -67.443930 -14.732894 1.000000
90755 33.370353 -68.319060 -14.484126 1.000000
90756 34.035277 -67.576617 -14.521741 1.000000
90757 34.361623 -67.803241 -14.161618 1.000000
90758 34.643874 -67.044765 -14.567045 1.000000
90759 35.302728 -66.492230 -14.753100 1.000000
90760 34.991860 -66.269182 -14.907002 1.000000
92499 35.476573 -74.204490 -12.422229 1.000000
92500 36.056556 -73.602051 -12.702870 1.000000
92501 35.714574 -73.331572 -12.429207 1.000000
92502 35.915200 -72.428092 -12.414014 1.000000
92503 36.123447 -71.494736 -12.435024 1.000000
92504 36.272276 -70.725054 -12.552042 1.000000
92505 35.665143 -71.316525 -12.367216 1.000000
92506 35.202809 -71.339652 -12.330998 1.000000
92507 34.770720 -71.237490 -12.275079 1.000000
92764 37.085075 -81.987910 1.673490 1.000000
92765 37.573669 -82.306474 1.608303 1.000000
92766 36.894239 -82.493879 1.229409 1.000000
92767 36.744524 -83.029114 0.755534 1.000000
92768 36.659896 -83.569840 0.333612 1.000000
93498 30.642655 -63.635841 -6.814013 1.000000
93499 30.193944 -64.494140 -6.232338 1.000000
93500 30.441986 -64.205974 -6.971008 1.000000
93501 30.214151 -64.782575 -7.078227 1.000000
93502 29.975217 -65.376766 -7.164279 1.000000
93503 29.740835 -65.937385 -7.286132 1.000000
93504 30.032344 -64.848050 -8.030741 1.000000
94614 43.227091 -75.820208 -13.755391 1.000000
94615 43.908417 -75.119488 -13.831077 1.000000
94616 43.532435 -75.041652 -14.084061 1.000000
95422 42.214531 -81.517212 -3.184445 1.000000
95423 41.976165 -81.492841 -3.949365 1.000000
97629 29.189866 -71.288817 -9.779289 1.000000
97630 29.090784 -72.088733 -9.292341 1.000000
97631 29.230518 -71.656287 -10.007875 1.000000
97632 29.336056 -71.991973 -10.214885 1.000000
97633 29.466983 -72.347119 -10.435163 1.000000
97634 29.666813 -72.692834 -10.612813 1.000000
97635 29.588344 -71.950808 -11.121383 1.000000
97636 29.669158 -71.443237 -11.923192 1.000000
97637 29.715493 -71.000449 -12.654528 1.000000
97638 29.814383 -70.635542 -13.338285 1.000000
97639 29.663898 -70.341200 -13.071015 1.000000
98934 38.639169 -75.791992 -14.221403 1.000000
98935 39.524350 -75.106487 -14.678111 1.000000
98936 38.931586 -74.944496 -14.463834 1.000000
98952 36.917139 -68.090118 -13.825775 1.000000
98953 37.471499 -67.612916 -14.269224 1.000000
98954 37.128467 -67.466937 -14.359014 1.000000
99735 39.610654 -83.654337 1.732758 1.000000
99736 40.300872 -83.343446 2.172347 1.000000
99737 40.134914 -83.983652 1.709301 1.000000
99738 40.651768 -84.187090 1.569701 1.000000
99739 41.174974 -84.303692 1.311709 1.000000
99740 41.730002 -84.321797 0.927636 1.000000
99741 41.094307 -84.851012 0.694452 1.000000
101936 27.522869 -68.020985 -4.372418 1.000000
101937 26.877936 -68.306349 -3.984983 1.000000
101938 26.774663 -68.913043 -4.140285 1.000000
101939 26.032643 -69.745578 -4.092715 1.000000
101940 25.294833 -70.424482 -4.295439 1.000000
101941 24.537420 -71.032695 -4.654984 1.000000
101942 25.207981 -70.865259 -4.686407 1.000000
101947 26.552826 -71.267165 -5.285763 1.000000
101948 27.198959 -71.050540 -5.519559 1.000000
101949 29.321194 -67.776181 -7.748750 1.000000
101950 29.150376 -68.699628 -7.226358 1.000000
101951 29.285517 -68.223290 -7.969094 1.000000
101952 29.259043 -68.693392 -8.133098 1.000000
101953 29.235955 -69.154538 -8.406396 1.000000
101954 29.180119 -69.601491 -8.729500 1.000000
101955 29.252341 -68.626858 -9.178082 1.000000
105187 28.330136 -60.572747 -4.528712 1.000000
105188 28.998645 -60.584582 -4.525244 1.000000
105192 31.666040 -59.462462 -6.504544 1.000000
105193 31.485479 -60.114343 -6.582002 1.000000
105194 31.277012 -60.927987 -6.540420 1.000000
105195 31.643301 -59.986837 -7.226646 1.000000
107739 41.798074 -83.389968 -7.100108 1.000000
107740 42.279255 -83.128303 -7.567220 1.000000
107775 37.859414 -79.039834 -12.427887 1.000000
107776 38.009398 -78.319117 -12.601779 1.000000
107777 38.187463 -77.691816 -12.892575 1.000000
107778 37.458617 -78.250162 -12.507685 1.000000
107779 36.944456 -78.203171 -12.351724 1.000000
107780 36.410742 -78.081362 -12.189667 1.000000
107781 33.597991 -79.627097 -10.946665 1.000000
107782 34.303661 -79.010509 -11.170940 1.000000
107783 33.995815 -78.866675 -10.875753 1.000000
107784 34.291387 -78.112036 -10.998340 1.000000
107785 34.493774 -77.352412 -11.282294 1.000000
107786 34.615435 -76.700702 -11.631887 1.000000
107787 34.158859 -77.167965 -11.114324 1.000000
107788 33.852614 -76.995768 -10.921872 1.000000
107789 33.628058 -76.702505 -10.613346 1.000000
112561 37.859384 -78.664102 4.377603 1.000000
112562 37.733115 -79.205789 3.940307 1.000000
112563 37.593815 -79.795480 3.503351 1.000000
112564 36.976479 -79.415575 3.683695 1.000000
112565 36.187623 -79.654284 3.319856 1.000000
112566 35.333559 -79.937942 2.952262 1.000000
114223 30.882671 -79.164602 -8.336028 1.000000
114224 31.569265 -78.387558 -8.599744 1.000000
114225 32.198556 -77.674553 -8.897401 1.000000
114226 31.872932 -77.534810 -8.793744 1.000000
114227 32.048091 -76.728612 -9.173448 1.000000
114228 32.195251 -76.138392 -9.675024 1.000000
114342 30.776469 -73.747970 -11.265093 1.000000
114343 30.793579 -74.419856 -10.656213 1.000000
114344 31.019770 -73.916778 -11.322363 1.000000
114345 31.344738 -74.097522 -11.374598 1.000000
114346 31.621456 -74.249677 -11.332887 1.000000
114347 31.835698 -74.443586 -11.244253 1.000000
114348 31.939398 -73.770463 -12.047449 1.000000
114349 32.257766 -73.284492 -12.389046 1.000000
114350 32.671366 -72.811939 -12.659183 1.000000
114351 33.105180 -72.246507 -12.739751 1.000000
114352 32.757856 -72.168626 -12.954386 1.000000
114353 32.832116 -71.474500 -13.256546 1.000000
114354 32.917213 -70.699140 -13.579300 1.000000
114355 31.917717 -68.529129 -14.676214 1.000000
114356 32.328494 -68.778820 -14.566251 1.000000
114357 32.617982 -67.911826 -14.804004 1.000000
114358 33.249166 -67.223854 -14.821394 1.000000
114359 33.953995 -66.556126 -14.861631 1.000000
114360 34.630403 -65.998815 -14.931158 1.000000
114361 34.287360 -65.699033 -14.964491 1.000000
115989 36.601383 -75.121351 -13.487712 1.000000
115990 37.304476 -74.378014 -13.855120 1.000000
115991 36.960889 -74.287780 -13.565616 1.000000
115994 36.686402 -72.992660 -12.932156 1.000000
116002 37.577730 -68.998843 -13.359930 1.000000
116003 37.118874 -68.882830 -13.318118 1.000000
116004 36.408480 -70.038565 -12.753157 1.000000
116005 36.544692 -69.396421 -13.003141 1.000000
116006 36.718555 -68.747841 -13.332672 1.000000
116007 36.291193 -68.649434 -13.344233 1.000000
116008 35.886221 -68.548761 -13.400798 1.000000
116009 35.465624 -68.479329 -13.527973 1.000000
116608 40.354047 -81.019670 3.304403 1.000000
116609 40.819488 -81.292346 3.379223 1.000000
116610 39.930146 -81.538558 2.937866 1.000000
116611 39.560199 -82.136370 2.537817 1.000000
116612 39.312311 -82.726009 2.096243 1.000000
116613 38.046982 -82.613595 1.620789 1.000000
116614 38.590156 -82.948059 1.642012 1.000000
116615 39.118387 -83.298050 1.684617 1.000000
116616 39.002921 -83.860025 1.284311 1.000000
118320 29.008225 -64.278886 -4.632686 1.000000
118321 28.141785 -65.160356 -4.229046 1.000000
118322 28.810434 -65.027736 -4.619219 1.000000
118323 28.587518 -65.743014 -4.621161 1.000000
118324 28.331900 -66.477574 -4.639476 1.000000
118325 29.619709 -65.374769 -5.675428 1.000000
118326 28.998058 -66.204600 -5.182218 1.000000
118327 28.295431 -67.081064 -4.740356 1.000000
118328 28.123617 -67.770131 -4.816348 1.000000
118329 27.998677 -68.397693 -4.955418 1.000000
118330 28.010184 -68.902835 -5.179153 1.000000
118331 27.917685 -69.402091 -5.364887 1.000000
118332 28.484097 -68.553001 -5.697994 1.000000
118333 28.876735 -68.163030 -6.295600 1.000000
118334 29.192094 -67.772739 -6.897819 1.000000
118335 29.617671 -66.358656 -7.470281 1.000000
118336 29.443538 -66.843875 -7.548299 1.000000
118337 29.360104 -67.313887 -7.597213 1.000000
118338 29.456208 -66.849992 -8.307520 1.000000
120929 44.583630 -74.406080 -13.697612 1.000000
122812 43.461859 -80.244951 -5.060467 1.000000
122813 43.525945 -80.328941 -5.765368 1.000000
122869 33.847723 -80.558985 -11.970210 1.000000
122870 33.445459 -80.441885 -11.653877 1.000000
122872 32.624271 -80.982484 -11.655974 1.000000
122873 33.120263 -80.302037 -11.272771 1.000000
122874 32.861281 -80.240741 -10.833289 1.000000
122875 32.635827 -80.144487 -10.461278 1.000000
122876 32.481957 -79.963394 -10.094129 1.000000
127883 29.490620 -79.553857 -7.983466 1.000000
127884 29.951191 -78.772359 -7.975813 1.000000
127959 27.961954 -73.156983 -7.148387 1.000000
127960 27.445292 -73.925890 -6.786756 1.000000
127961 28.061304 -73.569484 -7.306374 1.000000
127964 28.973766 -72.871327 -8.747305 1.000000
127972 30.009329 -74.389942 -9.796347 1.000000
127973 30.225933 -73.937118 -10.529637 1.000000
127974 29.893002 -72.919779 -10.913070 1.000000
127975 30.132700 -73.274300 -11.094004 1.000000
127976 30.386066 -73.439538 -11.264717 1.000000
127977 30.622030 -73.052682 -11.885417 1.000000
127978 30.819239 -72.635815 -12.519293 1.000000
127979 31.098317 -72.017260 -13.122788 1.000000
127980 31.485341 -71.584776 -13.542700 1.000000
127981 31.015826 -71.434185 -13.627176 1.000000
127982 31.003574 -70.731118 -14.057126 1.000000
127983 31.076122 -69.944359 -14.373165 1.000000
127984 30.201569 -70.174888 -13.848918 1.000000
127985 30.630637 -69.691546 -14.273512 1.000000
127986 31.256448 -69.135897 -14.590357 1.000000
127987 31.518321 -68.257734 -14.739229 1.000000
130779 41.193336 -75.845495 -14.234123 1.000000
130780 41.969381 -75.103439 -14.497441 1.000000
130781 41.355006 -75.107314 -14.571274 1.000000
130784 40.413827 -74.339494 -15.039745 1.000000
130790 38.109601 -73.693141 -14.085045 1.000000
130821 38.172707 -67.096353 -14.818769 1.000000
132471 41.240305 -81.606776 3.442542 1.000000
132474 40.996138 -83.014086 2.589144 1.000000
132483 42.142279 -84.201567 0.438545 1.000000
137117 27.262436 -66.040404 -3.898612 1.000000
137120 26.199549 -68.498589 -3.708905 1.000000
137143 26.659209 -73.356047 -6.014485 1.000000
137144 27.265595 -73.077209 -6.376454 1.000000
137145 27.886180 -69.857284 -5.473679 1.000000
137146 27.818771 -70.294783 -5.719397 1.000000
137147 27.808430 -70.818648 -5.880704 1.000000
137148 28.800404 -69.604851 -6.753700 1.000000
137149 28.347204 -70.482463 -6.354968 1.000000
137150 27.847936 -71.239270 -6.105751 1.000000
137151 27.811782 -71.767382 -6.341962 1.000000
137152 27.848536 -72.276831 -6.582110 1.000000
137153 27.830338 -72.761096 -6.837326 1.000000
137154 28.336078 -72.353937 -7.440125 1.000000
137155 28.728323 -71.847096 -8.199179 1.000000
137156 29.015187 -71.363695 -8.874764 1.000000
137157 29.197708 -70.143037 -9.049399 1.000000
137158 29.168198 -70.519067 -9.347560 1.000000
137159 29.137043 -70.936769 -9.539556 1.000000
137160 29.235452 -70.445769 -10.287664 1.000000
139246 34.339890 -82.974292 0.416991 1.000000
139247 34.885302 -83.219074 0.193192 1.000000
139248 34.199610 -83.542153 0.011601 1.000000
143764 27.778620 -63.698404 -4.140757 1.000000
143765 28.505893 -63.643634 -4.296224 1.000000
143767 29.778393 -59.800606 -4.727279 1.000000
143768 29.664142 -60.569193 -4.703342 1.000000
143770 30.248590 -60.529005 -4.998251 1.000000
143771 29.500356 -61.327185 -4.628586 1.000000
143772 29.384995 -62.082235 -4.643932 1.000000
143773 29.293137 -62.796526 -4.617710 1.000000
143774 29.197570 -63.541472 -4.630178 1.000000
143775 29.728414 -63.489646 -5.043004 1.000000
143776 30.208722 -63.365243 -5.528455 1.000000
143777 30.582240 -63.206159 -6.133988 1.000000
143778 31.161822 -61.593007 -6.709601 1.000000
143779 31.011850 -62.356230 -6.762292 1.000000
143780 30.817242 -63.051686 -6.743182 1.000000
143781 30.920072 -62.667489 -7.546523 1.000000
143978 42.764027 -74.313477 -14.739711 1.000000
148845 35.490122 -83.476692 0.039382 1.000000
148846 36.097154 -83.766051 -0.057849 1.000000
148847 36.635030 -84.114671 -0.044028 1.000000
148849 36.560778 -84.819153 -0.357176 1.000000
148850 37.168778 -84.491193 -0.008692 1.000000
148851 37.709393 -84.855959 0.009010 1.000000
148900 41.431848 -81.867725 -4.202168 1.000000
148901 41.868359 -81.595413 -4.697729 1.000000
148903 41.942891 -81.861615 -5.457814 1.000000
148904 42.346794 -81.380449 -5.205483 1.000000
148905 42.868916 -81.148833 -5.702149 1.000000
148906 43.323252 -80.859631 -6.134461 1.000000
148907 43.635089 -80.524310 -6.518569 1.000000
148909 42.232390 -83.417229 -8.231384 1.000000
148910 42.709656 -82.784466 -7.993066 1.000000
148912 43.133687 -82.379565 -8.410537 1.000000
148913 43.134514 -82.079172 -7.770041 1.000000
148914 43.495081 -81.318296 -7.515333 1.000000
148915 43.739460 -80.643274 -7.203578 1.000000
148916 43.816686 -80.103576 -6.878096 1.000000
148917 43.908164 -79.700187 -7.167680 1.000000
148945 43.830741 -76.647185 -12.950811 1.000000
148946 43.406341 -76.546639 -13.225459 1.000000
148948 42.804405 -77.109210 -13.143496 1.000000
148949 42.979307 -76.457687 -13.443911 1.000000
148950 42.561546 -76.431789 -13.564435 1.000000
148951 42.167243 -76.364174 -13.708255 1.000000
148952 41.627694 -76.419488 -13.831320 1.000000
148978 40.921789 -76.977357 -13.622922 1.000000
148979 41.056577 -76.437488 -13.946437 1.000000
148980 40.404912 -76.428600 -14.015776 1.000000
148981 39.822564 -76.319195 -14.082080 1.000000
148982 39.146952 -76.296642 -14.063722 1.000000
148983 38.304459 -77.184588 -13.300451 1.000000
148984 38.376018 -76.751217 -13.658249 1.000000
148985 38.454205 -76.326966 -13.959608 1.000000
148986 37.883654 -76.219909 -13.842947 1.000000
148987 37.263840 -76.095916 -13.682920 1.000000
148988 36.753699 -75.827003 -13.495613 1.000000
148990 35.777163 -78.660041 -11.861555 1.000000
148991 35.954516 -77.920727 -12.045749 1.000000
148992 34.948174 -78.403138 -11.472479 1.000000
148993 35.514418 -77.799134 -11.877797 1.000000
148994 36.070962 -77.274248 -12.337230 1.000000
148995 36.153831 -76.731622 -12.670254 1.000000
148996 36.244132 -76.209515 -12.993268 1.000000
148997 36.363382 -75.706750 -13.276828 1.000000
148998 36.102757 -75.535253 -13.019491 1.000000
148999 35.772499 -75.448073 -12.856783 1.000000
149000 35.479993 -75.161278 -12.610927 1.000000
149001 34.780130 -76.078154 -11.962145 1.000000
149002 34.981322 -75.475715 -12.229868 1.000000
149003 35.232332 -74.888021 -12.368062 1.000000
149004 34.912899 -74.574411 -12.122425 1.000000
149005 34.561936 -74.337490 -11.936555 1.000000
149006 34.200035 -74.077487 -11.861370 1.000000
158558 42.222627 -80.153793 4.694258 1.000000
158559 41.317549 -80.296293 4.222444 1.000000
158567 40.586129 -80.030024 4.149104 1.000000
158568 40.477261 -80.508955 3.710893 1.000000
158569 39.670486 -80.748491 3.245932 1.000000
158570 38.848981 -81.014238 2.845832 1.000000
158571 37.900139 -81.266180 2.482494 1.000000
158572 37.443165 -80.333456 3.076384 1.000000
158573 37.294030 -80.914609 2.573719 1.000000
158574 37.132666 -81.498258 2.093303 1.000000
158575 36.445212 -81.712589 1.657324 1.000000
158576 35.750672 -81.946865 1.308108 1.000000
158577 35.025399 -82.207993 1.042737 1.000000
158651 34.597911 -79.625115 3.215881 1.000000
158652 34.437232 -80.227882 2.639703 1.000000
158654 33.565592 -80.520205 2.438536 1.000000
158655 34.383636 -80.777973 2.161996 1.000000
158656 34.311637 -81.365585 1.683022 1.000000
158657 34.245659 -81.972398 1.243086 1.000000
158658 34.253329 -82.478642 0.826477 1.000000
158659 33.523340 -82.789078 0.654678 1.000000
161879 31.735078 -80.610022 -10.044578 1.000000
161880 32.195963 -79.834156 -9.779996 1.000000
161888 31.948399 -79.684779 -9.483408 1.000000
161889 32.617241 -78.951210 -9.720163 1.000000
161890 32.962825 -78.082927 -9.811972 1.000000
161891 33.219673 -77.224165 -10.089691 1.000000
161892 33.331960 -76.593079 -10.438136 1.000000
161893 32.649253 -77.058420 -9.494041 1.000000
161894 33.060495 -76.459035 -10.110300 1.000000
161895 33.426460 -75.946219 -10.831354 1.000000
161896 33.517346 -75.305954 -11.227630 1.000000
161897 33.701055 -74.677452 -11.503343 1.000000
161898 33.822723 -74.064635 -11.739449 1.000000
162097 26.919845 -74.585453 -6.525935 1.000000
162122 29.801143 -78.475513 -7.882634 1.000000
162123 30.434234 -77.833630 -8.207300 1.000000
162127 30.734256 -75.053118 -10.056580 1.000000
162131 30.767474 -76.962374 -8.651175 1.000000
162132 31.066751 -77.132627 -8.560909 1.000000
162133 31.499960 -76.493792 -9.103760 1.000000
162134 31.877797 -75.899653 -9.692822 1.000000
162135 32.311626 -75.479239 -10.311028 1.000000
162136 32.123636 -74.582011 -11.103707 1.000000
162137 32.395370 -74.793123 -10.985692 1.000000
162138 32.690290 -75.007886 -10.946802 1.000000
162139 33.070855 -74.465290 -11.420862 1.000000
162140 33.482697 -73.929295 -11.750807 1.000000
162141 33.964206 -73.288001 -11.966705 1.000000
162142 34.115456 -72.561264 -12.100871 1.000000
162143 34.215357 -71.829364 -12.336660 1.000000
162144 34.373432 -71.085274 -12.557554 1.000000
162145 33.532649 -71.595140 -12.709574 1.000000
162146 34.064978 -70.980765 -12.692332 1.000000
162147 34.555487 -70.357807 -12.778554 1.000000
162148 34.714945 -69.677934 -13.069076 1.000000
162149 34.895826 -69.015458 -13.362857 1.000000
162150 35.098400 -68.307526 -13.714017 1.000000
162151 31.959668 -71.133696 -13.760267 1.000000
162152 32.538913 -70.512660 -13.847494 1.000000
162153 33.074196 -69.860734 -13.902826 1.000000
162154 32.826006 -68.891451 -14.444288 1.000000
162155 33.223212 -69.064252 -14.209888 1.000000
162156 33.597097 -69.237910 -13.941195 1.000000
162157 34.155112 -68.568565 -13.901571 1.000000
162158 34.716249 -68.061627 -13.927667 1.000000
162159 35.330262 -67.532144 -14.158083 1.000000
162160 35.662331 -66.774078 -14.695216 1.000000
162163 35.367299 -65.487504 -15.222939 1.000000
