#!ascii label  , from subject  vox2ras=TkReg
614
41300  -40.756  -83.327  -13.941 0.0000000000
92772  -39.984  -83.806  -14.403 0.0000000000
10581  -40.770  -82.829  -14.063 0.0000000000
41299  -41.526  -82.782  -13.480 0.0000000000
10579  -40.726  -83.743  -13.696 0.0000000000
41301  -41.525  -82.296  -13.635 0.0000000000
92771  -39.967  -84.243  -14.221 0.0000000000
88  -42.261  -81.724  -13.242 0.0000000000
41303  -42.186  -81.227  -13.378 0.0000000000
41302  -41.447  -81.805  -13.725 0.0000000000
92776  -41.282  -81.295  -13.786 0.0000000000
10583  -42.009  -80.755  -13.497 0.0000000000
92775  -40.635  -82.320  -14.101 0.0000000000
161817  -42.851  -80.759  -12.976 0.0000000000
161818  -42.682  -80.324  -13.150 0.0000000000
92769  -39.914  -84.629  -13.948 0.0000000000
92770  -39.130  -85.073  -14.464 0.0000000000
10580  -39.153  -84.667  -14.741 0.0000000000
92773  -39.931  -83.334  -14.503 0.0000000000
54777  -39.127  -84.228  -14.837 0.0000000000
2901  -39.033  -83.714  -14.831 0.0000000000
92774  -39.768  -82.852  -14.500 0.0000000000
116634  -39.593  -82.318  -14.387 0.0000000000
10582  -40.459  -81.826  -14.080 0.0000000000
54783  -38.886  -83.168  -14.758 0.0000000000
92777  -41.734  -80.388  -13.575 0.0000000000
54784  -41.016  -80.870  -13.809 0.0000000000
2903  -41.415  -80.045  -13.607 0.0000000000
161819  -42.429  -79.925  -13.279 0.0000000000
161820  -42.046  -79.638  -13.345 0.0000000000
23655  -38.766  -82.553  -14.646 0.0000000000
54785  -40.241  -81.356  -14.009 0.0000000000
116635  -39.429  -81.770  -14.248 0.0000000000
23656  -39.992  -80.945  -13.923 0.0000000000
116636  -39.251  -81.249  -14.146 0.0000000000
116633  -38.628  -81.981  -14.537 0.0000000000
116637  -39.764  -80.505  -13.854 0.0000000000
2902  -38.502  -81.447  -14.408 0.0000000000
99762  -39.107  -80.758  -14.026 0.0000000000
14464  -39.563  -80.020  -13.800 0.0000000000
54787  -40.429  -80.113  -13.732 0.0000000000
116638  -40.152  -79.677  -13.714 0.0000000000
23657  -40.763  -79.272  -13.584 0.0000000000
116639  -40.476  -78.859  -13.569 0.0000000000
45184  -39.913  -79.200  -13.678 0.0000000000
983  -40.214  -78.414  -13.515 0.0000000000
161825  -41.017  -78.584  -13.325 0.0000000000
161826  -40.720  -78.161  -13.279 0.0000000000
40287  -43.224  -79.858  -12.667 0.0000000000
161816  -43.381  -80.230  -12.453 0.0000000000
161736  -42.922  -81.242  -12.759 0.0000000000
90474  -42.914  -79.522  -12.815 0.0000000000
40288  -42.550  -79.217  -12.915 0.0000000000
161822  -42.143  -78.941  -12.975 0.0000000000
161823  -41.683  -79.316  -13.349 0.0000000000
40289  -41.762  -78.658  -12.954 0.0000000000
90477  -42.123  -78.297  -12.467 0.0000000000
161821  -42.545  -78.539  -12.414 0.0000000000
161824  -41.334  -78.977  -13.325 0.0000000000
54788  -41.077  -79.665  -13.581 0.0000000000
90479  -41.410  -78.314  -12.944 0.0000000000
40290  -41.079  -77.927  -12.950 0.0000000000
161834  -40.755  -77.489  -12.898 0.0000000000
161835  -40.440  -77.702  -13.215 0.0000000000
90487  -40.653  -76.780  -12.467 0.0000000000
161833  -41.009  -77.251  -12.534 0.0000000000
45188  -40.028  -77.896  -13.425 0.0000000000
40292  -40.854  -76.559  -12.073 0.0000000000
161832  -41.216  -76.970  -12.113 0.0000000000
90480  -41.358  -77.654  -12.544 0.0000000000
161831  -41.024  -76.224  -11.618 0.0000000000
161829  -41.453  -76.588  -11.577 0.0000000000
10018  -41.609  -77.283  -12.045 0.0000000000
90485  -40.675  -75.828  -11.629 0.0000000000
161830  -40.855  -75.471  -11.180 0.0000000000
40291  -41.257  -75.853  -11.144 0.0000000000
90483  -41.031  -75.137  -10.745 0.0000000000
161828  -41.690  -76.188  -11.119 0.0000000000
114192  -41.887  -76.905  -11.520 0.0000000000
90482  -41.437  -75.454  -10.711 0.0000000000
161827  -41.870  -75.690  -10.679 0.0000000000
22480  -42.131  -76.424  -11.055 0.0000000000
28464  -41.593  -75.027  -10.289 0.0000000000
127854  -42.023  -75.199  -10.250 0.0000000000
53200  -42.315  -75.881  -10.644 0.0000000000
22479  -42.470  -77.877  -11.930 0.0000000000
114189  -42.958  -78.032  -11.873 0.0000000000
90475  -42.964  -78.764  -12.342 0.0000000000
90472  -43.578  -79.285  -12.086 0.0000000000
161815  -43.650  -79.656  -11.931 0.0000000000
40260  -43.340  -80.705  -12.262 0.0000000000
40286  -43.817  -78.653  -11.544 0.0000000000
161814  -43.818  -79.008  -11.374 0.0000000000
90405  -43.603  -80.099  -11.751 0.0000000000
161813  -43.914  -78.055  -11.045 0.0000000000
161811  -43.873  -78.434  -10.919 0.0000000000
10008  -43.745  -79.425  -11.270 0.0000000000
90470  -43.885  -77.761  -11.175 0.0000000000
161812  -44.000  -77.281  -10.657 0.0000000000
40285  -44.035  -77.598  -10.494 0.0000000000
22477  -43.846  -77.038  -10.780 0.0000000000
114185  -43.992  -76.569  -10.329 0.0000000000
90468  -44.056  -76.839  -10.201 0.0000000000
161810  -43.881  -78.000  -10.395 0.0000000000
114147  -43.788  -78.906  -10.798 0.0000000000
90467  -44.016  -77.077  -10.114 0.0000000000
161809  -43.948  -77.355  -10.026 0.0000000000
22455  -43.787  -78.311  -10.343 0.0000000000
40284  -44.049  -76.561  -9.702 0.0000000000
161808  -43.986  -76.858  -9.590 0.0000000000
53175  -43.866  -77.693  -9.930 0.0000000000
161807  -44.062  -76.072  -9.305 0.0000000000
161799  -43.985  -76.373  -9.166 0.0000000000
2484  -43.835  -77.220  -9.482 0.0000000000
90465  -44.065  -75.766  -9.407 0.0000000000
161798  -43.963  -75.841  -8.595 0.0000000000
127821  -43.818  -76.694  -8.986 0.0000000000
28449  -43.665  -76.257  -8.346 0.0000000000
161735  -42.807  -81.678  -12.563 0.0000000000
139328  -42.229  -82.179  -13.043 0.0000000000
90404  -43.217  -81.088  -12.065 0.0000000000
161734  -42.611  -82.027  -12.310 0.0000000000
32702  -42.105  -82.583  -12.782 0.0000000000
40259  -43.027  -81.407  -11.836 0.0000000000
161733  -42.412  -82.337  -12.024 0.0000000000
71843  -41.896  -82.922  -12.527 0.0000000000
161732  -42.827  -81.725  -11.568 0.0000000000
161730  -42.255  -82.616  -11.710 0.0000000000
7400  -41.758  -83.184  -12.205 0.0000000000
90402  -43.279  -80.770  -11.366 0.0000000000
161731  -43.088  -81.129  -11.084 0.0000000000
40258  -42.608  -82.042  -11.229 0.0000000000
22454  -43.445  -80.193  -10.856 0.0000000000
114144  -43.197  -80.568  -10.658 0.0000000000
90400  -42.882  -81.477  -10.809 0.0000000000
161729  -42.018  -82.930  -11.321 0.0000000000
103010  -41.614  -83.454  -11.844 0.0000000000
90399  -42.389  -82.356  -10.855 0.0000000000
161728  -41.795  -83.285  -10.920 0.0000000000
16268  -41.397  -83.799  -11.448 0.0000000000
40257  -42.162  -82.765  -10.472 0.0000000000
161727  -41.587  -83.674  -10.513 0.0000000000
46988  -41.178  -84.160  -11.016 0.0000000000
161726  -41.863  -83.181  -10.073 0.0000000000
161718  -41.335  -84.079  -10.060 0.0000000000
1526  -40.976  -84.517  -10.578 0.0000000000
90397  -42.368  -82.252  -10.055 0.0000000000
161725  -42.055  -82.724  -9.660 0.0000000000
40254  -41.586  -83.589  -9.670 0.0000000000
40256  -42.480  -81.837  -9.643 0.0000000000
161724  -42.184  -82.340  -9.261 0.0000000000
90390  -41.769  -83.196  -9.286 0.0000000000
161723  -42.501  -81.405  -9.127 0.0000000000
161721  -42.269  -81.879  -8.739 0.0000000000
10006  -41.881  -82.823  -8.856 0.0000000000
90395  -42.756  -80.919  -9.504 0.0000000000
161722  -42.722  -80.454  -8.944 0.0000000000
40255  -42.480  -80.963  -8.569 0.0000000000
22452  -42.941  -79.959  -9.325 0.0000000000
114140  -42.883  -79.463  -8.820 0.0000000000
90393  -42.624  -79.994  -8.441 0.0000000000
161720  -42.172  -81.467  -8.186 0.0000000000
114138  -41.903  -82.414  -8.328 0.0000000000
90392  -42.336  -80.516  -8.041 0.0000000000
161719  -42.020  -81.050  -7.637 0.0000000000
22450  -41.840  -81.961  -7.779 0.0000000000
28446  -42.097  -80.131  -7.484 0.0000000000
127812  -41.784  -80.598  -7.124 0.0000000000
53170  -41.699  -81.494  -7.254 0.0000000000
161717  -41.091  -84.452  -9.708 0.0000000000
119159  -40.786  -84.881  -10.137 0.0000000000
90389  -41.381  -83.993  -9.306 0.0000000000
161716  -40.833  -84.825  -9.393 0.0000000000
24737  -40.493  -85.219  -9.862 0.0000000000
40253  -41.070  -84.446  -8.891 0.0000000000
161715  -40.536  -85.228  -9.013 0.0000000000
56588  -40.220  -85.545  -9.526 0.0000000000
161714  -40.743  -84.874  -8.508 0.0000000000
161712  -40.217  -85.586  -8.655 0.0000000000
3503  -39.961  -85.858  -9.149 0.0000000000
90387  -41.234  -84.045  -8.448 0.0000000000
161713  -40.923  -84.444  -8.059 0.0000000000
40252  -40.415  -85.258  -8.165 0.0000000000
22449  -41.233  -83.685  -8.008 0.0000000000
114135  -40.929  -84.019  -7.575 0.0000000000
90385  -40.572  -84.802  -7.687 0.0000000000
161711  -39.923  -85.929  -8.330 0.0000000000
93857  -39.677  -86.181  -8.783 0.0000000000
90384  -40.107  -85.569  -7.842 0.0000000000
161710  -39.664  -86.267  -8.037 0.0000000000
11183  -39.436  -86.545  -8.498 0.0000000000
40251  -39.831  -85.869  -7.540 0.0000000000
161709  -39.406  -86.591  -7.801 0.0000000000
41903  -39.198  -86.913  -8.247 0.0000000000
161708  -39.565  -86.170  -7.231 0.0000000000
161682  -39.184  -86.876  -7.486 0.0000000000
208  -38.933  -87.266  -8.025 0.0000000000
90382  -39.927  -85.437  -6.991 0.0000000000
161707  -39.612  -85.755  -6.643 0.0000000000
40242  -39.303  -86.448  -6.861 0.0000000000
40250  -40.032  -84.984  -6.465 0.0000000000
161706  -39.820  -85.287  -6.099 0.0000000000
90360  -39.458  -86.047  -6.249 0.0000000000
161705  -40.234  -84.406  -5.948 0.0000000000
90380  -40.469  -84.138  -6.332 0.0000000000
161704  -40.669  -83.576  -5.815 0.0000000000
40249  -40.534  -83.837  -5.459 0.0000000000
22447  -40.836  -83.341  -6.203 0.0000000000
114131  -41.009  -82.807  -5.663 0.0000000000
90378  -40.922  -83.054  -5.300 0.0000000000
161681  -38.998  -87.128  -7.119 0.0000000000
129182  -38.757  -87.499  -7.714 0.0000000000
90359  -39.215  -86.708  -6.466 0.0000000000
161680  -38.849  -87.380  -6.752 0.0000000000
29000  -38.567  -87.747  -7.377 0.0000000000
40241  -39.161  -86.938  -6.098 0.0000000000
161679  -38.739  -87.593  -6.358 0.0000000000
63788  -38.353  -88.021  -7.029 0.0000000000
161678  -39.123  -87.128  -5.753 0.0000000000
161676  -38.632  -87.778  -5.948 0.0000000000
5846  -38.226  -88.196  -6.598 0.0000000000
90357  -39.490  -86.469  -5.517 0.0000000000
161677  -39.532  -86.608  -5.229 0.0000000000
40240  -39.114  -87.281  -5.341 0.0000000000
22439  -39.851  -85.867  -5.105 0.0000000000
114117  -39.951  -86.029  -4.814 0.0000000000
90355  -39.565  -86.743  -4.878 0.0000000000
161675  -38.535  -87.898  -5.537 0.0000000000
98177  -38.056  -88.298  -6.207 0.0000000000
90354  -39.032  -87.366  -4.908 0.0000000000
161674  -38.371  -87.871  -5.095 0.0000000000
13583  -37.856  -88.322  -5.819 0.0000000000
40239  -38.902  -87.384  -4.463 0.0000000000
161673  -38.212  -87.754  -4.639 0.0000000000
44303  -37.628  -88.229  -5.398 0.0000000000
161672  -38.795  -87.290  -3.985 0.0000000000
161664  -38.047  -87.555  -4.173 0.0000000000
688  -37.438  -88.009  -4.914 0.0000000000
90352  -39.445  -86.928  -3.913 0.0000000000
161671  -39.312  -86.876  -3.447 0.0000000000
40236  -38.629  -87.091  -3.529 0.0000000000
40238  -39.905  -86.459  -3.482 0.0000000000
161670  -39.852  -86.467  -3.024 0.0000000000
90345  -39.195  -86.735  -2.982 0.0000000000
161669  -40.412  -86.019  -3.039 0.0000000000
90350  -40.453  -85.895  -3.465 0.0000000000
161668  -40.949  -85.436  -2.966 0.0000000000
22437  -40.933  -85.213  -3.370 0.0000000000
161663  -37.859  -87.253  -3.740 0.0000000000
115400  -37.243  -87.718  -4.460 0.0000000000
90344  -38.479  -86.868  -3.084 0.0000000000
161662  -37.738  -86.927  -3.315 0.0000000000
23126  -37.063  -87.355  -4.062 0.0000000000
40235  -38.364  -86.656  -2.651 0.0000000000
161661  -37.643  -86.609  -2.891 0.0000000000
161660  -38.233  -86.478  -2.231 0.0000000000
161658  -37.490  -86.370  -2.502 0.0000000000
90342  -38.935  -86.478  -2.092 0.0000000000
161659  -38.814  -86.325  -1.662 0.0000000000
40234  -38.057  -86.293  -1.841 0.0000000000
22434  -39.501  -86.335  -1.596 0.0000000000
114108  -39.339  -86.232  -1.118 0.0000000000
139327  -41.435  -83.194  -13.194 0.0000000000
71842  -41.324  -83.531  -12.935 0.0000000000
139326  -40.650  -84.100  -13.439 0.0000000000
32701  -40.551  -84.414  -13.150 0.0000000000
139325  -39.883  -84.981  -13.568 0.0000000000
139324  -39.875  -85.275  -13.213 0.0000000000
139322  -39.174  -85.727  -13.790 0.0000000000
2899  -39.178  -85.426  -14.148 0.0000000000
71840  -40.453  -84.722  -12.766 0.0000000000
139323  -39.828  -85.541  -12.851 0.0000000000
32700  -39.077  -86.007  -13.369 0.0000000000
16267  -40.366  -84.986  -12.372 0.0000000000
103007  -39.620  -85.832  -12.462 0.0000000000
71838  -38.960  -86.254  -12.999 0.0000000000
139321  -38.342  -86.328  -13.945 0.0000000000
54774  -38.420  -86.048  -14.345 0.0000000000
71837  -38.243  -86.593  -13.541 0.0000000000
23649  -37.638  -86.645  -14.426 0.0000000000
129181  -38.150  -88.151  -7.817 0.0000000000
41899  -38.345  -87.928  -8.084 0.0000000000
63787  -37.909  -88.463  -7.490 0.0000000000
129180  -37.436  -88.864  -7.916 0.0000000000
11179  -37.644  -88.604  -8.196 0.0000000000
28999  -37.241  -89.016  -7.603 0.0000000000
129179  -36.774  -89.416  -7.917 0.0000000000
93849  -36.955  -89.250  -8.180 0.0000000000
129178  -36.510  -89.453  -7.604 0.0000000000
129176  -36.006  -89.828  -7.904 0.0000000000
63785  -37.051  -89.041  -7.259 0.0000000000
129177  -36.243  -89.370  -7.300 0.0000000000
28998  -35.721  -89.740  -7.603 0.0000000000
13582  -36.749  -89.039  -6.932 0.0000000000
98174  -35.950  -89.199  -6.989 0.0000000000
63783  -35.416  -89.544  -7.317 0.0000000000
56574  -35.426  -90.205  -8.170 0.0000000000
127853  -42.200  -74.649  -9.816 0.0000000000
2487  -42.490  -75.307  -10.177 0.0000000000
127855  -41.785  -74.492  -9.886 0.0000000000
28463  -41.952  -74.015  -9.477 0.0000000000
53194  -42.666  -74.776  -9.725 0.0000000000
127820  -43.497  -77.125  -8.684 0.0000000000
53171  -43.607  -77.594  -9.285 0.0000000000
62774  -43.315  -76.693  -8.072 0.0000000000
127819  -43.143  -77.566  -8.358 0.0000000000
22451  -43.286  -78.010  -8.958 0.0000000000
28448  -42.911  -77.156  -7.750 0.0000000000
127818  -42.793  -78.039  -8.033 0.0000000000
114139  -43.003  -78.479  -8.628 0.0000000000
127817  -42.541  -77.674  -7.480 0.0000000000
127815  -42.461  -78.607  -7.725 0.0000000000
5564  -42.716  -79.008  -8.286 0.0000000000
62772  -42.690  -76.834  -7.247 0.0000000000
127816  -42.280  -77.370  -6.937 0.0000000000
28447  -42.170  -78.254  -7.151 0.0000000000
62770  -41.881  -77.945  -6.577 0.0000000000
127814  -42.106  -79.198  -7.332 0.0000000000
90391  -42.415  -79.569  -7.910 0.0000000000
62769  -41.810  -78.855  -6.782 0.0000000000
127813  -41.784  -79.737  -6.954 0.0000000000
28445  -41.505  -79.354  -6.412 0.0000000000
127811  -41.499  -80.245  -6.599 0.0000000000
2483  -41.516  -81.017  -6.757 0.0000000000
127810  -41.347  -79.784  -6.035 0.0000000000
53164  -41.363  -80.629  -6.151 0.0000000000
62767  -41.354  -78.896  -5.880 0.0000000000
127809  -41.229  -79.301  -5.486 0.0000000000
22444  -41.235  -80.161  -5.630 0.0000000000
114126  -41.098  -79.625  -5.085 0.0000000000
119158  -40.047  -85.601  -10.274 0.0000000000
46984  -40.285  -85.317  -10.640 0.0000000000
56587  -39.788  -85.887  -9.916 0.0000000000
119157  -39.362  -86.099  -10.321 0.0000000000
16264  -39.577  -85.882  -10.745 0.0000000000
24736  -39.109  -86.367  -9.906 0.0000000000
119156  -38.477  -86.721  -10.305 0.0000000000
103002  -38.753  -86.489  -10.737 0.0000000000
119155  -38.224  -86.998  -9.893 0.0000000000
119153  -37.549  -87.192  -10.279 0.0000000000
56585  -38.853  -86.719  -9.507 0.0000000000
119154  -38.037  -87.353  -9.473 0.0000000000
24735  -37.364  -87.616  -9.816 0.0000000000
11182  -38.594  -87.147  -9.145 0.0000000000
93854  -37.787  -87.872  -9.177 0.0000000000
56583  -37.169  -88.110  -9.451 0.0000000000
119152  -36.668  -87.901  -10.207 0.0000000000
71829  -36.889  -87.577  -10.688 0.0000000000
56582  -36.489  -88.316  -9.778 0.0000000000
116632  -37.936  -82.762  -14.925 0.0000000000
66429  -37.857  -82.196  -14.721 0.0000000000
54782  -38.111  -83.401  -14.983 0.0000000000
116631  -37.157  -83.545  -15.152 0.0000000000
23654  -37.076  -83.000  -15.014 0.0000000000
23653  -37.251  -84.077  -15.249 0.0000000000
116629  -36.489  -84.269  -15.535 0.0000000000
116630  -36.327  -83.777  -15.370 0.0000000000
132528  -36.226  -83.245  -15.152 0.0000000000
45183  -35.515  -83.983  -15.594 0.0000000000
115399  -36.384  -87.666  -4.701 0.0000000000
44299  -36.570  -88.056  -5.057 0.0000000000
53902  -36.186  -87.307  -4.325 0.0000000000
115398  -35.558  -87.647  -4.991 0.0000000000
13579  -35.751  -88.002  -5.381 0.0000000000
23125  -35.333  -87.253  -4.573 0.0000000000
115397  -34.618  -87.560  -5.250 0.0000000000
98169  -34.830  -87.934  -5.636 0.0000000000
115396  -34.361  -87.245  -4.861 0.0000000000
115394  -33.604  -87.619  -5.476 0.0000000000
2607  -33.873  -87.916  -5.852 0.0000000000
115395  -34.102  -86.976  -4.472 0.0000000000
23124  -33.304  -87.344  -5.090 0.0000000000
53898  -33.059  -87.154  -4.691 0.0000000000
115393  -32.507  -87.806  -5.612 0.0000000000
63774  -32.809  -88.068  -5.983 0.0000000000
53897  -32.222  -87.607  -5.229 0.0000000000
115392  -31.395  -88.157  -5.568 0.0000000000
23123  -31.647  -88.326  -5.941 0.0000000000
115391  -30.634  -88.767  -5.718 0.0000000000
129165  -30.878  -88.950  -6.072 0.0000000000
114191  -42.308  -77.175  -11.457 0.0000000000
90476  -42.021  -77.609  -11.991 0.0000000000
53199  -42.592  -76.599  -11.001 0.0000000000
114190  -42.828  -77.325  -11.447 0.0000000000
22478  -43.059  -76.723  -10.941 0.0000000000
114188  -43.309  -77.438  -11.371 0.0000000000
10017  -43.388  -78.167  -11.773 0.0000000000
114187  -43.557  -76.863  -10.862 0.0000000000
90469  -43.715  -77.540  -11.241 0.0000000000
53197  -43.294  -76.112  -10.524 0.0000000000
114186  -43.708  -76.303  -10.439 0.0000000000
22476  -43.491  -75.591  -10.057 0.0000000000
114184  -43.848  -75.778  -9.977 0.0000000000
10016  -44.018  -76.026  -9.915 0.0000000000
114183  -43.621  -75.059  -9.604 0.0000000000
90462  -43.892  -75.251  -9.579 0.0000000000
53195  -43.208  -74.903  -9.608 0.0000000000
114182  -43.362  -74.452  -9.259 0.0000000000
22475  -43.733  -74.580  -9.204 0.0000000000
22474  -42.885  -74.313  -9.339 0.0000000000
114146  -43.660  -79.255  -10.642 0.0000000000
90401  -43.621  -79.822  -11.120 0.0000000000
53174  -43.685  -78.617  -10.207 0.0000000000
114145  -43.472  -79.647  -10.429 0.0000000000
22453  -43.537  -79.013  -9.947 0.0000000000
114143  -43.259  -80.034  -10.179 0.0000000000
10007  -42.986  -80.935  -10.365 0.0000000000
114142  -43.201  -79.478  -9.656 0.0000000000
90394  -43.031  -80.419  -9.867 0.0000000000
53172  -43.393  -78.504  -9.481 0.0000000000
114141  -43.097  -78.965  -9.170 0.0000000000
114137  -41.578  -82.851  -7.888 0.0000000000
90386  -41.549  -83.310  -8.425 0.0000000000
53169  -41.527  -82.398  -7.330 0.0000000000
114136  -41.278  -83.225  -7.439 0.0000000000
22448  -41.279  -82.771  -6.938 0.0000000000
114134  -41.002  -83.575  -7.036 0.0000000000
10005  -40.642  -84.319  -7.156 0.0000000000
114133  -41.049  -83.085  -6.564 0.0000000000
90379  -40.731  -83.860  -6.684 0.0000000000
53167  -41.259  -82.268  -6.459 0.0000000000
114132  -41.111  -82.559  -6.048 0.0000000000
22446  -41.273  -81.760  -5.905 0.0000000000
114130  -41.212  -82.073  -5.485 0.0000000000
10004  -41.176  -82.332  -5.107 0.0000000000
114129  -41.231  -81.372  -5.324 0.0000000000
90372  -41.199  -81.619  -4.895 0.0000000000
53165  -41.280  -81.012  -5.732 0.0000000000
114128  -41.134  -80.508  -5.186 0.0000000000
22445  -41.130  -80.846  -4.747 0.0000000000
114127  -41.109  -79.989  -4.662 0.0000000000
161695  -41.194  -80.347  -4.235 0.0000000000
5562  -41.144  -79.137  -4.604 0.0000000000
90371  -41.217  -79.517  -4.213 0.0000000000
114116  -40.342  -85.482  -4.294 0.0000000000
10001  -39.958  -86.223  -4.338 0.0000000000
114118  -40.262  -85.278  -4.682 0.0000000000
22438  -40.714  -84.716  -4.167 0.0000000000
114115  -40.829  -84.944  -3.792 0.0000000000
90349  -40.403  -85.690  -3.880 0.0000000000
53157  -41.208  -84.202  -3.560 0.0000000000
114114  -41.332  -84.467  -3.178 0.0000000000
103009  -40.915  -84.383  -11.893 0.0000000000
71839  -41.046  -84.095  -12.298 0.0000000000
46987  -40.724  -84.708  -11.461 0.0000000000
103008  -40.263  -85.223  -11.980 0.0000000000
16266  -40.030  -85.516  -11.550 0.0000000000
103006  -39.470  -86.016  -12.043 0.0000000000
7399  -38.815  -86.463  -12.568 0.0000000000
103005  -39.284  -86.166  -11.621 0.0000000000
71832  -38.637  -86.625  -12.105 0.0000000000
46985  -39.802  -85.701  -11.156 0.0000000000
103004  -39.041  -86.302  -11.207 0.0000000000
99763  -38.406  -80.949  -14.235 0.0000000000
98176  -37.302  -88.690  -6.393 0.0000000000
63784  -37.568  -88.676  -6.730 0.0000000000
44302  -37.007  -88.550  -6.018 0.0000000000
98175  -36.470  -88.878  -6.569 0.0000000000
13581  -36.208  -88.616  -6.182 0.0000000000
98173  -35.619  -88.932  -6.664 0.0000000000
5845  -35.064  -89.237  -7.074 0.0000000000
98172  -35.351  -88.633  -6.349 0.0000000000
63777  -34.733  -88.936  -6.809 0.0000000000
44300  -35.957  -88.323  -5.758 0.0000000000
98171  -35.085  -88.301  -6.010 0.0000000000
13580  -34.411  -88.621  -6.526 0.0000000000
98170  -34.132  -88.241  -6.211 0.0000000000
129168  -33.408  -88.608  -6.640 0.0000000000
63776  -33.105  -88.308  -6.335 0.0000000000
93856  -39.052  -86.868  -8.814 0.0000000000
56584  -39.287  -86.494  -9.127 0.0000000000
41902  -38.822  -87.282  -8.577 0.0000000000
93855  -38.312  -87.634  -8.911 0.0000000000
11181  -38.087  -88.020  -8.659 0.0000000000
93853  -37.549  -88.356  -8.923 0.0000000000
3501  -36.956  -88.629  -9.199 0.0000000000
93852  -37.338  -88.727  -8.692 0.0000000000
56577  -36.717  -89.021  -8.940 0.0000000000
41900  -37.872  -88.345  -8.414 0.0000000000
93851  -37.137  -89.017  -8.439 0.0000000000
11180  -36.566  -89.358  -8.697 0.0000000000
116624  -38.440  -85.373  -14.937 0.0000000000
54776  -38.445  -85.723  -14.695 0.0000000000
90486  -40.509  -76.091  -12.023 0.0000000000
90488  -40.310  -76.265  -12.414 0.0000000000
10019  -40.185  -75.567  -11.979 0.0000000000
90481  -41.180  -74.755  -10.330 0.0000000000
127856  -41.381  -74.271  -9.953 0.0000000000
90478  -41.705  -77.983  -12.499 0.0000000000
90473  -43.372  -79.006  -12.219 0.0000000000
90471  -43.686  -78.379  -11.668 0.0000000000
90466  -44.076  -76.285  -9.819 0.0000000000
90464  -44.032  -75.481  -9.519 0.0000000000
90463  -43.934  -74.759  -9.205 0.0000000000
90403  -43.456  -80.413  -11.611 0.0000000000
90398  -42.645  -81.838  -10.444 0.0000000000
90396  -42.783  -81.329  -10.007 0.0000000000
90388  -41.499  -83.636  -8.873 0.0000000000
90383  -40.233  -85.128  -7.328 0.0000000000
90381  -40.322  -84.654  -6.818 0.0000000000
90376  -41.161  -82.570  -4.791 0.0000000000
90377  -40.830  -83.336  -4.958 0.0000000000
161702  -40.461  -84.100  -5.124 0.0000000000
40248  -41.223  -82.816  -4.462 0.0000000000
161701  -40.919  -83.533  -4.636 0.0000000000
90374  -41.256  -81.838  -4.522 0.0000000000
90375  -41.359  -82.069  -4.174 0.0000000000
161699  -41.503  -82.326  -3.845 0.0000000000
40247  -41.389  -81.343  -3.944 0.0000000000
90373  -41.221  -81.118  -4.335 0.0000000000
161696  -41.333  -80.649  -3.837 0.0000000000
90356  -39.794  -85.708  -5.411 0.0000000000
114119  -40.152  -85.101  -4.996 0.0000000000
114120  -40.108  -84.909  -5.291 0.0000000000
90353  -39.578  -86.888  -4.383 0.0000000000
90351  -39.942  -86.366  -3.904 0.0000000000
90343  -39.054  -86.620  -2.532 0.0000000000
90341  -39.629  -86.384  -2.073 0.0000000000
114110  -40.147  -86.186  -1.584 0.0000000000
114111  -40.272  -86.116  -2.105 0.0000000000
71841  -41.188  -83.836  -12.650 0.0000000000
71836  -38.126  -86.828  -13.135 0.0000000000
66430  -36.962  -82.441  -14.822 0.0000000000
63786  -37.755  -88.605  -7.110 0.0000000000
63781  -34.461  -89.582  -7.389 0.0000000000
63782  -34.808  -89.890  -7.611 0.0000000000
28997  -33.765  -89.970  -7.646 0.0000000000
63779  -34.093  -89.261  -7.165 0.0000000000
63780  -33.409  -89.649  -7.393 0.0000000000
28996  -32.985  -89.319  -7.146 0.0000000000
129171  -32.251  -89.871  -7.246 0.0000000000
63778  -33.706  -88.955  -6.898 0.0000000000
129169  -32.612  -89.034  -6.901 0.0000000000
63775  -31.938  -88.528  -6.303 0.0000000000
28995  -32.274  -88.779  -6.639 0.0000000000
129166  -31.161  -89.140  -6.398 0.0000000000
62773  -43.110  -76.310  -7.530 0.0000000000
62775  -43.479  -75.859  -7.768 0.0000000000
62768  -41.571  -78.437  -6.249 0.0000000000
56586  -39.531  -86.157  -9.506 0.0000000000
56581  -36.308  -88.826  -9.491 0.0000000000
24733  -35.611  -89.018  -9.790 0.0000000000
56579  -36.103  -89.252  -9.239 0.0000000000
56580  -35.455  -89.463  -9.522 0.0000000000
24732  -35.279  -89.881  -9.309 0.0000000000
56578  -35.920  -89.638  -8.995 0.0000000000
56576  -35.651  -90.160  -8.475 0.0000000000
54786  -40.725  -80.487  -13.784 0.0000000000
54781  -38.225  -83.974  -15.063 0.0000000000
54779  -38.274  -84.500  -15.141 0.0000000000
54780  -37.455  -84.647  -15.347 0.0000000000
23652  -37.527  -85.150  -15.378 0.0000000000
116627  -36.667  -85.356  -15.745 0.0000000000
54778  -38.385  -84.977  -15.083 0.0000000000
116625  -37.590  -85.608  -15.303 0.0000000000
54775  -37.635  -86.331  -14.838 0.0000000000
23651  -37.660  -86.011  -15.122 0.0000000000
116622  -36.829  -86.624  -15.209 0.0000000000
116621  -36.850  -86.978  -14.869 0.0000000000
53198  -42.802  -76.006  -10.582 0.0000000000
53196  -43.000  -75.437  -10.113 0.0000000000
53173  -43.670  -78.090  -9.747 0.0000000000
53168  -41.449  -81.900  -6.855 0.0000000000
53166  -41.360  -81.396  -6.350 0.0000000000
53156  -41.551  -83.466  -3.324 0.0000000000
53158  -41.106  -83.947  -3.971 0.0000000000
2482  -41.411  -83.210  -3.748 0.0000000000
127800  -41.804  -82.736  -3.149 0.0000000000
46986  -40.484  -85.053  -11.022 0.0000000000
14468  -39.824  -77.373  -13.383 0.0000000000
45185  -39.351  -79.468  -13.772 0.0000000000
45182  -34.687  -84.102  -15.780 0.0000000000
14463  -35.444  -83.527  -15.333 0.0000000000
99760  -34.588  -83.622  -15.444 0.0000000000
99759  -33.897  -84.197  -15.845 0.0000000000
44301  -36.764  -88.339  -5.567 0.0000000000
41901  -38.559  -87.658  -8.335 0.0000000000
161700  -41.316  -83.041  -4.112 0.0000000000
129170  -31.832  -89.605  -6.969 0.0000000000
129167  -31.478  -89.332  -6.694 0.0000000000
62799  -41.505  -73.802  -9.546 0.0000000000
119149  -34.863  -89.281  -10.084 0.0000000000
116626  -36.745  -85.839  -15.669 0.0000000000
53159  -40.609  -84.509  -4.522 0.0000000000
99770  -39.631  -76.831  -13.388 0.0000000000
161837  -39.934  -76.627  -13.096 0.0000000000
99761  -35.387  -83.021  -15.100 0.0000000000
132529  -36.159  -82.685  -14.930 0.0000000000
90490  -40.071  -75.721  -12.360 0.0000000000
53160  -41.011  -83.737  -4.311 0.0000000000
161691  -41.663  -82.500  -3.494 0.0000000000
99765  -38.771  -79.739  -13.897 0.0000000000
14466  -39.183  -78.952  -13.723 0.0000000000
22440  -40.519  -84.313  -4.845 0.0000000000
62800  -41.168  -73.055  -9.249 0.0000000000
30234  -36.857  -81.885  -14.684 0.0000000000
90489  -40.145  -76.479  -12.768 0.0000000000
40294  -39.952  -75.908  -12.717 0.0000000000
161839  -39.912  -75.181  -12.349 0.0000000000
14462  -33.883  -83.755  -15.551 0.0000000000
66424  -34.586  -83.129  -15.175 0.0000000000
6375  -35.363  -82.475  -14.902 0.0000000000
132530  -36.110  -82.130  -14.775 0.0000000000
99766  -38.630  -79.197  -13.849 0.0000000000
6377  -39.565  -76.260  -13.464 0.0000000000
161838  -39.761  -76.085  -13.108 0.0000000000
63773  -31.176  -90.256  -7.059 0.0000000000
40245  -41.759  -81.779  -3.284 0.0000000000
161840  -39.819  -75.378  -12.774 0.0000000000
161841  -39.684  -75.564  -13.178 0.0000000000
40295  -39.793  -74.838  -12.905 0.0000000000
161842  -39.739  -75.055  -13.379 0.0000000000
161843  -39.864  -74.584  -13.607 0.0000000000
132522  -33.152  -83.913  -15.693 0.0000000000
