#
1478
86 -20.898033 -99.806696 -7.022890 1.000000
348 -6.310418 -88.382311 -2.655841 1.000000
442 -15.826873 -96.923307 -2.091905 1.000000
443 -8.900017 -94.872616 -9.783981 1.000000
444 -17.177027 -96.747927 -14.550027 1.000000
976 -16.259814 -100.060418 -6.513787 1.000000
977 -15.565014 -97.539172 -11.542160 1.000000
978 -18.974243 -99.147864 -14.375285 1.000000
1404 -13.097347 -92.363976 -8.817049 1.000000
1405 -8.903905 -90.875655 -10.729668 1.000000
1522 -25.288625 -97.887293 -6.543575 1.000000
1523 -23.747917 -97.391456 -13.819582 1.000000
1524 -28.003307 -94.830222 -10.266078 1.000000
1777 -7.424432 -84.025286 0.665227 1.000000
1778 -3.731068 -83.969429 -3.253972 1.000000
1992 -13.449774 -95.247298 -7.671496 1.000000
1993 -12.331454 -95.855862 -12.665152 1.000000
1994 -17.728299 -93.464747 -9.698036 1.000000
1995 -23.116738 -94.404384 -16.169639 1.000000
2367 -16.266473 -101.594836 -1.137385 1.000000
2518 -6.086701 -92.407927 -7.391130 1.000000
2519 -5.423598 -88.460729 -9.456952 1.000000
2520 -9.761519 -83.929174 -6.816190 1.000000
2896 -18.348422 -100.019068 -7.064317 1.000000
2897 -17.856741 -99.050149 -10.537538 1.000000
2898 -20.277601 -99.457659 -11.154719 1.000000
3324 -16.028587 -90.684399 -7.396314 1.000000
3325 -13.682745 -89.807607 -7.719838 1.000000
3496 -27.402963 -96.913509 -5.516328 1.000000
3497 -25.525138 -96.182361 -8.555776 1.000000
3498 -27.546667 -94.983168 -7.453103 1.000000
3921 -6.906305 -86.141095 -1.010496 1.000000
3922 -4.817787 -84.379703 -0.886858 1.000000
3923 -4.415597 -86.604796 -2.952582 1.000000
4369 -15.601753 -97.553976 -14.283704 1.000000
4370 -13.477474 -97.269513 -12.950556 1.000000
4371 -14.760079 -96.163377 -13.766618 1.000000
4372 -14.478629 -94.553389 -11.772425 1.000000
4373 -17.483288 -95.615126 -11.896863 1.000000
4374 -26.665563 -95.823012 -14.716410 1.000000
4375 -23.740748 -96.553773 -16.176993 1.000000
5270 -13.043193 -102.142744 -0.974717 1.000000
5649 -9.375925 -94.550364 -7.881483 1.000000
5650 -8.532830 -93.319774 -6.221011 1.000000
5651 -7.454896 -93.897767 -9.110017 1.000000
5652 -10.348162 -88.358261 -12.011511 1.000000
5653 -7.111193 -90.043552 -11.581958 1.000000
5654 -8.505275 -87.360054 -11.355990 1.000000
5655 -7.153842 -86.589143 -8.116875 1.000000
6364 -15.768843 -98.792009 -4.348298 1.000000
6365 -17.016672 -96.579999 -7.367377 1.000000
6366 -17.078841 -98.174304 -9.358210 1.000000
6367 -16.876929 -98.485664 -13.283374 1.000000
6368 -17.799931 -98.043591 -15.576678 1.000000
7134 -10.645723 -93.660682 -10.342294 1.000000
7135 -8.463163 -93.411706 -10.100029 1.000000
7136 -10.547958 -91.854185 -9.203831 1.000000
7137 -11.911720 -88.878453 -9.500964 1.000000
7390 -23.108514 -98.972254 -7.185897 1.000000
7391 -22.254372 -98.738141 -10.903380 1.000000
7392 -23.512222 -97.124860 -9.959441 1.000000
7393 -25.828125 -96.250989 -12.070107 1.000000
7986 -5.093824 -82.436524 1.173449 1.000000
7987 -3.835260 -82.097203 -0.939720 1.000000
7988 -5.200331 -81.936054 -3.160611 1.000000
8558 -10.478244 -95.737316 -8.873454 1.000000
8559 -14.598952 -96.487045 -9.506907 1.000000
8560 -11.881338 -96.784972 -10.617792 1.000000
8561 -10.459292 -95.484704 -10.991240 1.000000
8562 -12.243152 -93.919739 -11.179751 1.000000
8563 -15.037941 -92.619710 -9.281578 1.000000
8564 -18.741235 -90.727739 -8.266584 1.000000
8565 -21.754658 -98.789871 -14.551905 1.000000
8566 -20.951796 -97.568408 -16.244015 1.000000
8567 -20.329697 -95.597245 -15.550562 1.000000
8569 -23.290263 -92.371076 -14.360703 1.000000
8570 -20.774538 -94.228469 -13.274256 1.000000
8571 -21.368353 -92.275180 -11.015977 1.000000
8572 -21.580424 -89.699812 -10.680544 1.000000
9654 -12.490091 -99.482954 -0.784122 1.000000
9655 -13.471036 -101.212271 -3.084984 1.000000
9656 -15.988758 -102.042861 -4.103467 1.000000
9657 -18.794751 -101.222642 -4.032525 1.000000
9665 -19.076392 -100.275494 -1.083161 1.000000
9666 -21.125827 -99.564753 -3.779213 1.000000
9667 -23.634324 -98.227933 -3.769473 1.000000
10110 -5.533742 -90.861619 -5.075950 1.000000
10111 -6.695463 -92.209026 -10.676668 1.000000
10112 -5.110328 -90.562940 -9.323622 1.000000
10113 -4.393644 -89.119196 -5.855065 1.000000
10114 -4.119024 -86.406156 -6.372586 1.000000
10115 -6.055462 -84.378585 -5.262402 1.000000
10116 -8.750940 -82.039796 -4.012170 1.000000
10576 -19.633399 -99.799201 -7.029539 1.000000
10577 -19.430233 -99.246301 -8.888356 1.000000
10578 -20.692578 -99.437483 -8.956014 1.000000
11004 -17.950485 -89.357466 -7.016435 1.000000
11176 -28.069213 -96.048847 -5.062080 1.000000
11177 -27.378373 -95.996886 -6.393652 1.000000
11599 -7.999088 -87.584950 -1.976657 1.000000
11600 -8.231833 -86.538762 -1.204717 1.000000
11601 -6.593384 -87.239362 -1.797767 1.000000
11602 -5.640185 -86.541273 -1.934316 1.000000
11603 -5.281297 -87.625429 -2.900562 1.000000
12046 -15.659723 -96.149817 -1.158282 1.000000
12049 -16.100990 -97.143792 -14.689868 1.000000
12050 -15.046251 -96.890762 -14.194509 1.000000
12051 -15.871799 -96.469909 -13.964703 1.000000
12052 -15.860744 -95.829174 -12.895969 1.000000
12053 -17.235747 -96.338227 -13.266212 1.000000
12054 -27.857291 -94.649099 -14.429840 1.000000
12055 -26.663717 -95.037013 -15.543632 1.000000
13329 -8.780667 -94.872423 -8.965915 1.000000
13330 -8.220230 -94.344422 -8.457779 1.000000
13331 -8.134734 -94.422013 -9.272342 1.000000
13332 -10.765017 -86.957358 -12.805815 1.000000
13333 -9.277167 -87.788135 -12.274785 1.000000
14446 -15.778409 -99.660121 -5.527792 1.000000
14447 -16.708853 -98.376080 -6.781494 1.000000
14448 -16.846130 -98.948747 -7.835813 1.000000
14449 -18.477350 -99.134170 -12.592608 1.000000
14450 -17.435687 -98.785661 -12.115221 1.000000
14451 -17.897667 -98.816916 -13.922742 1.000000
14452 -17.284205 -98.433480 -14.635812 1.000000
14453 -18.443532 -98.619096 -15.186496 1.000000
15729 -11.859239 -93.011133 -9.724344 1.000000
15730 -10.565111 -92.899173 -9.699499 1.000000
15731 -11.754656 -92.155769 -8.876898 1.000000
15733 -12.806323 -89.270018 -8.542794 1.000000
16246 -24.174595 -98.411597 -7.033349 1.000000
16247 -23.614356 -98.282069 -8.622366 1.000000
16248 -24.376284 -97.529493 -8.158437 1.000000
16249 -26.612269 -95.587917 -9.573027 1.000000
16250 -25.387494 -96.032485 -10.439387 1.000000
16251 -26.978696 -95.712267 -11.207196 1.000000
17517 -8.693215 -84.593676 0.330766 1.000000
17519 -8.939627 -83.643846 1.201428 1.000000
17522 -6.324037 -82.407214 1.758962 1.000000
17523 -6.282600 -83.266273 0.879270 1.000000
17524 -4.019410 -84.320813 -1.919556 1.000000
17525 -4.083679 -83.338201 -0.769050 1.000000
17526 -3.823217 -83.099894 -2.106189 1.000000
17527 -4.123160 -81.868269 -2.201772 1.000000
17528 -4.243881 -82.910873 -3.368437 1.000000
18859 -14.715784 -94.151184 -5.997128 1.000000
18862 -11.292053 -95.018856 -7.537952 1.000000
18863 -11.905584 -95.602766 -8.355314 1.000000
18864 -16.276313 -97.058505 -9.675647 1.000000
18865 -15.980808 -96.278764 -8.700878 1.000000
18866 -15.041750 -97.012855 -10.546794 1.000000
18867 -12.749900 -96.784815 -12.973890 1.000000
18868 -12.575074 -97.136393 -11.748862 1.000000
18869 -11.803459 -96.616760 -11.969112 1.000000
18870 -10.982292 -96.321210 -10.929556 1.000000
18871 -11.328076 -95.770247 -11.822629 1.000000
18872 -11.178377 -94.790645 -11.417801 1.000000
18873 -12.093573 -94.887346 -12.159358 1.000000
18874 -15.869016 -94.224669 -10.614407 1.000000
18875 -14.648135 -93.549810 -10.610175 1.000000
18876 -16.201794 -93.074903 -9.565115 1.000000
18877 -16.659942 -91.971695 -8.412263 1.000000
18878 -18.053720 -92.104197 -8.966498 1.000000
18879 -22.780262 -98.045319 -12.554423 1.000000
18880 -22.013040 -98.885901 -12.988779 1.000000
18881 -22.821063 -98.217256 -14.377563 1.000000
18882 -23.465760 -95.511660 -16.519884 1.000000
18883 -22.299530 -97.119264 -16.465778 1.000000
18884 -21.920418 -95.977746 -16.445348 1.000000
18885 -20.516613 -96.560352 -16.186854 1.000000
18886 -21.682737 -94.837248 -15.839504 1.000000
18893 -21.978768 -93.192689 -13.877586 1.000000
18895 -21.156544 -93.396746 -11.999024 1.000000
21568 -10.888293 -99.768877 0.810363 1.000000
21570 -12.921697 -100.288428 -2.031620 1.000000
21571 -12.002832 -101.174816 -1.526929 1.000000
21572 -14.591501 -102.036290 -1.023524 1.000000
21573 -14.527407 -102.218181 -2.546258 1.000000
21574 -16.097555 -102.072783 -2.581070 1.000000
21575 -17.468052 -101.754330 -4.088622 1.000000
21576 -17.558185 -101.652116 -2.575618 1.000000
21598 -20.171978 -100.096166 -2.306154 1.000000
21600 -22.168176 -98.641738 -3.885230 1.000000
22707 -7.140368 -93.017928 -6.770895 1.000000
22708 -8.329988 -92.567101 -5.060572 1.000000
22709 -6.881493 -92.250474 -5.780393 1.000000
22710 -6.878159 -91.224626 -4.838322 1.000000
22711 -5.729171 -91.587745 -6.470274 1.000000
22712 -8.609445 -92.425667 -10.314703 1.000000
22713 -7.653757 -93.015529 -10.406864 1.000000
22714 -7.781425 -91.813251 -11.051047 1.000000
22715 -6.194091 -89.318514 -10.778882 1.000000
22716 -5.732415 -90.452261 -10.730628 1.000000
22717 -5.057917 -89.628100 -9.584164 1.000000
22718 -4.641496 -89.781627 -7.637370 1.000000
22719 -4.469333 -88.707320 -7.751718 1.000000
22720 -3.923891 -87.769933 -6.203316 1.000000
22721 -4.619932 -87.450728 -7.806313 1.000000
22722 -8.655829 -85.357502 -7.329856 1.000000
22723 -6.627824 -85.757621 -6.465987 1.000000
22724 -7.970789 -84.639385 -5.775194 1.000000
22725 -7.352841 -83.298139 -4.753185 1.000000
22726 -9.284901 -83.251044 -5.264509 1.000000
23644 -17.273348 -100.223720 -7.022910 1.000000
23645 -17.335894 -99.275306 -8.512343 1.000000
23646 -18.274661 -99.215999 -8.705649 1.000000
23647 -19.010518 -99.255875 -10.946946 1.000000
23648 -19.689457 -99.387959 -12.979588 1.000000
24414 -14.461284 -91.648340 -7.989964 1.000000
24415 -13.239952 -91.363512 -8.005925 1.000000
24416 -14.902097 -90.317495 -7.385748 1.000000
24724 -26.403880 -97.529046 -5.986235 1.000000
24725 -25.446180 -97.144678 -7.496694 1.000000
24726 -26.549520 -96.701160 -6.901845 1.000000
24727 -26.539383 -95.673308 -7.860471 1.000000
24728 -27.664337 -94.806544 -8.834455 1.000000
25488 -8.431093 -85.541181 -0.409497 1.000000
25489 -7.227137 -85.042916 -0.157378 1.000000
25490 -6.088464 -84.248900 -0.038828 1.000000
25491 -5.942463 -85.367210 -1.050462 1.000000
25492 -4.701342 -85.481346 -1.870980 1.000000
25493 -3.861787 -85.331924 -3.056929 1.000000
26294 -15.107968 -94.890237 -6.840699 1.000000
26295 -15.319758 -97.752482 -13.186053 1.000000
26296 -14.453197 -97.430579 -12.416026 1.000000
26297 -14.545402 -97.284839 -13.691948 1.000000
26298 -13.918294 -96.772388 -13.749496 1.000000
26299 -13.518979 -96.026786 -13.330780 1.000000
26300 -13.204904 -95.084943 -12.644336 1.000000
26301 -14.521713 -95.407806 -12.860169 1.000000
26302 -15.829330 -95.130190 -11.727138 1.000000
26303 -17.666424 -94.630785 -10.685324 1.000000
26304 -25.136409 -96.636578 -14.471014 1.000000
26305 -23.882726 -97.128183 -15.241513 1.000000
26306 -25.333477 -96.112698 -15.611850 1.000000
28599 -10.412771 -93.846098 -6.553206 1.000000
28600 -10.056823 -93.197472 -5.582727 1.000000
28601 -8.818092 -93.934342 -7.322478 1.000000
28602 -7.680069 -93.733229 -7.872210 1.000000
28603 -6.758650 -93.150802 -8.503686 1.000000
28604 -9.486122 -89.631163 -11.254940 1.000000
28605 -8.042448 -90.541370 -11.603341 1.000000
28606 -8.670366 -89.292280 -11.969106 1.000000
28607 -7.757643 -88.804647 -11.572406 1.000000
28608 -6.911771 -88.269450 -10.345556 1.000000
28609 -6.136586 -87.441564 -8.957946 1.000000
28610 -7.915437 -87.111056 -9.731456 1.000000
28612 -9.997918 -84.004819 -8.488270 1.000000
29588 -7.686124 -88.735253 -2.754039 1.000000
30208 -15.823595 -97.856447 -3.114841 1.000000
30209 -16.909702 -96.625336 -4.691668 1.000000
30210 -16.783636 -97.549424 -5.762850 1.000000
30211 -17.044285 -97.471565 -8.331820 1.000000
30212 -16.513331 -97.838633 -10.612785 1.000000
30213 -17.159931 -98.718554 -10.013686 1.000000
30214 -16.765406 -98.386787 -11.450064 1.000000
30215 -16.063228 -98.035112 -12.515103 1.000000
30216 -16.154515 -98.145321 -13.964359 1.000000
30217 -16.589889 -97.801253 -14.924276 1.000000
30218 -17.329015 -97.399697 -15.327583 1.000000
32004 -9.551081 -94.318338 -10.303495 1.000000
32005 -8.542950 -94.176777 -9.894570 1.000000
32006 -9.418717 -93.616292 -10.051318 1.000000
32007 -9.449568 -92.748150 -9.832423 1.000000
32008 -9.594736 -91.378659 -9.693918 1.000000
32009 -12.060610 -90.922840 -8.378039 1.000000
32010 -11.088715 -90.348676 -9.009463 1.000000
32011 -10.298080 -89.761183 -10.037858 1.000000
32012 -11.121872 -88.640936 -10.875224 1.000000
32013 -12.020799 -87.552398 -11.983128 1.000000
32674 -22.101620 -99.498615 -7.085757 1.000000
32675 -21.882229 -99.346511 -9.043040 1.000000
32676 -22.779966 -98.953776 -9.017218 1.000000
32677 -22.909215 -97.906291 -10.547507 1.000000
32678 -23.449808 -97.222477 -12.017009 1.000000
32679 -24.494246 -96.501954 -9.211134 1.000000
32680 -24.287855 -96.471652 -11.269106 1.000000
32681 -24.750086 -96.752062 -13.039076 1.000000
32682 -26.413310 -96.203625 -13.512344 1.000000
34291 -5.193054 -81.503294 2.017302 1.000000
34292 -4.209070 -81.428058 1.301667 1.000000
34293 -4.917459 -83.349198 0.194133 1.000000
34294 -4.158345 -82.344621 0.277542 1.000000
34296 -3.998794 -80.781877 -1.123787 1.000000
34297 -4.903399 -80.800511 -2.029714 1.000000
34298 -6.414657 -80.945395 -2.436099 1.000000
35934 -10.829587 -94.481871 -6.995513 1.000000
35935 -9.751251 -95.148690 -8.244185 1.000000
35936 -9.461331 -95.347397 -9.348627 1.000000
35937 -16.789464 -95.752284 -6.490551 1.000000
35938 -15.584048 -95.597446 -7.712594 1.000000
35939 -14.048192 -95.844150 -8.510832 1.000000
35940 -13.688142 -97.165309 -11.323514 1.000000
35941 -13.112477 -96.783146 -10.131845 1.000000
35942 -12.533408 -96.204050 -9.168429 1.000000
35943 -11.222525 -96.305743 -9.710330 1.000000
35944 -10.210894 -95.893651 -10.131223 1.000000
35945 -9.715484 -95.155254 -10.344238 1.000000
35946 -10.409827 -94.507337 -10.924025 1.000000
35947 -11.430209 -93.815453 -10.680215 1.000000
35948 -12.751958 -93.080215 -9.935982 1.000000
35949 -13.294996 -94.058014 -11.663947 1.000000
35950 -13.646475 -93.201712 -10.403101 1.000000
35951 -14.136517 -92.507891 -9.037539 1.000000
35952 -15.465320 -91.867082 -8.068620 1.000000
35953 -17.225573 -90.862870 -7.541837 1.000000
35955 -21.398067 -99.274293 -11.056923 1.000000
35956 -20.875596 -99.318616 -13.051966 1.000000
35957 -20.342179 -99.191330 -14.617745 1.000000
35958 -22.683470 -97.798742 -15.744815 1.000000
35959 -21.305831 -98.343305 -15.720446 1.000000
35960 -19.885810 -98.697372 -15.627766 1.000000
35961 -19.389402 -97.992860 -16.068812 1.000000
35962 -18.958326 -97.207323 -16.011793 1.000000
35963 -18.736264 -96.432067 -15.149096 1.000000
35969 -23.045680 -93.256973 -15.365758 1.000000
35970 -21.700306 -93.852133 -14.911436 1.000000
35971 -20.419801 -94.878130 -14.501547 1.000000
35972 -18.925129 -95.903508 -13.975120 1.000000
35973 -19.257884 -95.237277 -12.589131 1.000000
35974 -19.532502 -94.329931 -11.281330 1.000000
35975 -19.616490 -93.166351 -10.165888 1.000000
35977 -21.501401 -90.990387 -10.648688 1.000000
35978 -19.822633 -91.751784 -9.692378 1.000000
35979 -20.156872 -90.348333 -9.362197 1.000000
39198 -14.222711 -98.257139 -1.095313 1.000000
39199 -14.337967 -99.277236 -2.401342 1.000000
39200 -14.383169 -100.212023 -3.546320 1.000000
39201 -15.008377 -100.881755 -4.803355 1.000000
39202 -13.128398 -101.775870 -2.204632 1.000000
39203 -14.585426 -101.875730 -3.982900 1.000000
39204 -16.001537 -101.304464 -5.527366 1.000000
39205 -17.320102 -101.178445 -5.622290 1.000000
39206 -18.523462 -100.871444 -5.554944 1.000000
39207 -19.887235 -100.487776 -5.371247 1.000000
39228 -16.568227 -101.177894 0.185199 1.000000
39231 -17.767018 -101.030461 -1.049181 1.000000
39232 -19.001305 -100.943133 -2.490779 1.000000
39233 -20.069705 -100.503735 -3.834870 1.000000
39234 -21.183020 -99.900164 -5.311629 1.000000
39235 -22.233378 -99.120498 -5.364047 1.000000
39236 -23.409832 -98.508820 -5.481046 1.000000
39237 -24.713505 -98.140068 -5.131814 1.000000
40565 -7.211793 -90.121441 -3.756236 1.000000
40566 -5.866127 -89.895107 -3.743034 1.000000
40567 -7.731277 -93.833596 -9.821137 1.000000
40568 -6.973849 -93.146153 -9.776637 1.000000
40569 -6.069772 -92.373952 -9.354947 1.000000
40570 -6.726286 -91.084965 -11.266663 1.000000
40571 -5.743270 -91.432780 -10.252787 1.000000
40572 -5.360675 -91.553666 -8.405428 1.000000
40573 -5.040842 -90.770341 -7.065840 1.000000
40574 -4.944653 -90.215899 -5.500683 1.000000
40575 -4.900819 -89.102149 -4.034756 1.000000
40576 -4.129050 -87.869912 -4.360762 1.000000
40577 -3.689806 -86.606815 -4.619780 1.000000
40578 -3.759393 -85.196860 -4.771959 1.000000
40579 -5.339391 -86.449228 -7.433019 1.000000
40580 -4.913640 -85.353881 -5.980437 1.000000
40581 -4.431253 -84.017240 -4.569997 1.000000
40582 -5.547084 -83.045550 -4.308994 1.000000
40583 -6.801902 -82.073249 -3.642808 1.000000
40608 -11.115447 -82.598120 -6.289087 1.000000
40609 -10.667751 -81.595175 -4.557403 1.000000
41296 -20.308634 -99.803351 -7.012156 1.000000
41297 -20.267963 -99.501118 -7.913675 1.000000
41298 -20.830886 -99.572308 -7.943278 1.000000
42319 -7.102804 -88.059992 -2.243168 1.000000
42320 -7.204407 -87.489389 -1.819958 1.000000
42321 -6.462472 -87.798342 -2.220393 1.000000
42322 -5.919934 -87.468326 -2.300135 1.000000
42323 -5.782461 -88.031180 -2.754238 1.000000
42766 -15.751122 -96.516497 -1.654489 1.000000
42767 -16.358091 -95.941827 -2.433120 1.000000
42768 -16.440213 -96.330255 -2.883901 1.000000
42769 -16.543675 -96.967682 -14.720900 1.000000
42770 -15.894689 -96.808083 -14.379186 1.000000
42771 -16.481997 -96.663557 -14.224106 1.000000
42772 -16.503559 -96.392736 -13.639880 1.000000
42773 -17.176770 -96.512571 -13.959995 1.000000
44049 -8.767947 -94.933823 -9.397551 1.000000
44050 -8.416926 -94.665542 -9.142911 1.000000
44051 -8.486820 -94.685748 -9.503061 1.000000
45166 -15.954088 -99.898517 -6.069628 1.000000
45167 -16.359959 -99.310920 -6.673784 1.000000
45168 -16.544200 -99.515155 -7.136927 1.000000
45169 -18.770967 -99.170297 -13.534784 1.000000
45170 -18.190855 -98.998487 -13.307094 1.000000
45171 -18.424589 -99.021666 -14.137800 1.000000
45172 -18.156730 -98.782018 -14.572605 1.000000
45173 -18.716877 -98.897047 -14.829064 1.000000
46449 -12.489892 -92.693068 -9.266280 1.000000
46450 -11.843803 -92.605352 -9.266755 1.000000
46451 -12.506557 -92.296764 -8.748495 1.000000
46966 -24.713423 -98.119065 -6.807511 1.000000
46967 -24.381656 -98.098710 -7.702398 1.000000
46968 -24.912521 -97.730301 -7.325347 1.000000
46969 -27.338451 -95.363006 -9.862452 1.000000
46970 -26.773077 -95.642447 -10.375499 1.000000
46971 -27.537709 -95.342875 -10.655896 1.000000
46972 -27.723039 -95.290102 -11.402813 1.000000
46973 -28.217249 -94.808571 -10.933756 1.000000
48237 -8.019079 -84.304281 0.495972 1.000000
48238 -8.779798 -84.086820 0.733222 1.000000
48239 -8.136194 -83.872795 0.951676 1.000000
48240 -8.297757 -83.356984 1.346819 1.000000
48241 -7.536877 -83.539672 1.097352 1.000000
48242 -6.948416 -83.209582 1.220232 1.000000
48243 -6.895383 -83.640739 0.799044 1.000000
48244 -3.791862 -84.184609 -2.557864 1.000000
48245 -3.836339 -83.730601 -1.966692 1.000000
48246 -3.791058 -83.535470 -2.653997 1.000000
48247 -3.952298 -82.978897 -2.770482 1.000000
48248 -3.972384 -83.428912 -3.318751 1.000000
49579 -14.033734 -94.742641 -6.851381 1.000000
49580 -13.834982 -94.344430 -6.502921 1.000000
49581 -13.175565 -94.932884 -7.301187 1.000000
49582 -12.359072 -95.107019 -7.661437 1.000000
49583 -12.628398 -95.431760 -8.054839 1.000000
49584 -15.848981 -97.323164 -10.570863 1.000000
49585 -15.739091 -96.989609 -10.170208 1.000000
49586 -15.310613 -97.268477 -11.039333 1.000000
49587 -12.529741 -96.310481 -12.837008 1.000000
49588 -12.241729 -96.698664 -12.500099 1.000000
49589 -12.015735 -96.245222 -12.418485 1.000000
49590 -11.537971 -96.203178 -11.955161 1.000000
49591 -11.814616 -95.809996 -12.279025 1.000000
49592 -11.651922 -95.369764 -12.068679 1.000000
49593 -12.157449 -95.419288 -12.459979 1.000000
49594 -16.787983 -93.958877 -10.101666 1.000000
49595 -16.038254 -93.666919 -10.083032 1.000000
49596 -16.908383 -93.342282 -9.638716 1.000000
49597 -17.040640 -92.689440 -9.171756 1.000000
49598 -17.783526 -92.809841 -9.331642 1.000000
49599 -23.202427 -97.742230 -13.255939 1.000000
49600 -22.801455 -98.165892 -13.502411 1.000000
49601 -23.255518 -97.809017 -14.152667 1.000000
49602 -23.257479 -94.961680 -16.433759 1.000000
49603 -22.652593 -95.720597 -16.528524 1.000000
49604 -22.453619 -95.196500 -16.364601 1.000000
49605 -21.732921 -95.408559 -16.221264 1.000000
49606 -22.338947 -94.660200 -16.056500 1.000000
52292 -15.421011 -101.841874 -1.078172 1.000000
52293 -15.357310 -102.062434 -1.816389 1.000000
52294 -16.194450 -101.966076 -1.792981 1.000000
52295 -16.852841 -101.907633 -2.564399 1.000000
52296 -16.916925 -101.694152 -1.834946 1.000000
53427 -6.558012 -92.727125 -7.121375 1.000000
53428 -6.995744 -92.661723 -6.280381 1.000000
53429 -6.450194 -92.399426 -6.524094 1.000000
53430 -6.277678 -91.949463 -6.094760 1.000000
53431 -5.870514 -92.025332 -6.885752 1.000000
53432 -8.686109 -91.662407 -10.520605 1.000000
53433 -8.166378 -92.179552 -10.688415 1.000000
53434 -8.324960 -91.430865 -10.997305 1.000000
53435 -5.797829 -88.952459 -10.159734 1.000000
53436 -5.554065 -89.526027 -10.278689 1.000000
53437 -5.193358 -89.070559 -9.555811 1.000000
53438 -4.777040 -89.127734 -8.691153 1.000000
53439 -4.851215 -88.550203 -8.711635 1.000000
53440 -4.467590 -88.070497 -7.810465 1.000000
53441 -5.036334 -87.950006 -8.646645 1.000000
53442 -9.285401 -84.676191 -7.030909 1.000000
53443 -8.333397 -85.135542 -6.443202 1.000000
53444 -8.920655 -84.440686 -6.202149 1.000000
53445 -8.653640 -84.037267 -5.490641 1.000000
53446 -9.540675 -83.726622 -6.030296 1.000000
54766 -17.785355 -100.152820 -7.062841 1.000000
54767 -17.798975 -99.676773 -7.843459 1.000000
54768 -18.325087 -99.603958 -7.869656 1.000000
54769 -19.878902 -99.304914 -10.001735 1.000000
54770 -19.224564 -99.231325 -9.939664 1.000000
54771 -19.642595 -99.330239 -11.056704 1.000000
54772 -19.408181 -99.389590 -11.982259 1.000000
54773 -19.975182 -99.434182 -12.127550 1.000000
56049 -15.186023 -91.217257 -7.706943 1.000000
56050 -14.669691 -91.067858 -7.680946 1.000000
56051 -15.476196 -90.504393 -7.379238 1.000000
56566 -26.913570 -97.255386 -5.741557 1.000000
56567 -26.518835 -97.147264 -6.461205 1.000000
56568 -27.034735 -96.835405 -6.240174 1.000000
56569 -27.339472 -95.484160 -6.862447 1.000000
56570 -26.925873 -95.851608 -7.088918 1.000000
56571 -27.047969 -95.357977 -7.594904 1.000000
56572 -27.044764 -95.291957 -8.434029 1.000000
56573 -27.553052 -94.886035 -8.140734 1.000000
57837 -7.553416 -86.394042 -1.059987 1.000000
57838 -8.331193 -86.043872 -0.823200 1.000000
57839 -7.626190 -85.896775 -0.669151 1.000000
57840 -7.802780 -85.309424 -0.222938 1.000000
57841 -7.090019 -85.576206 -0.592385 1.000000
57842 -6.551187 -85.222505 -0.565010 1.000000
57843 -6.413817 -85.794218 -1.002512 1.000000
57844 -5.000114 -86.588852 -2.394790 1.000000
57845 -5.189369 -85.998274 -1.904692 1.000000
57846 -4.597276 -86.019330 -2.378546 1.000000
57847 -4.171623 -85.456282 -2.319059 1.000000
57848 -4.052448 -86.015746 -2.917663 1.000000
59184 -15.431232 -97.684562 -13.763485 1.000000
59185 -14.944525 -97.519897 -13.478302 1.000000
59186 -15.111354 -97.368531 -13.924534 1.000000
59187 -14.863031 -96.538141 -14.006752 1.000000
59188 -14.492330 -96.808031 -13.982015 1.000000
59189 -14.301611 -96.490599 -13.824047 1.000000
59190 -13.708313 -96.427619 -13.585058 1.000000
59191 -14.133382 -96.128590 -13.582495 1.000000
59192 -13.976100 -95.722146 -13.238892 1.000000
59193 -14.635310 -95.764987 -13.348678 1.000000
59194 -16.605280 -95.839955 -12.270912 1.000000
59195 -15.820652 -95.530264 -12.289487 1.000000
59196 -16.628601 -95.435873 -11.715617 1.000000
59197 -16.673611 -94.991796 -11.174634 1.000000
59198 -17.565727 -95.125027 -11.280949 1.000000
59199 -25.932699 -96.233703 -14.643731 1.000000
59200 -25.261326 -96.413672 -15.086271 1.000000
59201 -26.011212 -95.969073 -15.213419 1.000000
63024 -9.830642 -94.258972 -7.286711 1.000000
63025 -9.580133 -93.888551 -6.967041 1.000000
63026 -9.072738 -94.247393 -7.678033 1.000000
63027 -7.739446 -94.157264 -8.782492 1.000000
63028 -7.923722 -94.043054 -8.273547 1.000000
63029 -7.516149 -93.824081 -8.565957 1.000000
63030 -7.208575 -93.460433 -8.150114 1.000000
63031 -7.140489 -93.471482 -8.920691 1.000000
63032 -9.967591 -89.013837 -11.612372 1.000000
63033 -9.124266 -89.522921 -11.696332 1.000000
63034 -9.489045 -88.811383 -12.005432 1.000000
63035 -8.807840 -87.563321 -11.921777 1.000000
63036 -8.556920 -88.291377 -11.982890 1.000000
63037 -8.115871 -88.077024 -11.469669 1.000000
63038 -7.320544 -88.472381 -11.025118 1.000000
63039 -7.757233 -87.872535 -10.811242 1.000000
63040 -7.419473 -87.670237 -10.077673 1.000000
63041 -8.184543 -87.233506 -10.529296 1.000000
66376 -15.782440 -98.311216 -3.725744 1.000000
66377 -16.403075 -97.752474 -4.355657 1.000000
66378 -16.357811 -98.156743 -4.973272 1.000000
66379 -17.052449 -98.190233 -8.018584 1.000000
66380 -16.988046 -97.874768 -7.499686 1.000000
66381 -17.065134 -97.858809 -8.851552 1.000000
66382 -16.765462 -97.664930 -9.527964 1.000000
66383 -16.857702 -97.995058 -10.035960 1.000000
66384 -17.599052 -99.097058 -9.465529 1.000000
66385 -17.270988 -98.966785 -9.257093 1.000000
66386 -17.406724 -98.923221 -10.324626 1.000000
66387 -17.183021 -98.638259 -12.728034 1.000000
66388 -17.030062 -98.604642 -11.804067 1.000000
66389 -16.750949 -98.416708 -12.413880 1.000000
66390 -16.475301 -98.180570 -12.048786 1.000000
66391 -16.415790 -98.267041 -12.898694 1.000000
66392 -16.049201 -98.138005 -13.282270 1.000000
66393 -16.504901 -98.341510 -13.731031 1.000000
66394 -17.466724 -98.288476 -15.104062 1.000000
66395 -16.926261 -98.159559 -14.841353 1.000000
66396 -17.166385 -97.946875 -15.262586 1.000000
66397 -16.906720 -97.593732 -15.156537 1.000000
66398 -17.542696 -97.719885 -15.532147 1.000000
70224 -10.076918 -93.995221 -10.390926 1.000000
70225 -9.468111 -93.995772 -10.130056 1.000000
70226 -10.031207 -93.655616 -10.147063 1.000000
70227 -10.529593 -92.417009 -9.394041 1.000000
70228 -9.984927 -92.839196 -9.703275 1.000000
70229 -9.933745 -92.313953 -9.546715 1.000000
70230 -9.444242 -92.164904 -9.742795 1.000000
70231 -10.024188 -91.654092 -9.418029 1.000000
70232 -13.408989 -90.662979 -7.823593 1.000000
70233 -12.531021 -91.149822 -8.148421 1.000000
70234 -12.843193 -90.409763 -8.026098 1.000000
70235 -12.335354 -89.057513 -8.994263 1.000000
70236 -11.902453 -89.842871 -8.738714 1.000000
70237 -11.512908 -89.572191 -9.186048 1.000000
70238 -10.677449 -90.019792 -9.428528 1.000000
70239 -11.076500 -89.298055 -9.682970 1.000000
70240 -10.694181 -89.149185 -10.420376 1.000000
70241 -11.494797 -88.721700 -10.156590 1.000000
71776 -22.588350 -99.251114 -7.125632 1.000000
71777 -22.486009 -99.245951 -8.119024 1.000000
71778 -22.986755 -99.006422 -8.076981 1.000000
71779 -23.501016 -97.670458 -9.320541 1.000000
71780 -23.218829 -98.056994 -9.558892 1.000000
71781 -23.149502 -97.474746 -10.283472 1.000000
71782 -23.038395 -97.490869 -11.321903 1.000000
71783 -23.416180 -97.133502 -11.004402 1.000000
71784 -25.450591 -96.656717 -7.951007 1.000000
71785 -24.895001 -96.770726 -8.257879 1.000000
71786 -25.005765 -96.330233 -8.893195 1.000000
71787 -25.573581 -96.138515 -11.284665 1.000000
71788 -24.806127 -96.207887 -10.891025 1.000000
71789 -25.016947 -96.380480 -11.749845 1.000000
71790 -24.481792 -96.654132 -12.238630 1.000000
71791 -25.298446 -96.505225 -12.563210 1.000000
71792 -25.615759 -96.553817 -13.316099 1.000000
71793 -26.185563 -96.306056 -12.847296 1.000000
75604 -5.651631 -82.436070 1.492218 1.000000
75605 -5.705413 -81.962325 1.923849 1.000000
75606 -5.104464 -81.975132 1.607195 1.000000
75607 -4.650780 -81.479281 1.682485 1.000000
75608 -4.602653 -81.972830 1.251344 1.000000
75609 -5.420011 -84.317625 -0.452195 1.000000
75610 -5.524167 -83.807752 0.050477 1.000000
75611 -4.835046 -83.851986 -0.327426 1.000000
75612 -3.865099 -82.711622 -0.819804 1.000000
75613 -4.091537 -82.779303 -0.254424 1.000000
75614 -3.891616 -82.219683 -0.253906 1.000000
75615 -3.925361 -81.756502 0.291089 1.000000
75616 -3.843427 -81.583887 -0.369981 1.000000
75617 -3.843213 -80.936410 -0.488558 1.000000
75618 -3.871112 -81.416503 -1.063006 1.000000
75619 -4.604380 -81.876099 -2.767967 1.000000
75620 -4.459247 -81.302002 -2.188439 1.000000
75621 -5.057928 -81.363082 -2.561502 1.000000
75622 -5.647937 -80.900513 -2.283898 1.000000
75623 -5.766788 -81.469826 -2.829915 1.000000
79624 -10.799473 -95.390946 -8.254086 1.000000
79625 -10.486876 -95.129959 -7.850739 1.000000
79626 -10.068926 -95.437057 -8.528693 1.000000
79627 -9.489855 -95.271811 -8.818029 1.000000
79628 -9.896340 -95.552504 -9.082026 1.000000
79629 -17.001651 -96.564606 -6.105769 1.000000
79630 -16.987026 -96.108750 -5.630115 1.000000
79631 -16.880652 -96.148722 -6.964930 1.000000
79632 -15.311655 -96.338704 -9.162825 1.000000
79633 -15.784003 -95.939346 -8.218767 1.000000
79634 -15.087552 -96.020885 -8.597765 1.000000
79635 -14.827779 -95.681645 -8.143176 1.000000
79636 -14.364868 -96.151799 -8.940986 1.000000
79637 -13.940100 -97.354203 -12.711065 1.000000
79638 -14.065985 -97.320601 -11.829904 1.000000
79639 -13.461779 -97.306624 -12.208476 1.000000
79640 -12.206025 -96.975252 -11.121068 1.000000
79641 -12.714696 -97.102530 -10.902235 1.000000
79642 -12.432718 -96.842431 -10.374162 1.000000
79643 -12.835111 -96.499182 -9.645232 1.000000
79644 -12.171106 -96.550338 -9.892744 1.000000
79645 -11.843126 -96.279517 -9.427664 1.000000
79646 -11.578736 -96.521862 -10.175890 1.000000
79647 -10.621495 -95.953666 -10.962935 1.000000
79648 -10.608024 -96.115194 -10.534651 1.000000
79649 -10.300788 -95.764033 -10.684290 1.000000
79650 -9.904105 -95.558532 -10.248736 1.000000
79651 -10.090553 -95.297210 -10.695031 1.000000
79652 -10.010117 -94.842806 -10.668856 1.000000
79653 -10.371470 -94.990678 -10.972351 1.000000
79654 -11.659485 -94.369158 -11.358812 1.000000
79655 -11.252203 -94.283246 -11.087479 1.000000
79656 -11.811657 -93.883403 -10.903990 1.000000
79657 -12.125036 -93.483888 -10.344105 1.000000
79658 -12.456722 -93.450166 -10.554626 1.000000
79659 -13.798391 -94.774328 -12.309858 1.000000
79660 -13.205760 -94.577044 -12.196038 1.000000
79661 -13.887477 -94.272755 -11.759488 1.000000
79662 -14.800168 -93.033418 -10.004273 1.000000
79663 -14.110393 -93.329735 -10.565157 1.000000
79664 -14.385271 -92.890173 -9.889017 1.000000
79665 -13.914668 -92.823327 -9.689169 1.000000
79666 -14.616824 -92.570074 -9.117360 1.000000
79667 -14.781717 -92.201203 -8.516336 1.000000
79668 -15.278287 -92.261180 -8.611766 1.000000
79669 -17.607212 -91.463573 -8.227671 1.000000
79670 -16.907796 -91.451660 -7.937565 1.000000
79671 -17.930752 -90.852141 -7.825051 1.000000
79672 -18.342890 -90.143800 -7.478304 1.000000
79673 -19.090777 -90.074688 -7.939064 1.000000
79674 -22.088936 -99.076845 -10.063367 1.000000
79675 -21.649214 -99.269487 -10.093099 1.000000
79676 -21.867283 -99.052444 -10.991503 1.000000
79677 -21.933582 -98.891199 -13.837212 1.000000
79678 -21.479042 -99.121273 -13.015474 1.000000
79679 -21.267753 -99.116325 -13.816568 1.000000
79680 -20.588456 -99.321127 -13.907165 1.000000
79681 -21.058096 -98.964706 -14.563537 1.000000
79682 -23.852065 -96.923977 -15.828064 1.000000
79683 -23.283474 -97.507708 -15.545842 1.000000
79684 -23.149278 -97.222045 -16.049551 1.000000
79685 -21.618083 -97.345471 -16.338658 1.000000
79686 -21.809185 -97.761646 -16.135082 1.000000
79687 -21.119753 -97.997412 -16.044728 1.000000
79688 -20.592744 -98.559462 -15.695082 1.000000
79689 -20.377355 -98.198228 -16.007148 1.000000
79690 -19.631950 -98.337121 -15.920110 1.000000
79691 -20.180494 -97.809747 -16.196949 1.000000
79692 -20.370333 -96.057378 -15.920676 1.000000
79693 -19.750614 -96.901119 -16.105365 1.000000
79694 -19.631693 -96.444331 -15.818041 1.000000
79695 -18.778771 -96.777648 -15.634980 1.000000
79696 -19.558752 -96.055403 -15.407146 1.000000
79708 -24.235327 -91.671742 -14.050672 1.000000
79709 -24.876900 -91.566987 -14.232852 1.000000
79710 -24.049984 -92.125751 -14.574577 1.000000
79711 -23.931557 -92.585199 -15.059708 1.000000
79712 -23.139236 -92.823833 -14.876345 1.000000
79713 -22.308152 -93.555123 -15.119375 1.000000
79714 -22.428423 -93.129486 -14.622894 1.000000
79715 -21.372274 -93.690649 -13.606769 1.000000
79716 -21.213133 -93.994692 -14.181130 1.000000
79717 -20.590119 -94.538786 -13.922732 1.000000
79718 -19.731564 -95.451146 -14.282793 1.000000
79719 -19.893408 -95.117636 -13.627444 1.000000
79720 -19.082047 -95.590480 -13.284197 1.000000
79721 -20.085648 -94.770394 -12.929947 1.000000
79722 -21.334443 -92.880875 -11.454742 1.000000
79723 -20.381657 -93.926430 -11.659866 1.000000
79724 -20.474819 -93.369409 -11.066118 1.000000
79725 -19.595893 -93.799055 -10.696390 1.000000
79726 -20.564647 -92.746712 -10.544935 1.000000
79730 -22.149190 -89.514799 -11.236448 1.000000
79731 -22.178171 -90.030432 -11.237524 1.000000
79732 -21.565411 -90.319440 -10.621473 1.000000
79733 -20.704277 -91.397859 -10.122719 1.000000
79734 -20.859929 -90.739243 -10.015853 1.000000
79735 -19.950420 -91.022395 -9.538593 1.000000
79736 -20.882603 -90.103380 -10.066618 1.000000
87745 -11.618065 -99.587843 -0.008222 1.000000
87746 -11.527694 -99.276349 0.727433 1.000000
87747 -12.370273 -99.094033 -0.073084 1.000000
87748 -13.229772 -98.493934 -0.206993 1.000000
87749 -13.340372 -98.884948 -0.882405 1.000000
87750 -14.307251 -98.715320 -1.712080 1.000000
87751 -13.427208 -99.366091 -1.558930 1.000000
87752 -13.151184 -100.787096 -2.618477 1.000000
87753 -13.692114 -100.272723 -2.787238 1.000000
87754 -13.858580 -100.761108 -3.384129 1.000000
87755 -14.639066 -100.586623 -4.201327 1.000000
87756 -14.208395 -101.173840 -3.875242 1.000000
87757 -12.285490 -102.063641 -0.798332 1.000000
87758 -12.286397 -101.826735 -1.391954 1.000000
87759 -13.022565 -101.983577 -1.616329 1.000000
87760 -15.264438 -102.193423 -3.344805 1.000000
87761 -14.540517 -102.116801 -3.288193 1.000000
87762 -15.235350 -102.090105 -4.095360 1.000000
87763 -15.270430 -101.654522 -4.732385 1.000000
87764 -15.928874 -101.730056 -4.840514 1.000000
87765 -16.721308 -101.268999 -5.627493 1.000000
87766 -16.698755 -101.662308 -4.880896 1.000000
87767 -18.115647 -101.454616 -4.040643 1.000000
87768 -17.992545 -101.325460 -4.824642 1.000000
87769 -18.665386 -101.095527 -4.774962 1.000000
87770 -19.214610 -100.670815 -5.467854 1.000000
87771 -19.347353 -100.867510 -4.712132 1.000000
87828 -19.186268 -99.927552 -0.447761 1.000000
87829 -18.836752 -100.172773 0.167763 1.000000
87830 -18.568248 -100.326277 -0.419263 1.000000
87831 -17.900841 -100.726515 -0.445482 1.000000
87832 -18.382318 -100.665182 -1.093340 1.000000
87833 -18.371677 -101.022109 -1.802141 1.000000
87834 -19.007267 -100.630842 -1.767643 1.000000
87835 -20.625548 -99.832319 -3.022130 1.000000
87836 -20.157520 -100.371502 -3.076953 1.000000
87837 -20.621967 -100.072488 -3.781171 1.000000
87838 -20.579364 -100.225978 -4.502652 1.000000
87839 -21.150645 -99.785313 -4.493850 1.000000
87840 -21.724686 -99.527448 -5.329506 1.000000
87841 -21.676147 -99.285074 -4.545636 1.000000
87842 -22.893269 -98.384373 -3.879313 1.000000
87843 -22.804759 -98.548859 -4.682241 1.000000
87844 -23.516614 -98.305501 -4.654669 1.000000
87845 -24.066910 -98.291479 -5.357394 1.000000
87846 -24.195300 -98.194748 -4.428610 1.000000
91157 -9.313239 -93.313843 -5.874531 1.000000
91158 -10.127794 -92.884891 -4.997069 1.000000
91159 -9.267169 -92.975192 -5.361592 1.000000
91167 -6.263765 -91.060288 -4.975017 1.000000
91168 -7.014899 -90.698242 -4.246243 1.000000
91169 -6.368405 -90.574659 -4.350133 1.000000
91170 -6.539187 -90.013489 -3.742034 1.000000
91171 -5.771032 -90.444557 -4.486940 1.000000
91172 -8.462531 -93.819484 -10.017683 1.000000
91173 -8.101092 -94.043359 -9.792455 1.000000
91174 -8.054624 -93.671098 -10.060430 1.000000
91175 -7.204269 -92.671826 -10.544405 1.000000
91176 -7.213378 -93.131192 -10.151424 1.000000
91177 -6.821122 -92.671394 -10.188086 1.000000
91178 -6.544245 -92.742324 -9.640467 1.000000
91179 -6.289748 -92.326276 -10.150046 1.000000
91180 -7.587506 -90.301111 -11.738620 1.000000
91181 -7.360995 -90.852566 -11.546788 1.000000
91182 -6.822638 -90.584785 -11.465426 1.000000
91183 -5.299855 -90.502672 -10.120187 1.000000
91184 -5.718482 -90.934038 -10.546950 1.000000
91185 -5.309884 -90.997234 -9.880302 1.000000
91186 -5.474908 -91.550179 -9.425489 1.000000
91187 -5.135962 -91.099717 -8.974662 1.000000
91188 -5.170325 -91.135286 -7.854554 1.000000
91189 -4.989029 -90.661399 -8.210835 1.000000
91190 -4.526698 -89.566119 -6.706895 1.000000
91191 -4.754874 -90.119086 -6.572173 1.000000
91192 -4.670471 -89.742795 -5.706851 1.000000
91193 -4.869813 -89.731365 -4.805374 1.000000
91194 -4.536688 -89.196280 -4.896949 1.000000
91195 -4.491974 -88.553727 -4.157609 1.000000
91196 -4.188909 -88.518210 -5.096090 1.000000
91197 -3.939277 -87.073676 -6.338843 1.000000
91198 -3.729439 -87.142259 -5.443098 1.000000
91199 -3.777718 -86.478181 -5.542289 1.000000
91200 -3.676535 -85.912377 -4.716679 1.000000
91201 -3.882381 -85.836574 -5.534087 1.000000
91202 -6.598962 -87.015077 -8.562231 1.000000
91203 -5.729979 -86.953081 -8.191792 1.000000
91204 -6.235144 -86.569645 -7.786813 1.000000
91205 -6.338891 -85.154466 -5.844418 1.000000
91206 -5.688612 -85.539393 -6.332328 1.000000
91207 -5.360679 -84.837154 -5.643882 1.000000
91208 -4.574385 -84.630027 -5.241750 1.000000
91209 -5.101212 -84.134944 -5.029446 1.000000
91210 -4.987737 -83.519123 -4.513544 1.000000
91211 -5.778795 -83.662920 -4.792305 1.000000
91212 -7.998715 -82.701303 -4.391372 1.000000
91213 -6.980970 -82.652651 -4.204933 1.000000
91214 -7.749780 -82.080930 -3.847517 1.000000
91215 -7.458640 -81.530690 -3.267575 1.000000
91216 -8.432268 -81.479110 -3.497587 1.000000
92764 -18.989647 -99.876143 -7.072316 1.000000
92765 -18.927341 -99.453457 -7.924700 1.000000
92766 -19.603100 -99.446043 -7.911421 1.000000
92767 -20.089962 -99.350497 -8.918469 1.000000
92768 -20.503499 -99.409558 -10.022131 1.000000
93534 -17.005567 -90.055980 -7.066609 1.000000
93535 -16.345348 -89.851618 -7.120860 1.000000
93536 -17.190503 -89.177415 -6.978662 1.000000
93844 -27.836338 -96.508950 -5.288769 1.000000
93845 -27.535817 -96.480764 -6.040127 1.000000
93846 -27.854254 -96.093774 -5.742183 1.000000
93847 -27.722295 -95.549382 -6.187062 1.000000
93848 -27.727101 -95.054425 -6.718757 1.000000
94608 -7.375430 -86.921252 -1.430450 1.000000
94609 -6.845764 -86.686045 -1.381931 1.000000
94610 -6.262665 -86.358570 -1.406671 1.000000
94611 -6.119594 -86.925656 -1.843967 1.000000
94612 -5.456259 -87.088913 -2.423556 1.000000
94613 -4.800798 -87.158486 -2.975446 1.000000
95415 -15.810493 -97.362503 -14.595117 1.000000
95416 -15.289830 -97.232372 -14.310786 1.000000
95417 -15.577290 -97.018965 -14.417635 1.000000
95418 -15.397448 -96.651383 -14.164724 1.000000
95419 -15.246191 -96.246302 -13.846918 1.000000
95420 -15.228955 -95.911808 -13.399704 1.000000
95421 -15.864130 -96.141748 -13.453491 1.000000
95422 -16.569179 -96.120134 -12.991773 1.000000
95423 -17.369039 -96.056677 -12.551556 1.000000
95424 -27.253412 -95.300905 -14.619329 1.000000
95425 -26.706548 -95.511980 -15.177485 1.000000
95426 -27.271535 -94.892807 -15.006002 1.000000
97719 -8.985736 -94.770521 -8.450083 1.000000
97720 -8.713254 -94.496354 -8.179842 1.000000
97721 -8.510231 -94.608247 -8.692625 1.000000
97722 -8.110667 -94.417430 -8.920893 1.000000
97723 -7.757994 -94.167911 -9.209153 1.000000
97724 -10.582611 -87.716885 -12.423895 1.000000
97725 -9.783629 -88.097148 -12.312132 1.000000
97726 -9.993074 -87.379977 -12.603480 1.000000
97727 -9.463083 -86.978331 -12.308550 1.000000
97728 -9.068451 -86.840920 -11.827823 1.000000
97729 -8.819279 -86.643137 -11.050754 1.000000
97730 -9.396214 -85.918598 -11.706715 1.000000
99730 -15.731899 -99.274531 -4.957362 1.000000
99731 -16.291035 -98.578282 -5.584279 1.000000
99732 -16.266869 -98.991677 -6.153072 1.000000
99733 -16.771732 -98.709062 -7.301572 1.000000
99734 -17.094877 -98.441511 -8.554087 1.000000
99735 -18.180031 -99.076279 -11.546819 1.000000
99736 -17.629744 -98.928280 -11.362997 1.000000
99737 -17.923571 -98.967977 -12.384269 1.000000
99738 -17.653503 -98.793298 -13.102856 1.000000
99739 -17.374370 -98.631933 -13.656362 1.000000
99740 -17.046848 -98.504722 -14.073135 1.000000
99741 -17.619152 -98.640427 -14.336339 1.000000
99742 -17.809091 -98.544754 -14.879609 1.000000
99743 -18.097181 -98.347150 -15.434746 1.000000
102039 -11.290047 -93.280345 -10.146912 1.000000
102040 -10.632158 -93.280204 -10.034486 1.000000
102041 -11.237198 -92.919253 -9.705960 1.000000
102042 -11.151938 -92.499949 -9.308273 1.000000
102043 -11.144078 -91.995895 -8.963884 1.000000
102044 -14.082278 -88.952780 -7.992299 1.000000
102045 -13.187025 -89.506976 -8.084254 1.000000
102046 -13.660290 -88.765889 -8.442052 1.000000
102047 -13.264913 -88.567220 -8.895058 1.000000
102048 -12.774229 -88.440135 -9.471911 1.000000
102049 -12.433176 -88.314481 -10.029175 1.000000
102050 -13.287175 -87.961152 -10.027708 1.000000
102970 -23.654461 -98.710164 -7.159377 1.000000
102971 -23.490667 -98.739058 -8.002992 1.000000
102972 -23.948247 -98.441876 -7.901595 1.000000
102973 -23.920041 -97.893454 -8.463304 1.000000
102974 -23.896070 -97.326256 -9.021194 1.000000
102975 -25.906611 -95.806658 -9.114675 1.000000
102976 -25.272338 -96.004084 -9.505241 1.000000
102977 -26.003992 -95.832199 -10.000689 1.000000
102978 -26.165444 -95.901318 -10.835009 1.000000
102979 -26.377598 -95.996715 -11.617529 1.000000
102980 -26.712224 -96.001178 -12.381328 1.000000
102981 -27.259894 -95.681936 -11.934433 1.000000
105268 -6.301970 -82.869947 1.339725 1.000000
105269 -5.655308 -82.878880 1.015667 1.000000
105270 -4.365067 -84.384792 -1.349873 1.000000
105271 -4.403061 -83.869055 -0.818145 1.000000
105272 -4.067032 -83.824962 -1.364548 1.000000
105273 -3.861529 -83.239697 -1.387045 1.000000
105274 -3.819794 -82.629330 -1.545638 1.000000
105275 -3.906209 -81.994124 -1.595681 1.000000
105276 -3.941929 -82.509808 -2.190235 1.000000
105277 -4.212415 -82.407624 -2.788691 1.000000
105278 -4.680789 -82.415774 -3.324023 1.000000
107680 -11.557117 -95.259048 -7.985506 1.000000
107681 -11.190611 -95.698506 -8.623118 1.000000
107682 -16.674668 -96.762963 -8.594709 1.000000
107683 -16.592557 -96.323751 -8.097140 1.000000
107684 -16.165752 -96.651576 -9.171648 1.000000
107685 -15.522951 -96.652001 -9.675263 1.000000
107686 -14.785007 -96.753515 -10.040324 1.000000
107687 -13.086729 -97.120866 -13.065085 1.000000
107688 -13.001679 -97.242616 -12.392686 1.000000
107689 -12.598984 -97.043812 -12.454404 1.000000
107690 -12.161451 -96.916333 -11.857963 1.000000
107691 -11.772230 -96.771248 -11.310999 1.000000
107692 -11.413618 -96.587844 -10.816744 1.000000
107693 -11.391766 -96.490279 -11.445054 1.000000
107694 -11.100342 -96.130945 -11.468579 1.000000
107695 -10.873658 -95.664844 -11.364726 1.000000
107696 -10.758826 -95.165573 -11.262689 1.000000
107697 -11.176033 -95.307723 -11.622853 1.000000
107698 -11.592649 -94.894998 -11.742022 1.000000
107699 -12.133211 -94.413064 -11.700055 1.000000
107700 -15.142491 -94.335414 -11.218200 1.000000
107701 -14.553996 -94.051592 -11.192786 1.000000
107702 -15.231838 -93.865268 -10.623909 1.000000
107703 -15.382382 -93.369447 -10.066123 1.000000
107704 -15.578055 -92.790768 -9.433431 1.000000
107705 -15.812144 -92.311099 -8.783472 1.000000
107706 -16.397124 -92.477478 -9.007467 1.000000
107707 -17.328145 -92.060775 -8.685675 1.000000
107708 -18.373622 -91.419689 -8.621250 1.000000
107709 -22.422740 -98.337136 -11.764904 1.000000
107710 -22.075199 -98.790392 -11.886632 1.000000
107711 -22.399364 -98.496601 -12.765608 1.000000
107712 -22.399412 -98.584436 -13.686971 1.000000
107713 -22.351343 -98.544389 -14.523504 1.000000
107714 -23.607993 -96.081562 -16.420834 1.000000
107715 -22.985615 -96.860290 -16.396450 1.000000
107716 -22.833094 -96.297026 -16.536647 1.000000
107717 -22.114368 -96.542038 -16.530847 1.000000
107718 -21.450317 -96.803941 -16.427739 1.000000
107719 -20.763161 -97.068399 -16.313411 1.000000
107720 -21.227926 -96.245952 -16.306911 1.000000
107721 -21.055637 -95.696859 -16.057028 1.000000
107722 -20.968966 -95.155470 -15.668275 1.000000
107731 -24.393093 -91.193475 -13.520663 1.000000
107732 -23.459176 -91.927148 -13.831533 1.000000
107733 -22.593839 -92.736572 -14.112320 1.000000
107734 -22.759717 -92.353821 -13.599953 1.000000
107735 -22.176785 -92.845321 -13.314835 1.000000
107736 -21.582123 -93.321092 -12.969162 1.000000
107737 -20.961411 -93.842208 -12.606023 1.000000
107738 -21.778852 -92.879191 -12.387739 1.000000
107739 -21.957498 -92.366099 -11.861237 1.000000
107740 -22.056311 -91.808595 -11.514282 1.000000
107744 -22.636728 -88.832036 -11.947454 1.000000
107745 -22.168301 -88.964678 -11.247490 1.000000
107746 -21.665106 -89.145370 -10.619489 1.000000
107747 -22.250798 -88.440962 -11.197970 1.000000
112552 -11.071431 -100.116871 0.131166 1.000000
112553 -11.801215 -99.987224 -0.705917 1.000000
112554 -12.678742 -99.889755 -1.427839 1.000000
112555 -12.086337 -100.368030 -1.321870 1.000000
112556 -12.405557 -100.783914 -1.862792 1.000000
112557 -12.740901 -101.215392 -2.324825 1.000000
112558 -13.853317 -102.161907 -1.001602 1.000000
112559 -13.791883 -102.099791 -1.703246 1.000000
112560 -14.585031 -102.127895 -1.753475 1.000000
112561 -15.314423 -102.177009 -2.588235 1.000000
112562 -16.042685 -102.119274 -3.357769 1.000000
112563 -16.750189 -101.970851 -4.109360 1.000000
112564 -16.806630 -101.991378 -3.336198 1.000000
112565 -17.509503 -101.772159 -3.323154 1.000000
112566 -18.202083 -101.511627 -3.311038 1.000000
112602 -19.983236 -99.599086 -0.517458 1.000000
112603 -19.739976 -99.859379 -1.071993 1.000000
112604 -19.684689 -100.232542 -1.701865 1.000000
112605 -20.199109 -99.725097 -1.653557 1.000000
112606 -20.639013 -99.557959 -2.284303 1.000000
112607 -21.112159 -99.317797 -3.036099 1.000000
112608 -21.616954 -99.060073 -3.803840 1.000000
112609 -21.621751 -98.889075 -3.072586 1.000000
112610 -22.245044 -98.549247 -3.105061 1.000000
112611 -23.037298 -98.327965 -3.085392 1.000000
114599 -7.817547 -93.218073 -6.515930 1.000000
114600 -8.451071 -92.963204 -5.628082 1.000000
114601 -7.585216 -92.881888 -6.021709 1.000000
114606 -6.218505 -91.500573 -5.590160 1.000000
114607 -5.626951 -91.280542 -5.785755 1.000000
114608 -8.519359 -92.955187 -10.192405 1.000000
114609 -8.099268 -93.264207 -10.216255 1.000000
114610 -8.127493 -92.754684 -10.433380 1.000000
114611 -7.697194 -92.469886 -10.701022 1.000000
114612 -7.201286 -92.085063 -10.965240 1.000000
114613 -6.639655 -89.774027 -11.268919 1.000000
114614 -6.382387 -90.331681 -11.178917 1.000000
114615 -5.896606 -89.971118 -10.814671 1.000000
114616 -5.365840 -90.046391 -10.281266 1.000000
114617 -5.051189 -90.080522 -9.479429 1.000000
114618 -4.829365 -90.103686 -8.458341 1.000000
114619 -4.769022 -89.638777 -8.635528 1.000000
114620 -4.541029 -89.281119 -7.717440 1.000000
114621 -4.370508 -88.984929 -6.787967 1.000000
114622 -4.104074 -88.464066 -6.043106 1.000000
114623 -4.196406 -88.366926 -6.943692 1.000000
114624 -4.154420 -87.661117 -7.048124 1.000000
114625 -4.310466 -86.979449 -7.083622 1.000000
114626 -7.881935 -86.093917 -7.634056 1.000000
114627 -6.865032 -86.215764 -7.313393 1.000000
114628 -7.641379 -85.739337 -6.796963 1.000000
114629 -7.314786 -85.268117 -6.070202 1.000000
114630 -7.028337 -84.568225 -5.489579 1.000000
114631 -6.688889 -83.826430 -5.005929 1.000000
114632 -7.672437 -83.970048 -5.241628 1.000000
114633 -8.337889 -83.351396 -4.960073 1.000000
114634 -8.980021 -82.638919 -4.593079 1.000000
116608 -16.708417 -100.297302 -6.810287 1.000000
116609 -16.888982 -99.681363 -7.505295 1.000000
116610 -17.308187 -99.715300 -7.741133 1.000000
116611 -17.747378 -99.279374 -8.662517 1.000000
116612 -18.064037 -99.154040 -9.684904 1.000000
116613 -18.759632 -99.187851 -8.785146 1.000000
116614 -18.612659 -99.196248 -9.844630 1.000000
116615 -18.407762 -99.159725 -10.757344 1.000000
116616 -18.763553 -99.231385 -11.798900 1.000000
116617 -19.110642 -99.299468 -12.807897 1.000000
116618 -19.376840 -99.291034 -13.747070 1.000000
118404 -13.793127 -92.021070 -8.376511 1.000000
118405 -13.145610 -91.895565 -8.331760 1.000000
118406 -13.905683 -91.509432 -7.957358 1.000000
118407 -14.096860 -90.965964 -7.664735 1.000000
118408 -14.260855 -90.049572 -7.504776 1.000000
118409 -15.746402 -89.697592 -7.170863 1.000000
118410 -15.186480 -89.417651 -7.306942 1.000000
118411 -14.584936 -89.139543 -7.604045 1.000000
118412 -14.951253 -88.384882 -7.977141 1.000000
119128 -25.866639 -97.735889 -6.282643 1.000000
119129 -25.415508 -97.559653 -7.030597 1.000000
119130 -25.962543 -97.384803 -6.743619 1.000000
119131 -26.015325 -96.988820 -7.182729 1.000000
119132 -25.954828 -96.416049 -7.686707 1.000000
119133 -26.989369 -96.371844 -6.658671 1.000000
119134 -26.464572 -96.160941 -7.384880 1.000000
119135 -26.057856 -95.946975 -8.202419 1.000000
119136 -26.517529 -95.583387 -8.755365 1.000000
119137 -27.149500 -95.294699 -9.214471 1.000000
119138 -27.802698 -94.830371 -9.573802 1.000000
120912 -7.968524 -84.856093 0.153754 1.000000
120913 -7.327728 -84.510393 0.239683 1.000000
120914 -6.794223 -84.149092 0.355834 1.000000
120915 -6.650841 -84.672347 -0.102789 1.000000
120916 -6.042148 -84.746435 -0.559386 1.000000
120917 -5.398551 -84.856734 -0.987795 1.000000
120918 -5.791937 -85.969739 -1.455592 1.000000
120919 -5.293318 -85.473187 -1.450287 1.000000
120920 -4.779384 -84.938005 -1.394648 1.000000
120921 -4.259765 -84.896177 -1.819021 1.000000
120922 -3.923694 -84.781334 -2.439564 1.000000
120923 -3.736969 -84.650591 -3.153054 1.000000
122791 -14.902109 -94.546534 -6.355732 1.000000
122792 -14.302423 -95.038772 -7.271714 1.000000
122793 -15.386820 -97.659595 -12.449100 1.000000
122794 -15.036984 -97.461775 -11.993252 1.000000
122795 -14.911890 -97.542718 -12.841022 1.000000
122796 -14.436928 -97.421318 -13.156958 1.000000
122797 -13.996829 -97.258627 -13.373894 1.000000
122798 -14.739498 -97.094320 -14.070488 1.000000
122799 -14.183028 -97.014092 -13.754042 1.000000
122800 -13.587255 -97.072430 -13.543946 1.000000
122801 -13.322543 -96.750468 -13.456393 1.000000
122802 -13.109037 -96.369557 -13.243749 1.000000
122803 -12.897197 -95.933996 -13.005484 1.000000
122804 -12.707319 -95.511377 -12.729662 1.000000
122805 -13.299078 -95.580064 -13.024704 1.000000
122806 -13.851564 -95.267557 -12.777083 1.000000
122807 -14.447573 -95.014572 -12.306402 1.000000
122808 -15.183749 -95.560573 -12.885022 1.000000
122809 -15.116013 -95.211893 -12.321449 1.000000
122810 -15.111716 -94.757795 -11.796366 1.000000
122811 -15.852258 -94.682418 -11.166628 1.000000
122812 -16.712813 -94.512649 -10.577398 1.000000
122813 -17.684156 -94.087347 -10.137720 1.000000
122814 -24.363058 -96.978858 -14.152812 1.000000
122815 -23.837868 -97.292706 -14.577907 1.000000
122816 -24.462624 -96.857443 -14.856257 1.000000
122817 -24.588160 -96.623614 -15.480741 1.000000
122818 -24.552694 -96.306995 -15.920922 1.000000
122819 -26.076773 -95.563002 -15.688784 1.000000
122820 -25.303477 -95.761552 -16.024413 1.000000
122821 -24.447093 -95.888019 -16.231827 1.000000
122822 -24.302540 -95.392041 -16.445680 1.000000
122823 -24.165664 -94.858557 -16.453663 1.000000
122824 -24.005594 -94.270416 -16.239056 1.000000
126584 -11.686434 -102.186367 0.062940 1.000000
126585 -12.395627 -102.268592 -0.197210 1.000000
126587 -12.681378 -102.439560 0.538742 1.000000
126588 -13.175569 -102.260686 -0.290801 1.000000
126589 -13.944404 -102.155685 -0.292064 1.000000
126590 -14.714823 -101.943836 -0.306195 1.000000
126591 -15.549472 -101.664960 -0.409189 1.000000
128172 -9.294244 -93.618371 -6.479923 1.000000
128173 -8.626175 -93.658648 -6.776796 1.000000
128174 -8.497344 -94.173506 -8.002880 1.000000
128175 -8.206372 -93.910791 -7.667637 1.000000
128176 -7.923500 -93.580484 -7.085669 1.000000
128177 -7.395833 -93.384683 -7.310146 1.000000
128178 -6.842982 -93.151443 -7.595782 1.000000
128179 -6.367061 -92.816293 -8.057442 1.000000
128180 -9.169808 -90.181820 -10.938726 1.000000
128181 -8.528526 -90.732522 -11.212378 1.000000
128182 -8.771880 -90.102591 -11.462418 1.000000
128183 -8.327413 -89.965045 -11.849808 1.000000
128184 -7.913358 -89.689888 -11.900854 1.000000
128185 -8.993546 -88.553347 -12.205981 1.000000
128186 -8.249336 -89.024268 -11.998710 1.000000
128187 -7.428052 -89.430884 -11.690659 1.000000
128188 -6.964494 -89.128241 -11.205866 1.000000
128189 -6.514338 -88.733599 -10.605929 1.000000
128190 -6.115307 -88.354357 -9.989988 1.000000
128191 -5.737998 -87.912522 -9.295952 1.000000
128192 -6.549696 -87.845758 -9.694586 1.000000
128193 -7.016649 -87.401927 -9.312068 1.000000
128194 -7.516505 -86.914010 -8.905976 1.000000
128195 -8.686640 -86.533934 -10.224974 1.000000
128196 -8.455664 -86.467646 -9.378331 1.000000
128197 -8.172376 -86.322069 -8.505144 1.000000
128198 -8.804205 -85.619912 -8.155933 1.000000
128199 -9.458341 -84.786147 -7.910814 1.000000
128200 -9.942599 -83.927430 -7.697955 1.000000
130777 -7.839091 -88.145643 -2.350272 1.000000
130778 -6.958893 -88.637128 -2.688690 1.000000
132460 -15.852572 -97.383320 -2.570091 1.000000
132461 -16.482292 -96.783690 -3.317841 1.000000
132462 -16.448131 -97.304277 -3.785573 1.000000
132463 -16.818691 -97.113587 -5.222364 1.000000
132464 -16.994465 -97.022027 -6.583845 1.000000
132465 -16.766261 -97.961560 -6.283353 1.000000
132466 -17.008664 -97.447008 -7.093231 1.000000
132467 -17.014248 -97.018078 -7.903309 1.000000
132468 -16.707340 -97.229227 -9.081992 1.000000
132469 -16.334020 -97.483747 -10.107609 1.000000
132470 -16.052363 -97.679883 -11.094680 1.000000
132471 -17.025311 -99.167600 -8.220015 1.000000
132472 -17.139118 -98.694548 -9.001444 1.000000
132473 -17.093845 -98.458156 -9.740231 1.000000
132474 -17.236661 -98.747425 -11.095800 1.000000
132475 -17.007574 -98.527595 -10.755229 1.000000
132476 -16.906800 -98.289594 -10.423407 1.000000
132477 -16.631039 -98.126508 -11.042375 1.000000
132478 -16.266046 -97.954527 -11.614166 1.000000
132479 -15.824966 -97.811915 -12.047282 1.000000
132480 -15.655411 -97.902082 -12.872305 1.000000
132481 -15.714774 -97.967751 -13.558661 1.000000
132482 -15.868185 -97.874463 -14.153181 1.000000
132483 -16.664481 -98.292120 -14.341764 1.000000
132484 -16.325910 -98.008581 -14.524254 1.000000
132485 -16.081963 -97.675920 -14.638265 1.000000
132486 -16.331764 -97.463794 -14.860090 1.000000
132487 -16.698632 -97.255111 -14.967254 1.000000
132488 -17.236236 -97.016051 -15.033737 1.000000
137334 -9.176952 -94.633080 -10.091505 1.000000
137335 -8.701055 -94.519392 -9.851316 1.000000
137336 -9.016473 -94.266050 -10.110979 1.000000
137337 -8.931024 -93.912944 -10.074249 1.000000
137338 -8.912113 -93.541279 -10.034546 1.000000
137339 -10.001795 -93.283534 -9.943382 1.000000
137340 -9.398387 -93.216024 -9.937602 1.000000
137341 -8.930847 -93.105443 -10.027890 1.000000
137342 -8.974332 -92.592686 -10.038046 1.000000
137343 -9.022920 -91.927618 -10.053759 1.000000
137344 -9.230936 -91.093116 -10.158548 1.000000
137345 -12.437319 -91.781579 -8.399471 1.000000
137346 -11.790890 -91.593578 -8.552323 1.000000
137347 -11.238447 -91.431417 -8.754618 1.000000
137348 -12.367884 -90.143539 -8.369436 1.000000
137349 -11.517629 -90.684853 -8.670354 1.000000
137350 -10.713280 -91.166377 -9.059615 1.000000
137351 -10.280787 -90.786889 -9.303197 1.000000
137352 -9.874281 -90.510637 -9.760465 1.000000
137353 -9.524675 -90.295546 -10.355099 1.000000
137354 -9.937850 -89.586817 -10.695714 1.000000
137355 -10.327931 -89.092873 -11.068231 1.000000
137356 -10.777681 -88.578843 -11.510756 1.000000
137357 -11.966821 -88.249102 -10.759397 1.000000
137358 -11.586013 -88.143140 -11.377507 1.000000
137359 -11.128351 -87.981082 -11.975650 1.000000
137360 -11.450575 -87.366924 -12.515427 1.000000
139246 -21.518204 -99.700175 -7.052813 1.000000
139247 -21.419534 -99.565215 -7.983928 1.000000
139248 -22.018559 -99.428713 -8.038713 1.000000
139249 -22.318561 -99.181905 -9.094656 1.000000
139250 -22.497868 -98.779067 -9.951418 1.000000
139251 -23.229053 -98.657951 -8.821943 1.000000
139252 -22.878811 -98.428153 -9.788133 1.000000
139253 -22.617055 -98.324381 -10.761335 1.000000
139254 -22.749938 -97.897157 -11.563201 1.000000
139255 -23.103535 -97.620957 -12.317483 1.000000
139256 -23.590231 -97.358994 -12.987739 1.000000
139257 -24.900289 -97.288698 -7.810661 1.000000
139258 -24.364615 -96.992195 -8.647988 1.000000
139259 -23.984477 -96.798725 -9.596903 1.000000
139260 -24.754638 -96.134596 -9.890871 1.000000
139261 -24.301885 -96.413814 -10.219570 1.000000
139262 -23.848370 -96.780628 -10.633471 1.000000
139263 -23.860624 -96.851043 -11.661556 1.000000
139264 -24.003457 -96.987084 -12.661208 1.000000
139265 -24.208050 -97.020641 -13.431137 1.000000
139266 -24.982547 -96.756309 -13.769071 1.000000
139267 -25.792835 -96.430428 -14.012431 1.000000
139268 -26.559956 -96.044429 -14.135265 1.000000
139269 -26.976340 -95.929489 -13.051745 1.000000
139270 -27.157547 -95.799170 -13.661629 1.000000
139271 -27.212001 -95.617235 -14.208384 1.000000
139272 -27.853306 -94.980247 -14.092270 1.000000
139276 -28.139079 -94.602391 -6.473870 1.000000
139277 -28.026987 -94.544418 -7.183348 1.000000
139279 -28.465921 -93.961410 -7.682106 1.000000
139280 -28.004095 -94.450891 -7.890327 1.000000
139281 -28.158819 -94.328173 -8.545797 1.000000
139282 -28.249618 -94.308227 -9.209669 1.000000
139283 -28.400427 -94.285749 -9.851630 1.000000
139291 -29.058259 -93.708582 -10.051358 1.000000
139292 -28.620875 -94.256192 -10.481635 1.000000
139293 -28.879536 -94.255619 -11.058972 1.000000
143931 -6.240753 -83.735861 0.412711 1.000000
143932 -5.614762 -83.316989 0.525325 1.000000
143933 -5.021843 -82.882509 0.667715 1.000000
143934 -4.420978 -83.379194 -0.221461 1.000000
143935 -4.481372 -82.825169 0.223797 1.000000
143936 -4.591771 -82.420729 0.763242 1.000000
143937 -4.185236 -81.913583 0.827671 1.000000
143943 -4.037981 -81.288606 -1.724431 1.000000
148783 -10.614037 -94.172962 -6.805624 1.000000
148784 -10.082792 -94.551846 -7.434237 1.000000
148786 -10.236700 -94.862439 -7.606306 1.000000
148787 -9.554688 -94.858468 -8.050110 1.000000
148788 -9.195854 -95.024005 -8.661270 1.000000
148789 -9.084132 -95.118187 -9.144814 1.000000
148790 -9.136225 -95.146611 -9.616858 1.000000
148791 -16.940556 -96.153118 -4.210263 1.000000
148794 -16.414464 -95.928654 -7.723595 1.000000
148798 -14.560193 -95.349878 -7.725722 1.000000
148799 -13.757019 -95.528744 -8.081110 1.000000
148800 -14.690605 -97.281508 -11.454359 1.000000
148801 -14.357962 -97.086050 -10.938696 1.000000
148802 -14.090269 -96.881494 -10.391156 1.000000
148803 -13.025437 -97.240575 -11.661168 1.000000
148804 -13.399402 -97.003944 -10.671481 1.000000
148805 -13.844180 -96.651889 -9.824330 1.000000
148806 -13.567084 -96.371368 -9.342965 1.000000
148807 -13.276019 -96.071079 -8.889211 1.000000
148808 -12.932113 -95.777661 -8.427580 1.000000
148809 -12.202361 -95.914230 -8.722148 1.000000
148810 -11.530891 -96.007884 -9.000902 1.000000
148811 -10.903849 -96.012130 -9.207822 1.000000
148812 -11.045165 -96.366227 -10.361876 1.000000
148813 -10.669416 -96.136309 -9.945100 1.000000
148814 -10.266355 -95.878392 -9.475962 1.000000
148815 -9.820515 -95.628828 -9.693278 1.000000
148816 -9.527688 -95.327437 -9.874735 1.000000
148817 -9.326175 -94.976813 -10.003596 1.000000
148818 -9.617520 -94.727516 -10.348592 1.000000
148819 -10.040287 -94.367720 -10.559930 1.000000
148820 -10.526474 -94.068259 -10.616930 1.000000
148821 -10.751643 -94.637476 -11.158928 1.000000
148822 -10.888969 -94.169825 -10.854308 1.000000
148823 -11.070664 -93.722962 -10.497613 1.000000
148824 -11.666561 -93.369417 -10.217395 1.000000
148825 -12.335228 -93.065098 -9.780729 1.000000
148826 -12.972781 -92.716143 -9.344020 1.000000
148827 -12.633923 -94.978318 -12.419901 1.000000
148828 -12.650609 -94.462387 -11.997706 1.000000
148829 -12.751018 -93.996599 -11.458624 1.000000
148830 -13.955271 -93.796588 -11.183550 1.000000
148831 -13.404038 -93.627699 -11.088042 1.000000
148832 -12.944079 -93.509540 -10.825687 1.000000
148833 -13.189082 -93.109705 -10.145864 1.000000
148834 -13.445257 -92.760794 -9.497870 1.000000
148835 -13.658374 -92.411682 -8.870794 1.000000
148836 -14.288538 -92.095427 -8.448989 1.000000
148837 -14.944284 -91.749340 -8.020533 1.000000
148838 -15.712382 -91.353275 -7.732164 1.000000
148839 -16.036790 -91.912299 -8.171789 1.000000
148840 -16.307868 -91.419354 -7.764216 1.000000
148841 -16.650537 -90.796404 -7.388616 1.000000
148842 -17.648136 -90.126127 -7.164048 1.000000
148845 -21.250926 -99.453241 -8.991074 1.000000
148846 -21.055859 -99.407077 -10.037549 1.000000
148847 -20.811595 -99.471293 -11.123907 1.000000
148848 -21.676783 -99.073015 -12.009107 1.000000
148849 -21.133859 -99.308372 -12.093025 1.000000
148850 -20.551251 -99.439003 -12.142428 1.000000
148851 -20.271327 -99.404164 -13.060112 1.000000
148852 -19.985357 -99.353731 -13.880665 1.000000
148853 -19.703655 -99.220090 -14.571306 1.000000
148854 -23.320042 -97.701535 -14.898462 1.000000
148855 -22.805080 -98.032311 -15.150983 1.000000
148856 -22.205371 -98.351359 -15.218610 1.000000
148857 -22.512648 -97.512417 -16.190698 1.000000
148858 -22.012735 -98.097265 -15.759684 1.000000
148859 -21.535812 -98.587081 -15.196913 1.000000
148860 -20.833632 -98.777637 -15.200325 1.000000
148861 -20.114306 -98.969504 -15.184233 1.000000
148862 -19.435568 -99.013656 -15.072772 1.000000
148863 -19.171048 -98.720931 -15.451327 1.000000
148864 -18.861640 -98.373815 -15.735967 1.000000
148865 -18.558281 -98.057009 -15.854899 1.000000
148866 -20.009793 -97.392105 -16.262274 1.000000
148867 -19.146148 -97.648479 -16.105475 1.000000
148868 -18.293628 -97.707972 -15.855242 1.000000
148869 -18.079318 -97.325705 -15.703356 1.000000
148870 -17.942196 -96.964672 -15.308824 1.000000
148871 -17.949456 -96.661016 -14.847646 1.000000
148879 -24.669910 -93.544513 -15.951371 1.000000
148880 -23.881260 -93.662865 -15.884820 1.000000
148888 -23.865687 -93.104780 -15.493860 1.000000
148889 -23.054777 -93.839407 -15.814275 1.000000
148890 -22.288170 -94.099000 -15.618782 1.000000
148891 -21.660946 -94.284609 -15.391230 1.000000
148892 -21.029489 -94.676301 -15.210522 1.000000
148893 -21.801645 -93.518995 -14.389516 1.000000
148894 -21.094818 -94.318174 -14.715653 1.000000
148895 -20.287540 -95.243432 -15.033582 1.000000
148896 -19.602939 -95.763087 -14.853111 1.000000
148897 -18.838948 -96.140251 -14.594516 1.000000
148898 -17.998930 -96.416302 -14.290820 1.000000
148899 -18.120967 -96.202433 -13.626068 1.000000
148900 -18.265789 -95.908239 -12.910528 1.000000
148901 -18.401191 -95.529094 -12.220779 1.000000
148902 -20.244582 -94.401322 -12.282488 1.000000
148903 -19.437393 -94.814599 -11.918785 1.000000
148904 -18.528411 -95.055960 -11.536303 1.000000
148905 -18.626636 -94.544880 -10.878670 1.000000
148906 -18.654553 -94.010398 -10.283121 1.000000
148907 -18.659541 -93.416303 -9.840589 1.000000
148909 -22.701543 -90.788223 -11.713136 1.000000
148910 -22.097422 -91.216892 -11.265064 1.000000
148912 -22.139296 -90.612940 -11.158482 1.000000
148913 -21.431323 -91.639854 -10.770226 1.000000
148914 -20.614674 -92.068687 -10.293965 1.000000
148915 -19.693634 -92.472963 -9.880468 1.000000
148916 -18.743321 -92.737265 -9.562185 1.000000
148917 -18.911850 -92.000388 -9.293567 1.000000
148918 -19.162353 -91.279373 -9.030120 1.000000
148919 -19.471310 -90.521529 -8.833107 1.000000
148920 -21.093590 -89.415096 -9.925307 1.000000
148921 -20.499624 -89.584090 -9.218275 1.000000
148922 -19.833332 -89.810938 -8.578578 1.000000
158522 -14.882497 -96.844308 -0.501859 1.000000
158523 -14.977692 -97.185470 -1.017520 1.000000
158549 -14.110548 -97.871639 -0.513897 1.000000
158550 -15.091388 -97.596750 -1.515562 1.000000
158551 -15.105280 -98.036207 -2.067478 1.000000
158552 -15.097084 -98.517224 -2.710581 1.000000
158553 -15.110779 -99.028885 -3.329694 1.000000
158554 -13.559812 -99.813476 -2.183251 1.000000
158555 -14.403941 -99.772878 -2.985919 1.000000
158556 -15.109894 -99.537879 -3.922373 1.000000
158557 -15.115744 -99.983349 -4.517597 1.000000
158558 -15.346577 -100.314349 -5.169257 1.000000
158559 -15.647247 -100.493856 -5.682418 1.000000
158561 -12.515710 -101.485536 -1.889900 1.000000
158562 -13.175515 -101.559043 -2.701305 1.000000
158563 -13.822353 -102.031164 -2.455411 1.000000
158564 -13.843630 -101.886079 -3.106273 1.000000
158565 -13.956718 -101.569884 -3.553654 1.000000
158566 -14.754791 -101.441287 -4.454853 1.000000
158567 -15.440038 -101.096191 -5.274942 1.000000
158568 -16.137837 -100.702457 -6.053204 1.000000
158569 -16.747806 -100.798108 -6.289872 1.000000
158570 -17.363260 -100.735977 -6.381928 1.000000
158571 -17.817842 -100.598760 -6.288724 1.000000
158572 -17.379932 -101.577222 -4.876774 1.000000
158573 -17.904542 -101.052202 -5.592005 1.000000
158574 -18.471187 -100.466467 -6.282849 1.000000
158575 -19.118102 -100.295641 -6.248461 1.000000
158576 -19.781109 -100.173965 -6.198110 1.000000
158577 -20.439250 -100.081101 -6.158045 1.000000
158639 -15.751418 -101.542830 0.247535 1.000000
158640 -16.378205 -101.360455 -0.449125 1.000000
158648 -17.166289 -101.055406 -0.451145 1.000000
158649 -17.099544 -101.324104 -1.128735 1.000000
158650 -17.666420 -101.376086 -1.834137 1.000000
158651 -18.295055 -101.326309 -2.564071 1.000000
158652 -18.881919 -101.156555 -3.246276 1.000000
158653 -19.636646 -100.564130 -2.395608 1.000000
158654 -19.538132 -100.744821 -3.140522 1.000000
158655 -19.453777 -100.878812 -3.931539 1.000000
158656 -20.007191 -100.578934 -4.626990 1.000000
158657 -20.572269 -100.229546 -5.325675 1.000000
158658 -21.092907 -99.939592 -6.145271 1.000000
158659 -21.689476 -99.659570 -6.164579 1.000000
158660 -22.222834 -99.370964 -6.188914 1.000000
158661 -22.758640 -99.068359 -6.263542 1.000000
158662 -22.212576 -98.870002 -4.620591 1.000000
158663 -22.773314 -98.789968 -5.478392 1.000000
158664 -23.324039 -98.765463 -6.325271 1.000000
158665 -23.917278 -98.496787 -6.266971 1.000000
158666 -24.503596 -98.250411 -6.081670 1.000000
158667 -25.077997 -98.057359 -5.853330 1.000000
158669 -23.297496 -98.213315 -2.365453 1.000000
158670 -23.762209 -98.146729 -3.015648 1.000000
158672 -24.457861 -98.034970 -2.893380 1.000000
158673 -24.320330 -98.120347 -3.618052 1.000000
158674 -24.849445 -98.110773 -4.234118 1.000000
158675 -25.326941 -98.029651 -4.941288 1.000000
158676 -25.681823 -97.920053 -5.610326 1.000000
158677 -26.299890 -97.788550 -5.342539 1.000000
158678 -26.842514 -97.547524 -5.133767 1.000000
158679 -27.365662 -97.200394 -4.895473 1.000000
158681 -27.586080 -96.999101 -3.906877 1.000000
158682 -27.779285 -96.757427 -4.638055 1.000000
158683 -28.100178 -96.226685 -4.422233 1.000000
162640 -9.184572 -92.537239 -4.707659 1.000000
162653 -6.750551 -89.352064 -3.185211 1.000000
162654 -6.063415 -89.175157 -3.188685 1.000000
162655 -8.277321 -94.360642 -9.618447 1.000000
162656 -7.887708 -94.143674 -9.532129 1.000000
162657 -7.536070 -93.888372 -9.532340 1.000000
162658 -7.639365 -93.487911 -10.124479 1.000000
162659 -7.356077 -93.540601 -9.862565 1.000000
162660 -7.201707 -93.524463 -9.467203 1.000000
162661 -6.816295 -93.150899 -9.221056 1.000000
162662 -6.388250 -92.770591 -8.939370 1.000000
162663 -5.966268 -92.452504 -8.409293 1.000000
162664 -7.856034 -91.177531 -11.358518 1.000000
162665 -7.255623 -91.497436 -11.285922 1.000000
162666 -6.678827 -91.670163 -11.033484 1.000000
162667 -6.247508 -90.754308 -11.096333 1.000000
162668 -6.175420 -91.237754 -10.881152 1.000000
162669 -6.190332 -91.797374 -10.585857 1.000000
162670 -5.825892 -91.879778 -9.910810 1.000000
162671 -5.680982 -91.989696 -8.906676 1.000000
162672 -5.680162 -91.992117 -7.873926 1.000000
162673 -5.456261 -91.576271 -7.358650 1.000000
162674 -5.329255 -91.195777 -6.786849 1.000000
162675 -5.219853 -90.909585 -6.068528 1.000000
162676 -4.838393 -90.316109 -7.342726 1.000000
162677 -4.915079 -90.555184 -6.365273 1.000000
162678 -5.225111 -90.574875 -5.330920 1.000000
162679 -5.286357 -90.132423 -4.616712 1.000000
162680 -5.349962 -89.539044 -3.907679 1.000000
162681 -5.539054 -88.805340 -3.288764 1.000000
162682 -5.069594 -88.370711 -3.431910 1.000000
162683 -4.600016 -87.794304 -3.541616 1.000000
162684 -4.225057 -87.245651 -3.691569 1.000000
162685 -3.880799 -87.813690 -5.266783 1.000000
162686 -3.824730 -87.237619 -4.532046 1.000000
162687 -3.903485 -86.656027 -3.748897 1.000000
162688 -3.720883 -85.974813 -3.842639 1.000000
162689 -3.683921 -85.274532 -3.928923 1.000000
162690 -3.705489 -84.580272 -3.963077 1.000000
162691 -5.312537 -87.389402 -8.503119 1.000000
162692 -4.884956 -86.857177 -7.703500 1.000000
162693 -4.608421 -86.358339 -7.033393 1.000000
162694 -5.917686 -86.067125 -7.026889 1.000000
162695 -5.080060 -85.899115 -6.736568 1.000000
162696 -4.417029 -85.798353 -6.266595 1.000000
162697 -4.197220 -85.183308 -5.447045 1.000000
162698 -4.021310 -84.550783 -4.676961 1.000000
162699 -3.957211 -83.987027 -3.954188 1.000000
162700 -4.355132 -83.471544 -3.969571 1.000000
162701 -4.801612 -83.005883 -3.926483 1.000000
162702 -5.325813 -82.500443 -3.724132 1.000000
162703 -6.404039 -83.158448 -4.553658 1.000000
162704 -6.129369 -82.556918 -4.018568 1.000000
162705 -5.918558 -82.023725 -3.458509 1.000000
162706 -6.563274 -81.528731 -3.048953 1.000000
162770 -10.533797 -83.301105 -8.319833 1.000000
162771 -10.518327 -83.283260 -7.454565 1.000000
162779 -11.202769 -82.707226 -7.246962 1.000000
162780 -10.406199 -83.290331 -6.610742 1.000000
162781 -10.222572 -82.979418 -5.732887 1.000000
162782 -9.984212 -82.424663 -4.887870 1.000000
162783 -9.764222 -81.875801 -4.206834 1.000000
162785 -10.420122 -81.033535 -4.021079 1.000000
162786 -9.453589 -81.350505 -3.711940 1.000000
162787 -9.088962 -80.780886 -3.215418 1.000000
