#
2075
6 -36.106244 -85.611776 -1.847936 1.000000
87 -19.866649 -88.014260 -7.449499 1.000000
206 -28.355191 -94.936334 -4.693714 1.000000
207 -29.086541 -93.313418 -14.055109 1.000000
208 -38.932510 -87.265767 -8.024962 1.000000
350 -22.324914 -78.633927 -5.763274 1.000000
445 -28.780842 -85.826904 -16.289312 1.000000
568 -27.207984 -85.310258 1.829814 1.000000
578 -22.158597 -96.542493 1.601277 1.000000
628 -11.229493 -85.245185 -13.147339 1.000000
686 -29.770000 -89.342706 -5.356158 1.000000
687 -32.302797 -90.898365 -8.020259 1.000000
688 -37.437964 -88.009387 -4.913805 1.000000
980 -29.557846 -89.454435 -15.078442 1.000000
1278 -21.554422 -96.662521 7.246715 1.000000
1279 -24.046492 -92.654809 6.896061 1.000000
1280 -23.774005 -90.904504 1.872626 1.000000
1406 -15.316550 -87.373510 -9.597505 1.000000
1407 -25.336500 -72.217271 -4.441835 1.000000
1408 -19.865699 -76.344810 -7.468021 1.000000
1525 -34.102634 -89.608081 -10.429002 1.000000
1779 -23.753505 -83.335452 -11.750219 1.000000
1780 -20.119267 -83.704911 -8.329129 1.000000
1996 -23.863446 -90.563565 -12.550320 1.000000
1997 -23.313282 -86.814009 -13.068578 1.000000
1998 -29.694110 -82.636766 -13.143869 1.000000
2342 -31.152019 -82.375623 5.665247 1.000000
2343 -33.417910 -81.489094 3.096516 1.000000
2344 -31.031866 -84.938608 -1.478362 1.000000
2370 -21.653935 -98.742314 -1.184542 1.000000
2371 -25.844516 -95.757760 -0.966982 1.000000
2372 -27.897196 -90.447031 -1.488364 1.000000
2521 -17.051976 -81.634894 -10.003221 1.000000
2522 -15.137754 -79.446688 -11.162077 1.000000
2606 -32.865766 -86.953983 -4.261757 1.000000
2607 -33.872690 -87.916017 -5.852040 1.000000
2608 -36.818393 -86.619161 -3.246036 1.000000
3326 -17.213695 -87.668218 -7.927506 1.000000
3328 -23.521740 -70.537589 -5.237583 1.000000
3499 -36.255576 -89.814477 -8.208738 1.000000
3500 -33.447076 -91.066375 -9.390917 1.000000
3501 -36.955934 -88.628799 -9.199033 1.000000
4376 -26.447058 -93.945116 -15.920071 1.000000
4377 -29.213557 -87.579817 -15.605982 1.000000
4378 -26.627583 -89.467332 -13.677229 1.000000
4379 -26.216786 -87.956801 -14.599947 1.000000
4380 -23.739986 -88.813618 -12.935901 1.000000
4381 -25.364460 -86.428456 -15.248846 1.000000
4382 -25.411515 -84.107645 -14.344139 1.000000
4383 -29.043294 -84.014691 -14.696734 1.000000
5213 -31.388856 -84.350809 6.735229 1.000000
5218 -35.481311 -82.550764 2.638899 1.000000
5275 -20.531772 -96.233197 3.805315 1.000000
5276 -19.526972 -97.971879 4.296906 1.000000
5277 -20.946201 -98.765135 2.362422 1.000000
5278 -20.217342 -99.818006 0.986457 1.000000
5279 -23.001725 -98.544948 0.756344 1.000000
5280 -24.348723 -97.941302 -0.959887 1.000000
5281 -24.166219 -96.155502 0.478941 1.000000
5282 -25.175605 -88.072732 2.065203 1.000000
5283 -25.528293 -90.702102 0.098450 1.000000
5284 -27.016383 -87.876506 -0.063217 1.000000
5285 -28.954884 -87.675005 -2.004574 1.000000
5286 -28.970623 -85.073352 -0.204858 1.000000
5656 -10.026466 -84.119737 -10.363723 1.000000
5657 -20.816881 -81.352040 -6.797763 1.000000
5658 -17.961740 -82.692213 -8.634308 1.000000
5659 -19.230045 -80.222011 -7.528221 1.000000
5661 -18.166028 -78.033164 -10.199046 1.000000
5663 -14.288288 -78.711532 -8.450643 1.000000
5842 -28.380683 -92.414320 -4.861203 1.000000
5843 -29.023143 -92.899367 -6.927463 1.000000
5844 -30.834718 -90.034276 -6.741141 1.000000
5845 -35.063777 -89.236982 -7.074188 1.000000
5846 -38.226347 -88.195696 -6.597964 1.000000
6369 -32.134339 -90.488933 -14.237172 1.000000
6370 -29.330987 -91.295242 -15.077036 1.000000
6371 -32.740943 -89.251667 -15.858080 1.000000
6372 -32.667540 -87.410197 -16.459338 1.000000
6373 -32.239571 -85.215501 -16.348619 1.000000
6909 -24.273926 -95.643044 9.800924 1.000000
6910 -22.457195 -94.474733 6.956377 1.000000
6911 -21.748055 -94.118871 3.710208 1.000000
6912 -23.027044 -93.883403 1.553332 1.000000
6913 -23.225842 -91.600157 4.350816 1.000000
6914 -24.718532 -89.048244 4.513103 1.000000
6915 -26.470294 -86.394057 4.198251 1.000000
7138 -13.996485 -87.027051 -11.905054 1.000000
7139 -23.919700 -75.623371 -4.889867 1.000000
7140 -21.055892 -77.336103 -6.467418 1.000000
7141 -22.083094 -74.181654 -5.306444 1.000000
7394 -28.786829 -94.555944 -12.605513 1.000000
7395 -29.902847 -92.888124 -8.833135 1.000000
7396 -30.642115 -92.675798 -10.783079 1.000000
7397 -31.091573 -91.585040 -12.271211 1.000000
7989 -22.534577 -85.661456 -9.861635 1.000000
7990 -20.149279 -85.891828 -8.667735 1.000000
7991 -22.345355 -83.604649 -9.832064 1.000000
7992 -23.238305 -81.722938 -7.732165 1.000000
7998 -28.516144 -70.198424 -5.081933 1.000000
8568 -26.333256 -91.724299 -14.837468 1.000000
8573 -22.263601 -87.602034 -10.007731 1.000000
8574 -23.340551 -84.906660 -12.614138 1.000000
8575 -26.295319 -82.966179 -12.899077 1.000000
8576 -30.341839 -80.960028 -11.242353 1.000000
9585 -28.718526 -85.151158 5.421492 1.000000
9586 -29.020565 -83.597101 3.482984 1.000000
9588 -31.769536 -81.342734 4.245311 1.000000
9589 -30.275498 -82.999222 1.808364 1.000000
9590 -32.332093 -83.334006 0.834374 1.000000
9591 -34.675546 -84.015504 0.385839 1.000000
9592 -33.463225 -85.186400 -1.965526 1.000000
9668 -26.179859 -97.659096 -3.003475 1.000000
9669 -28.139541 -95.285095 -2.461309 1.000000
9670 -24.589229 -93.451522 0.040520 1.000000
9671 -26.919598 -93.084231 -1.147734 1.000000
9672 -28.309632 -92.664503 -2.893201 1.000000
9673 -28.540371 -90.256371 -3.440913 1.000000
9674 -30.617243 -87.520204 -3.503948 1.000000
10001 -39.958335 -86.223371 -4.338153 1.000000
10002 -39.777413 -85.545816 -5.739694 1.000000
10117 -18.031368 -85.521266 -9.791836 1.000000
10118 -16.303318 -85.120976 -10.828378 1.000000
10119 -14.632665 -83.461292 -12.326532 1.000000
10120 -18.801292 -79.257309 -8.913584 1.000000
10121 -16.430503 -80.688782 -11.698657 1.000000
10122 -12.946337 -82.168356 -12.610443 1.000000
10123 -12.249751 -81.657544 -9.328945 1.000000
10124 -12.439371 -80.689721 -5.755597 1.000000
10286 -34.558553 -86.063311 -3.079119 1.000000
10287 -34.941826 -86.614698 -3.797111 1.000000
10288 -36.452644 -86.068235 -2.480183 1.000000
11005 -16.612081 -88.874251 -7.065160 1.000000
11006 -18.342718 -87.711379 -7.363599 1.000000
11178 -28.001115 -95.044665 -6.023477 1.000000
11179 -37.644234 -88.603646 -8.196456 1.000000
11180 -36.565512 -89.357525 -8.697407 1.000000
11181 -38.086638 -88.020265 -8.659401 1.000000
11183 -39.435793 -86.545296 -8.498038 1.000000
12056 -27.875366 -93.728974 -15.024752 1.000000
12057 -28.896099 -86.866967 -16.161520 1.000000
12058 -27.715078 -87.701246 -15.129702 1.000000
12059 -27.348816 -87.109052 -15.699450 1.000000
12060 -25.799204 -87.410845 -15.133403 1.000000
12061 -27.092556 -86.139850 -15.855016 1.000000
12062 -27.048614 -84.949508 -15.339594 1.000000
12063 -28.838878 -84.799953 -15.647268 1.000000
12955 -21.139856 -96.528180 2.409996 1.000000
12956 -20.752348 -97.505599 2.883709 1.000000
12957 -21.793768 -97.754367 1.888923 1.000000
12958 -22.097949 -98.763898 1.468804 1.000000
12959 -22.892598 -97.652890 1.282532 1.000000
12960 -23.949545 -97.520836 0.705170 1.000000
12961 -23.224149 -96.350931 1.029446 1.000000
12962 -26.065603 -86.651258 1.959240 1.000000
12963 -25.934184 -87.898426 0.995150 1.000000
12964 -26.874248 -86.488262 0.835875 1.000000
12965 -27.900448 -86.346164 -0.176160 1.000000
12966 -28.049266 -85.126877 0.729106 1.000000
13334 -9.717519 -86.179398 -12.344016 1.000000
13335 -9.251674 -85.718572 -10.824644 1.000000
13336 -10.295216 -84.481947 -12.123661 1.000000
13337 -21.453146 -80.107130 -6.189093 1.000000
13338 -19.767947 -80.741987 -7.130417 1.000000
13339 -20.671777 -79.341851 -6.509351 1.000000
13576 -28.688252 -90.949602 -5.108561 1.000000
13577 -29.198086 -91.195859 -5.989035 1.000000
13578 -30.228455 -89.645714 -6.115857 1.000000
13579 -35.751041 -88.001922 -5.381480 1.000000
13580 -34.411173 -88.621259 -6.525685 1.000000
13581 -36.208265 -88.616386 -6.181645 1.000000
13582 -36.748931 -89.039303 -6.931595 1.000000
13583 -37.856322 -88.322386 -5.819173 1.000000
14454 -34.076370 -89.350022 -14.522321 1.000000
14455 -32.549765 -89.985706 -15.177243 1.000000
14456 -34.431610 -88.766247 -15.468136 1.000000
14460 -32.404594 -86.298816 -16.519740 1.000000
15357 -23.173818 -93.516238 6.968256 1.000000
15358 -21.758337 -94.090313 5.347673 1.000000
15359 -22.643967 -93.182348 5.442624 1.000000
15360 -22.518814 -92.897721 4.050256 1.000000
15361 -23.455361 -92.091784 5.560072 1.000000
15363 -24.950650 -89.681573 5.654031 1.000000
15365 -25.537476 -87.695703 4.395987 1.000000
15732 -14.476791 -88.299915 -8.448876 1.000000
15734 -13.701083 -88.049419 -9.426664 1.000000
15735 -12.925692 -87.866895 -10.660533 1.000000
15736 -14.619902 -87.295122 -10.656271 1.000000
15737 -24.598841 -73.981337 -4.563401 1.000000
15738 -22.967191 -74.932508 -4.935784 1.000000
15739 -23.613576 -73.253714 -4.666947 1.000000
15740 -22.879474 -69.463566 -6.301336 1.000000
16252 -27.526936 -95.613100 -12.604975 1.000000
16253 -28.428229 -94.759986 -11.566359 1.000000
16254 -30.406224 -91.645099 -7.596365 1.000000
16255 -29.452045 -92.866778 -7.902898 1.000000
16256 -31.061206 -91.906779 -8.393683 1.000000
16257 -33.828322 -90.422407 -9.855867 1.000000
16258 -31.968359 -91.814429 -10.028483 1.000000
16259 -32.196768 -91.171950 -10.606006 1.000000
16260 -30.837663 -92.235886 -11.527926 1.000000
16261 -32.446671 -90.396874 -11.366225 1.000000
16262 -32.933954 -89.977436 -12.418724 1.000000
16263 -34.450907 -89.035623 -11.454199 1.000000
17529 -23.015743 -84.505901 -11.155367 1.000000
17530 -22.321552 -84.714182 -10.069347 1.000000
17531 -23.016023 -83.483927 -10.882922 1.000000
17534 -25.175847 -80.956206 -7.608314 1.000000
17548 -29.216437 -70.722789 -5.888654 1.000000
17549 -29.761277 -69.053747 -6.157944 1.000000
18887 -29.408572 -90.415724 -15.164340 1.000000
18888 -27.839756 -91.579638 -15.032194 1.000000
18889 -27.906286 -90.498999 -14.618489 1.000000
18890 -25.186285 -89.849122 -13.047524 1.000000
18891 -25.046226 -91.000237 -13.716079 1.000000
18892 -23.631657 -91.537803 -13.280479 1.000000
18894 -22.392262 -92.454642 -12.751219 1.000000
18896 -22.649731 -91.382407 -11.939081 1.000000
18897 -23.450259 -87.941639 -13.237981 1.000000
18898 -22.709789 -89.275062 -11.866978 1.000000
18899 -22.617014 -88.307396 -11.983780 1.000000
18900 -21.845996 -88.589273 -10.459795 1.000000
18901 -22.816535 -87.186478 -11.727278 1.000000
18902 -23.039240 -86.126357 -11.297901 1.000000
18903 -23.293819 -85.801221 -12.772957 1.000000
18904 -27.570734 -83.388351 -13.844686 1.000000
18905 -25.759760 -83.406895 -13.769079 1.000000
18906 -28.064063 -82.859479 -13.034891 1.000000
18907 -28.521931 -82.271867 -11.996699 1.000000
18908 -30.006204 -81.877381 -12.191381 1.000000
21400 -31.120550 -83.340637 6.193063 1.000000
21401 -30.062683 -84.750943 6.058761 1.000000
21402 -29.919073 -83.840236 5.229216 1.000000
21403 -28.742203 -84.295273 4.450912 1.000000
21404 -30.059671 -82.974561 4.471694 1.000000
21410 -32.591756 -81.225611 3.591071 1.000000
21411 -31.011449 -82.125463 2.988898 1.000000
21412 -31.812865 -82.160458 2.473281 1.000000
21413 -31.280469 -83.080746 1.227622 1.000000
21414 -32.807305 -82.459912 2.033893 1.000000
21415 -36.611017 -82.997300 2.377975 1.000000
21416 -35.058245 -83.293349 1.544562 1.000000
21418 -35.891093 -84.439479 0.351386 1.000000
21585 -22.201447 -97.091109 8.949581 1.000000
21587 -20.952081 -97.632013 7.444357 1.000000
21589 -18.623875 -98.548874 4.652593 1.000000
21595 -20.979892 -99.309348 -0.089740 1.000000
21596 -19.583059 -99.872589 0.103204 1.000000
21597 -20.382944 -99.440143 -1.090957 1.000000
21599 -21.153336 -99.085473 -2.340856 1.000000
21601 -22.513412 -98.420799 -2.404860 1.000000
21602 -25.346454 -96.913621 -0.899879 1.000000
21603 -25.315549 -97.695313 -2.027484 1.000000
21604 -26.350226 -96.849851 -1.726870 1.000000
21605 -27.387293 -96.723951 -2.544714 1.000000
21606 -27.070718 -95.602497 -1.649365 1.000000
21607 -23.358006 -92.453077 1.740809 1.000000
21608 -23.715910 -93.690261 0.775851 1.000000
21609 -24.042044 -92.226230 0.814926 1.000000
21610 -26.835307 -90.630874 -0.631099 1.000000
21611 -26.218312 -91.878526 -0.569735 1.000000
21612 -27.419198 -91.717757 -1.219499 1.000000
21613 -28.040340 -92.902221 -1.874899 1.000000
21614 -28.239593 -91.639452 -2.204551 1.000000
21615 -28.230900 -91.502771 -3.192808 1.000000
21616 -28.500361 -90.456404 -2.477835 1.000000
21617 -29.776800 -86.159624 -1.931746 1.000000
21618 -29.664418 -87.665327 -2.836872 1.000000
21619 -30.826788 -86.239360 -2.532417 1.000000
21620 -31.980667 -86.066104 -2.928118 1.000000
21621 -32.213472 -85.121542 -1.749718 1.000000
22437 -40.932726 -85.212685 -3.370216 1.000000
22438 -40.714469 -84.716327 -4.167412 1.000000
22439 -39.851330 -85.867338 -5.104740 1.000000
22440 -40.518697 -84.312923 -4.845444 1.000000
22727 -20.257810 -84.910356 -9.060547 1.000000
22728 -19.110288 -85.871153 -9.132834 1.000000
22729 -19.102097 -84.567368 -9.110305 1.000000
22730 -17.324390 -82.271814 -9.228245 1.000000
22731 -17.112691 -83.778113 -9.763434 1.000000
22732 -16.232891 -83.345443 -10.324165 1.000000
22733 -15.347224 -84.483080 -11.403081 1.000000
22734 -15.878500 -82.441434 -11.207853 1.000000
22735 -20.432554 -76.854661 -6.907295 1.000000
22736 -19.924862 -78.350291 -7.645397 1.000000
22737 -19.467147 -77.880792 -8.197417 1.000000
22738 -16.808504 -78.635186 -11.225875 1.000000
22739 -17.422294 -79.495877 -10.946316 1.000000
22740 -16.114892 -79.966128 -12.065542 1.000000
22741 -14.988081 -81.369676 -12.681522 1.000000
22742 -14.080780 -80.700666 -11.949537 1.000000
22743 -12.268980 -81.694819 -11.109221 1.000000
22744 -13.478247 -80.471858 -10.411270 1.000000
22746 -13.638724 -79.673752 -7.129097 1.000000
23122 -31.219564 -88.008843 -5.168662 1.000000
23123 -31.646613 -88.325761 -5.941288 1.000000
23124 -33.303693 -87.344199 -5.089820 1.000000
23125 -35.333097 -87.253161 -4.573094 1.000000
23126 -37.062515 -87.355502 -4.062045 1.000000
24192 -24.694275 -91.617435 6.820843 1.000000
24417 -15.525412 -88.537097 -7.541383 1.000000
24418 -16.121166 -87.519765 -8.717491 1.000000
24420 -24.368348 -71.496092 -4.614928 1.000000
24421 -25.039684 -69.641292 -4.775661 1.000000
24422 -24.302017 -68.653136 -5.573100 1.000000
24729 -34.469217 -90.498060 -8.093265 1.000000
24730 -32.972965 -91.149032 -8.691607 1.000000
24731 -34.969628 -90.458512 -8.759681 1.000000
24732 -35.279263 -89.880578 -9.309382 1.000000
24733 -35.611078 -89.018308 -9.790367 1.000000
25494 -25.600636 -82.475178 -11.436036 1.000000
25495 -24.461767 -82.371444 -10.590837 1.000000
26307 -25.183605 -95.280260 -16.276535 1.000000
26308 -24.797328 -94.118640 -16.254265 1.000000
26309 -29.571848 -88.460609 -15.175519 1.000000
26310 -28.058652 -89.386187 -14.325732 1.000000
26311 -28.040217 -88.371515 -14.518443 1.000000
26312 -26.520496 -88.503286 -13.967598 1.000000
26313 -25.107652 -88.932544 -13.222386 1.000000
26314 -23.901148 -89.503855 -12.534151 1.000000
26315 -24.854876 -88.400938 -13.881342 1.000000
26316 -24.483647 -87.689959 -14.294197 1.000000
26317 -24.084918 -86.604215 -14.332504 1.000000
26318 -23.837468 -85.502058 -14.053691 1.000000
26319 -25.124697 -85.232288 -14.929523 1.000000
26320 -27.220082 -83.991013 -14.498265 1.000000
26321 -29.331654 -83.370402 -13.898974 1.000000
27815 -31.715963 -85.250527 7.288163 1.000000
27818 -32.217208 -81.913374 6.658066 1.000000
27824 -34.396362 -81.981890 2.827334 1.000000
27826 -37.214711 -82.385503 3.183226 1.000000
27927 -20.751171 -96.239038 5.481604 1.000000
27928 -20.355191 -97.246155 5.642865 1.000000
27929 -20.146985 -97.147256 4.046397 1.000000
27930 -20.013370 -98.370783 3.238589 1.000000
27933 -20.691315 -99.556290 1.737114 1.000000
27934 -21.634541 -99.218860 0.670786 1.000000
27935 -22.366703 -98.787762 -0.216345 1.000000
27936 -23.084924 -98.358519 -1.155098 1.000000
27937 -23.681043 -98.298691 -0.006064 1.000000
27938 -24.543805 -97.169876 -0.012723 1.000000
27939 -24.910515 -95.862210 -0.157429 1.000000
27940 -24.418432 -89.532420 2.020189 1.000000
27941 -24.489906 -90.773918 0.922881 1.000000
27942 -25.112297 -89.346692 1.038409 1.000000
27943 -26.318936 -89.279681 0.107785 1.000000
27944 -27.474981 -89.306414 -0.794415 1.000000
27945 -28.401911 -89.142777 -1.731833 1.000000
27946 -28.088277 -87.769017 -1.069424 1.000000
27947 -28.860468 -86.230390 -1.176488 1.000000
27948 -29.993480 -84.993541 -0.964240 1.000000
28611 -8.994683 -85.661612 -9.053580 1.000000
28613 -20.353304 -82.532555 -7.438817 1.000000
28614 -18.966885 -83.296597 -8.328176 1.000000
28615 -19.173868 -81.957318 -7.635184 1.000000
28616 -18.483261 -81.425250 -8.184978 1.000000
28617 -18.085729 -81.020840 -8.739351 1.000000
28618 -19.382987 -75.687759 -8.228722 1.000000
28619 -19.048087 -77.377759 -8.767152 1.000000
28620 -18.662598 -76.517120 -9.497176 1.000000
28621 -17.261628 -77.369481 -10.282545 1.000000
28622 -15.887743 -78.362040 -10.378299 1.000000
28623 -14.631364 -79.286054 -9.854628 1.000000
28624 -15.227948 -77.939898 -9.174307 1.000000
28990 -28.356414 -93.772583 -4.663493 1.000000
28991 -28.377635 -94.048500 -5.760441 1.000000
28992 -28.716136 -92.716478 -5.829182 1.000000
28993 -29.787639 -91.409713 -6.809920 1.000000
28994 -31.579148 -90.458907 -7.354894 1.000000
28995 -32.274127 -88.779077 -6.638626 1.000000
28996 -32.985248 -89.318924 -7.146331 1.000000
28997 -33.765361 -89.969873 -7.646437 1.000000
28998 -35.720680 -89.740403 -7.603116 1.000000
28999 -37.240941 -89.015640 -7.603026 1.000000
29000 -38.567252 -87.746985 -7.377022 1.000000
30219 -30.433670 -91.751046 -13.975980 1.000000
30220 -29.277399 -92.266828 -14.666270 1.000000
30221 -30.764267 -91.002233 -14.766996 1.000000
30222 -30.989589 -90.309829 -15.399684 1.000000
30223 -31.108921 -89.481406 -15.712067 1.000000
30225 -32.803003 -88.357933 -16.244721 1.000000
30226 -31.104125 -88.532485 -15.834900 1.000000
30227 -30.818867 -87.602496 -16.089238 1.000000
30228 -30.470347 -86.633466 -16.431289 1.000000
30229 -30.515112 -85.597850 -16.492181 1.000000
30230 -30.704157 -84.640771 -15.854193 1.000000
30231 -32.394245 -84.174663 -15.840009 1.000000
31481 -22.752529 -96.054517 8.660831 1.000000
31483 -23.365170 -95.013149 8.474769 1.000000
31484 -21.918453 -95.532291 7.130067 1.000000
31485 -21.194912 -95.213056 5.393756 1.000000
31486 -20.998972 -95.210649 3.669097 1.000000
31487 -21.565730 -95.323585 2.282139 1.000000
31488 -22.567224 -95.294833 1.494046 1.000000
31489 -22.269636 -94.069138 2.398309 1.000000
31490 -22.812473 -92.653282 2.842850 1.000000
31491 -23.385681 -91.229327 3.052997 1.000000
31493 -24.003012 -90.359889 4.479753 1.000000
31494 -24.050327 -89.950725 3.177316 1.000000
31495 -24.747310 -88.466659 3.261077 1.000000
31496 -25.621984 -87.070480 3.148135 1.000000
31497 -26.659908 -85.752100 3.038015 1.000000
32014 -12.699244 -86.281821 -13.022659 1.000000
32015 -23.220951 -77.169277 -5.277265 1.000000
32016 -21.624139 -77.874914 -6.073631 1.000000
32017 -22.312034 -76.452374 -5.486057 1.000000
32018 -21.509128 -75.920597 -5.788595 1.000000
32019 -20.830857 -75.300947 -6.270928 1.000000
32020 -22.774722 -72.392300 -5.168003 1.000000
32021 -21.423157 -73.356174 -5.965340 1.000000
32022 -20.283904 -74.447528 -7.018082 1.000000
32683 -27.811961 -95.268659 -13.699905 1.000000
32684 -28.963618 -94.113909 -13.328671 1.000000
32685 -28.399346 -94.050638 -7.050893 1.000000
32686 -28.603265 -93.872555 -8.259420 1.000000
32687 -28.865483 -93.773626 -9.474208 1.000000
32688 -31.563640 -92.060044 -9.224629 1.000000
32689 -30.400997 -92.832811 -9.811419 1.000000
32690 -29.298022 -93.730830 -10.604539 1.000000
32691 -29.640818 -93.665175 -11.566230 1.000000
32692 -29.833980 -93.292564 -12.399382 1.000000
32693 -29.979127 -92.628501 -13.160481 1.000000
32694 -31.604521 -90.947621 -13.206686 1.000000
32695 -33.614475 -89.702204 -13.527300 1.000000
34299 -21.476405 -86.901918 -8.527726 1.000000
34300 -20.014737 -86.796649 -7.862293 1.000000
34301 -21.432227 -85.807592 -8.901156 1.000000
34302 -21.362446 -84.818125 -9.340656 1.000000
34303 -21.375721 -83.734393 -8.906507 1.000000
34304 -23.544133 -82.432576 -9.770012 1.000000
34305 -22.663781 -82.544513 -8.800015 1.000000
34306 -21.521706 -82.671948 -7.928870 1.000000
34307 -22.075145 -81.729338 -6.990901 1.000000
34308 -22.563513 -80.612950 -6.271498 1.000000
34309 -23.260605 -79.277083 -5.845527 1.000000
34321 -26.298417 -72.893843 -4.526275 1.000000
34323 -27.821574 -71.898602 -4.944726 1.000000
34324 -26.986053 -71.210831 -4.511981 1.000000
35954 -19.399870 -89.373730 -7.668060 1.000000
35964 -27.844274 -92.645481 -15.293900 1.000000
35965 -26.281787 -92.819132 -15.638331 1.000000
35966 -24.711737 -93.003258 -15.555445 1.000000
35967 -26.466493 -90.696424 -14.089983 1.000000
35968 -24.803020 -91.953784 -14.723516 1.000000
35976 -22.704197 -90.225227 -11.605169 1.000000
35980 -20.812666 -88.948585 -8.989708 1.000000
35981 -21.265421 -87.911882 -8.552713 1.000000
35982 -22.470038 -86.641401 -9.762891 1.000000
35983 -23.051484 -85.315384 -11.172599 1.000000
35984 -23.495050 -84.175333 -12.297455 1.000000
35985 -23.948787 -84.460676 -13.803398 1.000000
35986 -24.352534 -83.731875 -13.395864 1.000000
35987 -24.837986 -83.134085 -12.529682 1.000000
35988 -26.916012 -82.449235 -11.852646 1.000000
35990 -30.610183 -79.787977 -10.711893 1.000000
35996 -31.343348 -81.309721 -12.239723 1.000000
35998 -31.922746 -78.898303 -10.921068 1.000000
38993 -30.314332 -85.573137 6.866794 1.000000
38994 -28.955322 -85.972026 6.313188 1.000000
38995 -27.670562 -86.519547 5.822967 1.000000
38996 -27.541468 -85.621081 4.822532 1.000000
38997 -27.624633 -84.913678 3.729009 1.000000
38998 -28.052196 -84.340051 2.617796 1.000000
39004 -31.299077 -81.720561 4.965054 1.000000
39005 -30.388398 -82.344130 3.722652 1.000000
39006 -29.532669 -83.124518 2.594667 1.000000
39007 -28.677337 -84.047712 1.546306 1.000000
39008 -29.610269 -84.012531 0.624556 1.000000
39009 -30.696850 -83.998501 -0.001146 1.000000
39010 -31.776626 -84.082440 -0.412216 1.000000
39011 -33.893932 -82.883380 1.722600 1.000000
39012 -33.448823 -83.628066 0.536410 1.000000
39013 -32.888945 -84.384933 -0.693949 1.000000
39014 -34.056824 -84.660135 -0.788694 1.000000
39016 -34.759868 -85.286543 -1.993632 1.000000
39220 -19.577019 -97.877897 5.966536 1.000000
39238 -24.017101 -98.053344 -2.285596 1.000000
39239 -24.962187 -98.037951 -3.464598 1.000000
39240 -25.963658 -97.953297 -4.697721 1.000000
39241 -27.044911 -97.412370 -4.165052 1.000000
39242 -28.037863 -96.422471 -3.694309 1.000000
39243 -28.460827 -95.025852 -3.560179 1.000000
39244 -23.449644 -95.029205 0.802242 1.000000
39245 -24.277959 -94.821028 0.158907 1.000000
39246 -25.323180 -94.617262 -0.444596 1.000000
39247 -24.995700 -92.092484 0.089545 1.000000
39248 -25.701050 -93.188144 -0.548039 1.000000
39249 -26.392605 -94.476804 -1.122030 1.000000
39250 -27.676258 -94.276026 -1.687005 1.000000
39251 -28.390946 -93.894951 -2.560748 1.000000
39252 -28.365754 -93.815371 -3.690480 1.000000
39253 -28.187007 -92.616044 -3.900601 1.000000
39254 -28.235169 -91.361143 -4.186517 1.000000
39255 -28.870117 -89.882448 -4.480205 1.000000
39256 -28.882852 -89.176245 -2.715956 1.000000
39257 -29.374456 -88.992730 -3.687105 1.000000
39258 -30.067684 -88.572733 -4.527221 1.000000
39259 -31.617466 -87.286703 -3.993154 1.000000
39260 -33.195127 -85.975461 -3.098623 1.000000
40238 -39.904553 -86.458795 -3.482007 1.000000
40239 -38.901947 -87.384313 -4.462852 1.000000
40240 -39.113503 -87.280869 -5.341076 1.000000
40241 -39.160844 -86.938292 -6.098433 1.000000
40242 -39.302725 -86.448237 -6.861257 1.000000
40250 -40.031958 -84.983721 -6.464517 1.000000
40251 -39.831497 -85.869066 -7.540297 1.000000
40585 -18.803218 -86.743213 -8.280422 1.000000
40586 -17.705284 -86.716399 -9.130847 1.000000
40587 -16.753234 -86.478136 -9.891779 1.000000
40588 -18.073818 -84.130034 -9.428661 1.000000
40589 -17.127857 -85.270673 -10.338041 1.000000
40590 -16.040800 -86.398244 -10.702115 1.000000
40591 -15.328890 -86.212993 -11.539866 1.000000
40592 -14.356331 -85.474521 -12.445298 1.000000
40593 -13.109194 -84.463134 -13.176436 1.000000
40594 -20.216824 -78.748159 -7.080364 1.000000
40595 -18.933915 -79.709649 -8.272223 1.000000
40596 -17.895345 -80.470413 -9.548360 1.000000
40597 -18.477276 -78.822277 -9.632627 1.000000
40598 -17.596493 -79.979412 -10.303026 1.000000
40599 -16.752260 -81.130326 -10.865132 1.000000
40600 -15.487509 -81.838615 -12.086031 1.000000
40601 -13.864818 -82.731053 -12.918150 1.000000
40602 -11.975537 -83.561346 -12.974177 1.000000
40603 -11.150206 -82.994789 -11.636456 1.000000
40604 -11.027338 -82.753867 -9.851274 1.000000
40605 -11.131350 -82.733199 -8.099178 1.000000
40606 -13.558510 -80.312766 -8.833032 1.000000
40607 -12.522095 -81.542462 -7.628205 1.000000
41006 -35.370506 -85.766278 -2.518910 1.000000
41007 -35.546232 -86.012036 -2.807263 1.000000
41008 -36.284465 -85.845307 -2.152438 1.000000
41724 -18.906653 -88.614650 -7.120280 1.000000
41725 -18.142499 -88.509277 -7.071330 1.000000
41726 -19.072961 -87.845713 -7.259302 1.000000
41896 -28.252155 -95.513783 -4.843926 1.000000
41897 -28.055841 -95.560804 -5.523932 1.000000
41898 -28.205527 -95.015846 -5.350446 1.000000
41899 -38.345315 -87.928116 -8.083965 1.000000
41900 -37.871685 -88.344805 -8.413668 1.000000
41901 -38.558692 -87.658435 -8.335460 1.000000
41902 -38.822014 -87.282181 -8.576677 1.000000
41903 -39.197963 -86.912937 -8.247225 1.000000
42774 -28.424118 -94.012342 -14.194959 1.000000
42775 -27.823890 -94.242856 -14.774933 1.000000
42776 -28.468991 -93.547627 -14.496030 1.000000
42777 -28.805044 -86.424470 -16.322389 1.000000
42778 -28.154109 -86.980991 -15.949897 1.000000
42779 -28.025357 -86.547650 -16.103642 1.000000
42780 -27.203247 -86.678907 -15.850291 1.000000
42781 -27.937958 -86.040221 -16.151391 1.000000
42782 -27.884571 -85.436657 -15.900861 1.000000
42783 -28.772766 -85.285716 -16.035818 1.000000
43675 -21.638196 -96.566051 1.975363 1.000000
43676 -21.476528 -97.139768 2.126457 1.000000
43677 -22.010021 -97.177491 1.746096 1.000000
43678 -22.345003 -97.738177 1.560717 1.000000
43679 -22.555696 -97.093180 1.434624 1.000000
43680 -23.086742 -96.997090 1.176309 1.000000
43681 -22.697307 -96.443638 1.305125 1.000000
43682 -26.638947 -85.949525 1.891885 1.000000
43683 -26.441654 -86.542934 1.395741 1.000000
43684 -27.019069 -85.837603 1.312141 1.000000
43685 -27.461467 -85.770860 0.774414 1.000000
43686 -27.588531 -85.179530 1.223130 1.000000
44052 -10.992824 -86.110577 -13.103658 1.000000
44053 -10.178514 -86.518623 -12.730143 1.000000
44054 -10.418606 -85.656092 -12.786692 1.000000
44055 -10.019625 -85.315377 -12.256439 1.000000
44056 -10.700178 -84.822901 -12.767291 1.000000
44057 -21.849431 -79.388812 -5.943357 1.000000
44058 -20.964123 -79.731055 -6.305178 1.000000
44059 -21.478562 -78.984611 -6.061627 1.000000
44296 -29.227519 -90.097085 -5.281594 1.000000
44297 -29.448841 -90.248920 -5.689878 1.000000
44298 -30.013455 -89.463547 -5.749886 1.000000
44299 -36.569964 -88.056110 -5.056816 1.000000
44300 -35.957128 -88.323109 -5.758062 1.000000
44301 -36.764171 -88.338763 -5.567035 1.000000
44302 -37.006967 -88.550039 -6.017742 1.000000
44303 -37.628304 -88.228822 -5.398248 1.000000
46075 -24.469921 -92.936739 7.541695 1.000000
46076 -24.057461 -93.344912 7.611334 1.000000
46077 -23.643192 -93.122594 6.916949 1.000000
46078 -22.817662 -93.307287 6.226063 1.000000
46079 -23.275306 -92.888691 6.203341 1.000000
46080 -23.066204 -92.664406 5.501893 1.000000
46081 -23.682810 -92.389613 6.210497 1.000000
46452 -14.891312 -87.790139 -9.013487 1.000000
46453 -14.119275 -88.185675 -8.906194 1.000000
46454 -14.538600 -87.730244 -9.488859 1.000000
46455 -14.143084 -87.630689 -10.045153 1.000000
46456 -15.027268 -87.317981 -10.162607 1.000000
46457 -25.011951 -73.058978 -4.473582 1.000000
46458 -24.201263 -73.569678 -4.570170 1.000000
46459 -24.551978 -72.679944 -4.486641 1.000000
46974 -31.326473 -91.218695 -7.844386 1.000000
46975 -30.765418 -91.778487 -8.007311 1.000000
46976 -31.673141 -91.384389 -8.211852 1.000000
46977 -33.932809 -90.027049 -10.108339 1.000000
46978 -32.980915 -90.784498 -10.196039 1.000000
46979 -33.082340 -90.384074 -10.501532 1.000000
46980 -32.295667 -90.774901 -10.963522 1.000000
46981 -33.197578 -89.942582 -10.867219 1.000000
46982 -33.387985 -89.683518 -11.332732 1.000000
46983 -34.259595 -89.287594 -10.909374 1.000000
48249 -23.294140 -83.924934 -11.627747 1.000000
48250 -23.009874 -84.015958 -11.072286 1.000000
48251 -23.347788 -83.313040 -11.330474 1.000000
49607 -29.485095 -89.950562 -15.132997 1.000000
49608 -28.645426 -90.452030 -14.907992 1.000000
49609 -28.736806 -89.932226 -14.787921 1.000000
49610 -24.509691 -90.167537 -12.793404 1.000000
49611 -24.467351 -90.689942 -13.079783 1.000000
49612 -23.764011 -91.082998 -12.844040 1.000000
49613 -22.904923 -91.967911 -13.118650 1.000000
49614 -23.120385 -91.528066 -12.621045 1.000000
49615 -22.562232 -91.972761 -12.317752 1.000000
49616 -23.252737 -90.988845 -12.265650 1.000000
49617 -23.351233 -87.389931 -13.214567 1.000000
49618 -22.992156 -88.140845 -12.661876 1.000000
49619 -22.985071 -87.595828 -12.567500 1.000000
49620 -22.687688 -87.769203 -11.862459 1.000000
49621 -23.041969 -87.006330 -12.414854 1.000000
49622 -23.106094 -86.429395 -12.241335 1.000000
49623 -23.287170 -86.295582 -12.899872 1.000000
49624 -28.648553 -83.084509 -13.586538 1.000000
49625 -27.812872 -83.062299 -13.464115 1.000000
49626 -28.927185 -82.733922 -13.054889 1.000000
49627 -29.110763 -82.427159 -12.579356 1.000000
49628 -29.845662 -82.257137 -12.642971 1.000000
52120 -31.081203 -82.853518 5.935183 1.000000
52121 -30.520465 -83.587609 5.708354 1.000000
52122 -30.504638 -83.119489 5.419968 1.000000
52123 -29.966349 -83.387099 4.858932 1.000000
52124 -30.591141 -82.680069 5.061263 1.000000
52128 -33.861428 -81.021287 3.625179 1.000000
52129 -33.437371 -80.887340 3.870950 1.000000
52130 -32.984100 -81.284314 3.292463 1.000000
52131 -32.179955 -81.682056 3.011754 1.000000
52132 -32.601248 -81.784733 2.779510 1.000000
52133 -32.278754 -82.269393 2.245158 1.000000
52134 -33.051107 -81.967168 2.574977 1.000000
52305 -21.942189 -96.903518 8.087642 1.000000
52306 -21.602117 -97.418219 8.208837 1.000000
52307 -21.295751 -97.193755 7.334982 1.000000
52315 -21.305209 -99.010020 -0.610101 1.000000
52316 -20.656945 -99.292494 -0.551008 1.000000
52317 -20.994909 -99.062324 -1.110652 1.000000
52318 -20.758994 -99.275500 -1.683336 1.000000
52319 -21.365900 -98.851107 -1.732999 1.000000
52320 -21.739790 -98.692395 -2.397295 1.000000
52321 -22.024045 -98.521776 -1.774002 1.000000
52322 -25.640620 -96.314661 -0.912716 1.000000
52323 -25.815308 -96.879594 -1.329988 1.000000
52324 -26.137091 -96.293643 -1.291525 1.000000
52325 -26.710652 -96.262276 -1.632911 1.000000
52326 -26.426245 -95.690295 -1.305586 1.000000
52327 -23.541156 -91.670208 1.806003 1.000000
52328 -23.670068 -92.312783 1.222806 1.000000
52329 -23.854010 -91.556847 1.285288 1.000000
52330 -27.377889 -90.533525 -1.018689 1.000000
52331 -27.131720 -91.158405 -0.904018 1.000000
52332 -27.664082 -91.064833 -1.335899 1.000000
52333 -27.941464 -91.683961 -1.664002 1.000000
52334 -28.088801 -91.046162 -1.852496 1.000000
52335 -28.353093 -91.036201 -2.377780 1.000000
52336 -28.271988 -90.443760 -1.973761 1.000000
52337 -30.349120 -85.535094 -1.770196 1.000000
52338 -30.314198 -86.154468 -2.246507 1.000000
52339 -30.925792 -85.541017 -2.004694 1.000000
52340 -31.497989 -85.604295 -2.218093 1.000000
52341 -31.597022 -85.064508 -1.616856 1.000000
53447 -20.204898 -84.299415 -8.764893 1.000000
53448 -19.694798 -84.801413 -8.951029 1.000000
53449 -19.574860 -84.154770 -8.683165 1.000000
53450 -17.232036 -82.004547 -9.544508 1.000000
53451 -16.790692 -82.770035 -9.739813 1.000000
53452 -16.587419 -82.444601 -10.181624 1.000000
53453 -16.029613 -82.937665 -10.763858 1.000000
53454 -16.451053 -82.024857 -10.647997 1.000000
53455 -20.086816 -76.666199 -7.174203 1.000000
53456 -19.935815 -77.386878 -7.559835 1.000000
53457 -19.668397 -77.226803 -7.761462 1.000000
53458 -15.989171 -78.978054 -11.326171 1.000000
53459 -16.514873 -79.291895 -11.707138 1.000000
53460 -15.621725 -79.561479 -11.765561 1.000000
53461 -15.137586 -80.310412 -12.151254 1.000000
53462 -14.620201 -79.993032 -11.567155 1.000000
53463 -13.651514 -80.521688 -11.238084 1.000000
53464 -14.233476 -79.968743 -10.875808 1.000000
53896 -32.006104 -87.444745 -4.816785 1.000000
53897 -32.222115 -87.606691 -5.229194 1.000000
53898 -33.059075 -87.153889 -4.690898 1.000000
53899 -35.937093 -86.514868 -3.465715 1.000000
53900 -35.102803 -86.930551 -4.191190 1.000000
53901 -36.012735 -86.938590 -3.919357 1.000000
53902 -36.185998 -87.306798 -4.325114 1.000000
53903 -36.940005 -86.976759 -3.655829 1.000000
56052 -16.880907 -88.231400 -7.383237 1.000000
56053 -16.002102 -88.833705 -7.182982 1.000000
56054 -16.369602 -88.053517 -7.707544 1.000000
56055 -15.795778 -87.969571 -8.059033 1.000000
56056 -16.650880 -87.554693 -8.304266 1.000000
56574 -35.425879 -90.205133 -8.169786 1.000000
56575 -34.768663 -90.557516 -8.427640 1.000000
56576 -35.651103 -90.159632 -8.474960 1.000000
56577 -36.717445 -89.021079 -8.940355 1.000000
56578 -35.919502 -89.637525 -8.995462 1.000000
56579 -36.102504 -89.252040 -9.238608 1.000000
56580 -35.455175 -89.462943 -9.522436 1.000000
56581 -36.307853 -88.826135 -9.490716 1.000000
56582 -36.488507 -88.315763 -9.778299 1.000000
56583 -37.168760 -88.109918 -9.451160 1.000000
59202 -26.570095 -94.505079 -15.799161 1.000000
59203 -25.977902 -95.109835 -15.970139 1.000000
59204 -25.827805 -94.599977 -16.131548 1.000000
59205 -24.978241 -94.701476 -16.354633 1.000000
59206 -25.646292 -94.023839 -16.169259 1.000000
59207 -29.434534 -88.006787 -15.309506 1.000000
59208 -28.771207 -88.445008 -14.814130 1.000000
59209 -28.663898 -88.021055 -15.065584 1.000000
59210 -26.981348 -87.814957 -14.840527 1.000000
59211 -27.178919 -88.097550 -14.508692 1.000000
59212 -26.339777 -88.172041 -14.273175 1.000000
59213 -25.798788 -88.669077 -13.628566 1.000000
59214 -25.685834 -88.374749 -13.908762 1.000000
59215 -25.014834 -88.623695 -13.494817 1.000000
59216 -25.514739 -88.149279 -14.271055 1.000000
59217 -25.561363 -86.967245 -15.256021 1.000000
59218 -25.069540 -87.550461 -14.718695 1.000000
59219 -24.851436 -87.092936 -14.839146 1.000000
59220 -24.274422 -87.214440 -14.355955 1.000000
59221 -24.622001 -86.522475 -14.865904 1.000000
59222 -24.454648 -85.928299 -14.786161 1.000000
59223 -25.195865 -85.874014 -15.145644 1.000000
59224 -28.007751 -84.370621 -15.070486 1.000000
59225 -27.113078 -84.433593 -14.935873 1.000000
59226 -28.101703 -84.020831 -14.626727 1.000000
59227 -28.276879 -83.708927 -14.230341 1.000000
59228 -29.169546 -83.692126 -14.289317 1.000000
61905 -20.495342 -96.146777 4.603812 1.000000
61906 -20.354187 -96.642762 4.690556 1.000000
61907 -20.369282 -96.696489 3.923276 1.000000
61908 -20.925296 -98.154895 2.600390 1.000000
61909 -20.427518 -97.952455 3.093586 1.000000
61910 -20.458302 -98.605596 2.819439 1.000000
61911 -19.881783 -98.955087 2.919914 1.000000
61912 -20.359674 -99.155359 2.527293 1.000000
61913 -20.159878 -99.549919 2.215231 1.000000
61914 -20.880198 -99.226348 2.064249 1.000000
61915 -22.609310 -98.666675 1.085302 1.000000
61916 -21.905778 -99.100053 1.026951 1.000000
61917 -22.339001 -98.914161 0.665866 1.000000
61918 -22.028105 -98.989226 0.218832 1.000000
61919 -22.672499 -98.730706 0.307315 1.000000
61920 -23.032470 -98.561324 -0.153524 1.000000
61921 -23.331396 -98.437764 0.403211 1.000000
61922 -24.099141 -96.843891 0.618878 1.000000
61923 -24.284462 -97.367294 0.384678 1.000000
61924 -24.419211 -96.672975 0.281591 1.000000
61925 -24.722228 -96.495263 -0.095456 1.000000
61926 -24.528829 -96.002057 0.169824 1.000000
61927 -24.789702 -88.789508 2.082360 1.000000
61928 -24.719108 -89.409992 1.506419 1.000000
61929 -25.090290 -88.667862 1.537196 1.000000
61930 -26.435887 -87.884836 0.457371 1.000000
61931 -26.079627 -88.603266 0.558794 1.000000
61932 -26.670635 -88.601701 0.018995 1.000000
61933 -26.924128 -89.312650 -0.345170 1.000000
61934 -27.236877 -88.626295 -0.460969 1.000000
61935 -27.782772 -88.571042 -0.941275 1.000000
61936 -27.553089 -87.841123 -0.548614 1.000000
61937 -28.403208 -85.680380 -0.213495 1.000000
61938 -28.387023 -86.292557 -0.676698 1.000000
61939 -28.883642 -85.610144 -0.726694 1.000000
61940 -29.377369 -85.572742 -1.132509 1.000000
61941 -29.488986 -85.023962 -0.611671 1.000000
63042 -9.664043 -84.915772 -10.578575 1.000000
63043 -9.141917 -85.696273 -9.948439 1.000000
63044 -9.593366 -84.869556 -9.686683 1.000000
63045 -9.528670 -84.875114 -8.745325 1.000000
63046 -10.022089 -84.034227 -9.441565 1.000000
63047 -20.558659 -81.968948 -7.096931 1.000000
63048 -19.695899 -82.326792 -7.435725 1.000000
63049 -19.950775 -81.684746 -7.171100 1.000000
63050 -19.475056 -80.436848 -7.261176 1.000000
63051 -19.131232 -81.031628 -7.601059 1.000000
63052 -18.827338 -80.844179 -7.836153 1.000000
63053 -18.252268 -81.233002 -8.401663 1.000000
63054 -18.666631 -80.602333 -8.115927 1.000000
63766 -28.358078 -93.095109 -4.763341 1.000000
63767 -28.486846 -93.330324 -5.204305 1.000000
63768 -28.582452 -92.588425 -5.284671 1.000000
63769 -29.966015 -90.577714 -6.433206 1.000000
63770 -29.472133 -91.320395 -6.412155 1.000000
63771 -30.273687 -90.743095 -6.783299 1.000000
63772 -30.610561 -90.888306 -7.135027 1.000000
63773 -31.175656 -90.256408 -7.058847 1.000000
63774 -32.808654 -88.067859 -5.983441 1.000000
63775 -31.938214 -88.527970 -6.302801 1.000000
63776 -33.105258 -88.307545 -6.335279 1.000000
63777 -34.732737 -88.935874 -6.808714 1.000000
63778 -33.706050 -88.955186 -6.897901 1.000000
63779 -34.092676 -89.260556 -7.165298 1.000000
63780 -33.408727 -89.648813 -7.393022 1.000000
63781 -34.461327 -89.581653 -7.389172 1.000000
63782 -34.808297 -89.889966 -7.610923 1.000000
63783 -35.416231 -89.544080 -7.316642 1.000000
63784 -37.568361 -88.676147 -6.730143 1.000000
63785 -37.051018 -89.041010 -7.259286 1.000000
63786 -37.754938 -88.605367 -7.109961 1.000000
63787 -37.909355 -88.463426 -7.489676 1.000000
63788 -38.352784 -88.021383 -7.029279 1.000000
66399 -31.212635 -91.062717 -14.070621 1.000000
66400 -30.577891 -91.354325 -14.362256 1.000000
66401 -31.449061 -90.763420 -14.525957 1.000000
66402 -32.662276 -89.637227 -15.555719 1.000000
66403 -31.769507 -90.222493 -15.337519 1.000000
66404 -31.838007 -89.851141 -15.646214 1.000000
66405 -31.055322 -89.914933 -15.606460 1.000000
66406 -31.845089 -89.486860 -15.873475 1.000000
66410 -33.637505 -87.177724 -16.484551 1.000000
66411 -33.685155 -87.655477 -16.364191 1.000000
66412 -32.774240 -87.888695 -16.361952 1.000000
66413 -31.963848 -88.440798 -16.103923 1.000000
66414 -31.870473 -88.019595 -16.192814 1.000000
66415 -31.002574 -88.071972 -15.955348 1.000000
66416 -31.725846 -87.550767 -16.301306 1.000000
66417 -32.297608 -85.754812 -16.448334 1.000000
66418 -31.393219 -86.510547 -16.497089 1.000000
66419 -31.328589 -85.996889 -16.530955 1.000000
66420 -30.430431 -86.125135 -16.567536 1.000000
66421 -31.354494 -85.460261 -16.466808 1.000000
66422 -31.414449 -84.945813 -16.287036 1.000000
66423 -32.318048 -84.702522 -16.161408 1.000000
69100 -24.648480 -95.971227 10.528402 1.000000
69101 -24.225628 -96.393764 10.810341 1.000000
69102 -23.863219 -96.139655 9.984097 1.000000
69103 -23.119470 -96.337788 9.418773 1.000000
69104 -23.460632 -95.825061 9.273065 1.000000
69108 -23.201339 -94.225481 7.680684 1.000000
69109 -23.703700 -94.505705 8.417364 1.000000
69110 -22.873448 -94.721675 7.748585 1.000000
69111 -22.593502 -95.244855 7.797890 1.000000
69112 -22.172371 -95.013425 7.007185 1.000000
69113 -21.510977 -95.357448 6.271479 1.000000
69114 -21.793973 -94.825424 6.178199 1.000000
69115 -21.704929 -94.105080 4.497419 1.000000
69116 -21.283649 -94.606489 4.427709 1.000000
69117 -21.332806 -94.662860 3.629474 1.000000
69118 -21.110024 -95.305555 2.899685 1.000000
69119 -21.503842 -94.714709 2.866520 1.000000
69120 -21.894414 -94.719805 2.306802 1.000000
69121 -21.917811 -94.127186 2.990532 1.000000
69122 -22.899313 -92.252806 4.172803 1.000000
69123 -22.660151 -92.778243 3.399323 1.000000
69124 -22.947254 -92.096448 3.589241 1.000000
69125 -23.085758 -91.918319 3.004617 1.000000
69126 -23.262853 -91.429509 3.699452 1.000000
69130 -24.821471 -89.358233 5.113936 1.000000
69131 -24.447922 -89.989975 5.116065 1.000000
69132 -24.348168 -89.709669 4.504185 1.000000
69133 -23.986965 -90.184100 3.809544 1.000000
69134 -24.357425 -89.486063 3.864541 1.000000
69135 -24.425123 -89.234613 3.262314 1.000000
69136 -24.720674 -88.757999 3.875745 1.000000
69137 -25.979955 -87.035604 4.278833 1.000000
69138 -25.540136 -87.354295 3.752914 1.000000
69139 -26.007777 -86.700484 3.682401 1.000000
69140 -26.142871 -86.401738 3.072445 1.000000
69141 -26.514551 -86.054973 3.628852 1.000000
70242 -13.460722 -87.416582 -11.278683 1.000000
70243 -12.500981 -87.744720 -11.330091 1.000000
70244 -12.989821 -87.231569 -11.940940 1.000000
70245 -12.389229 -86.983949 -12.533274 1.000000
70246 -13.397105 -86.675555 -12.490938 1.000000
70247 -23.552483 -76.420240 -5.059397 1.000000
70248 -22.716966 -76.791361 -5.403678 1.000000
70249 -23.089178 -76.014355 -5.167871 1.000000
70250 -22.481838 -74.581116 -5.059279 1.000000
70251 -22.191273 -75.430691 -5.269467 1.000000
70252 -21.762423 -75.047381 -5.498183 1.000000
70253 -21.169836 -75.573482 -6.012206 1.000000
70254 -21.406380 -74.703775 -5.769629 1.000000
70255 -23.928119 -71.025006 -4.880372 1.000000
70256 -23.571650 -71.919970 -4.876797 1.000000
70257 -23.160588 -71.483076 -5.155765 1.000000
71794 -28.184906 -95.105447 -12.717715 1.000000
71795 -27.729314 -95.505945 -13.217447 1.000000
71796 -28.325267 -94.919354 -13.167349 1.000000
71797 -28.412091 -94.678596 -13.543193 1.000000
71798 -28.901113 -94.367489 -12.996104 1.000000
71799 -28.604614 -93.491592 -6.383884 1.000000
71800 -28.367482 -94.079040 -6.412643 1.000000
71801 -28.704774 -93.519576 -6.977804 1.000000
71802 -29.656552 -92.851423 -8.395613 1.000000
71803 -29.032849 -93.387194 -8.051370 1.000000
71804 -29.197412 -93.346551 -8.576399 1.000000
71805 -28.730866 -93.817681 -8.869645 1.000000
71806 -29.402195 -93.306310 -9.136432 1.000000
71807 -33.241503 -91.161922 -9.064442 1.000000
71808 -32.251824 -91.580145 -8.961068 1.000000
71809 -32.484733 -91.551848 -9.352632 1.000000
71810 -31.311147 -92.212431 -10.391592 1.000000
71811 -31.157313 -92.399172 -9.999855 1.000000
71812 -30.606357 -92.784956 -10.320509 1.000000
71813 -29.827597 -93.223974 -10.198691 1.000000
71814 -29.994644 -93.232721 -10.680122 1.000000
71815 -29.498240 -93.723625 -11.116602 1.000000
71816 -30.076977 -93.195908 -11.155658 1.000000
71817 -30.956035 -91.880247 -11.848786 1.000000
71818 -30.334117 -92.789046 -11.973149 1.000000
71819 -30.417167 -92.517681 -12.331984 1.000000
71820 -29.893463 -93.040057 -12.823277 1.000000
71821 -30.510845 -92.162520 -12.715687 1.000000
71822 -30.720256 -91.764688 -13.144233 1.000000
71823 -31.291496 -91.283545 -12.729779 1.000000
75624 -22.105854 -86.297072 -9.119700 1.000000
75625 -21.460934 -86.333036 -8.612064 1.000000
75626 -22.033451 -85.734561 -9.288191 1.000000
75627 -22.275466 -84.159195 -10.123915 1.000000
75628 -21.876533 -84.739901 -9.706324 1.000000
75629 -21.880701 -84.237427 -9.669901 1.000000
75630 -21.403637 -84.322743 -9.221334 1.000000
75631 -21.937702 -83.557300 -9.274099 1.000000
75635 -23.818074 -81.713296 -8.157494 1.000000
75636 -23.483654 -82.097284 -8.675542 1.000000
75637 -22.938954 -82.130663 -8.248098 1.000000
75638 -22.143861 -82.603537 -8.284056 1.000000
75639 -22.316827 -82.200214 -7.816374 1.000000
75640 -21.742797 -82.219221 -7.444168 1.000000
75641 -22.647707 -81.737094 -7.332193 1.000000
75680 -28.844390 -70.528276 -5.432427 1.000000
75681 -28.529657 -71.356848 -5.323573 1.000000
75682 -28.160924 -71.070455 -4.984221 1.000000
75683 -27.395990 -71.558148 -4.674861 1.000000
75684 -27.754406 -70.715047 -4.745778 1.000000
75685 -27.348096 -70.341334 -4.567290 1.000000
75686 -28.140880 -69.794267 -4.827640 1.000000
79697 -29.312257 -91.756456 -14.901507 1.000000
79698 -28.592190 -92.484519 -14.977837 1.000000
79699 -28.580621 -91.967471 -15.074270 1.000000
79700 -27.058773 -91.691203 -14.964842 1.000000
79701 -27.060552 -92.184678 -15.271784 1.000000
79702 -26.312195 -92.252813 -15.293088 1.000000
79703 -25.513468 -92.906691 -15.636571 1.000000
79704 -25.549786 -92.358068 -15.234583 1.000000
79705 -27.359730 -89.394674 -13.988959 1.000000
79706 -27.285740 -90.006605 -14.093153 1.000000
79707 -26.605453 -90.079419 -13.751348 1.000000
79727 -23.848707 -89.124799 -12.722720 1.000000
79728 -23.276579 -89.849815 -12.090650 1.000000
79729 -23.300856 -89.443743 -12.239866 1.000000
79737 -22.071771 -88.109642 -10.209036 1.000000
79738 -21.378396 -88.775039 -9.716230 1.000000
79739 -21.640370 -88.290177 -9.448119 1.000000
79740 -21.095149 -88.420846 -8.673813 1.000000
79741 -21.808736 -87.789886 -9.283831 1.000000
79742 -21.923808 -87.313779 -9.134520 1.000000
79743 -22.381246 -87.116897 -9.874799 1.000000
79744 -23.230493 -85.486718 -11.965770 1.000000
79745 -23.056261 -85.706361 -11.197294 1.000000
79746 -23.233624 -85.083328 -11.914502 1.000000
79747 -23.237683 -84.700584 -11.818968 1.000000
79748 -23.412516 -84.571764 -12.460226 1.000000
79749 -24.483128 -84.716924 -14.336388 1.000000
79750 -23.840435 -84.920980 -13.920240 1.000000
79751 -24.625400 -84.230237 -14.132154 1.000000
79752 -26.024658 -83.186992 -13.353094 1.000000
79753 -25.126148 -83.503939 -13.604608 1.000000
79754 -25.291875 -83.271094 -13.225988 1.000000
79755 -24.558799 -83.454520 -13.008395 1.000000
79756 -25.499474 -83.017468 -12.811501 1.000000
79757 -25.779501 -82.724668 -12.302273 1.000000
79758 -26.574459 -82.700975 -12.423264 1.000000
79759 -29.462432 -81.706852 -11.599183 1.000000
79760 -28.760601 -81.921995 -11.430066 1.000000
79761 -29.669529 -81.219316 -11.104993 1.000000
79762 -29.879319 -80.706276 -10.692010 1.000000
79763 -30.491095 -80.430061 -10.863241 1.000000
87240 -31.570826 -84.837720 6.965501 1.000000
87241 -30.973628 -85.380927 7.082116 1.000000
87242 -30.864442 -84.986880 6.749371 1.000000
87243 -29.371129 -84.963083 5.700001 1.000000
87244 -29.481055 -85.378833 6.161998 1.000000
87245 -28.834833 -85.557513 5.893952 1.000000
87246 -28.310293 -86.235002 6.053103 1.000000
87247 -28.194712 -85.786760 5.667020 1.000000
87248 -27.604563 -86.069927 5.359671 1.000000
87249 -28.129196 -85.370801 5.141456 1.000000
87250 -28.859628 -83.904073 3.939381 1.000000
87251 -28.151698 -84.620945 4.061544 1.000000
87252 -28.314931 -84.245495 3.551076 1.000000
87253 -27.820271 -84.582262 3.172411 1.000000
87254 -28.544018 -83.923407 3.035289 1.000000
87266 -32.626111 -80.833673 4.481831 1.000000
87267 -33.087276 -80.462866 5.031697 1.000000
87268 -32.244720 -80.969699 4.821009 1.000000
87269 -31.982772 -81.133530 5.180882 1.000000
87270 -31.506810 -81.480302 4.601962 1.000000
87271 -30.834250 -82.024105 4.340777 1.000000
87272 -31.071583 -81.809305 3.984296 1.000000
87273 -30.644063 -82.536966 2.408416 1.000000
87274 -30.280620 -82.565904 2.768246 1.000000
87275 -29.895630 -82.990251 2.201964 1.000000
87276 -29.123394 -83.514661 2.091001 1.000000
87277 -29.465536 -83.474465 1.629989 1.000000
87278 -29.072931 -83.989650 1.074153 1.000000
87279 -29.892307 -83.485961 1.225680 1.000000
87280 -31.819161 -83.192632 0.998967 1.000000
87281 -31.001689 -83.541617 0.597448 1.000000
87282 -31.561956 -83.607502 0.343401 1.000000
87283 -31.234186 -84.041871 -0.221024 1.000000
87284 -32.081749 -83.712295 0.184085 1.000000
87285 -34.944009 -82.253769 2.731244 1.000000
87286 -34.076434 -82.441792 2.314014 1.000000
87287 -34.659889 -82.729682 2.214822 1.000000
87288 -34.893833 -83.632819 0.990748 1.000000
87289 -34.281153 -83.437726 1.061903 1.000000
87290 -34.083396 -83.817706 0.447664 1.000000
87291 -33.208646 -84.011212 -0.113009 1.000000
87292 -33.817101 -84.188782 -0.175877 1.000000
87293 -33.461720 -84.535114 -0.750314 1.000000
87294 -34.370150 -84.375270 -0.221564 1.000000
87803 -19.879911 -97.575910 4.937089 1.000000
87804 -19.973008 -97.641438 5.785115 1.000000
87805 -19.509122 -97.907797 5.071473 1.000000
87825 -19.704917 -100.036174 1.558467 1.000000
87826 -18.988745 -100.274488 1.665386 1.000000
87827 -19.434502 -100.067854 1.161549 1.000000
87847 -23.775639 -98.178864 -1.060797 1.000000
87848 -23.554996 -98.172814 -1.691813 1.000000
87849 -24.187069 -98.032102 -1.614627 1.000000
87850 -25.733044 -97.682938 -2.515940 1.000000
87851 -25.096964 -97.911842 -2.723629 1.000000
87852 -25.543487 -97.913541 -3.258725 1.000000
87853 -25.468422 -98.032989 -4.053661 1.000000
87854 -26.046921 -97.886428 -3.834674 1.000000
87855 -26.502559 -97.731948 -4.435085 1.000000
87856 -26.647395 -97.586855 -3.524103 1.000000
87857 -27.826916 -96.013680 -2.502932 1.000000
87858 -27.752643 -96.555158 -3.127636 1.000000
87859 -28.150827 -95.844842 -3.035130 1.000000
87860 -28.318271 -95.738374 -3.595073 1.000000
87861 -28.393146 -95.108055 -2.966731 1.000000
87862 -22.800991 -94.514586 1.462373 1.000000
87863 -23.023421 -95.128551 1.146854 1.000000
87864 -23.197498 -94.446033 1.120399 1.000000
87865 -24.114460 -93.591809 0.405434 1.000000
87866 -23.967678 -94.257660 0.428514 1.000000
87867 -24.423869 -94.150059 0.091179 1.000000
87868 -24.763072 -94.720483 -0.126441 1.000000
87869 -24.965409 -94.043300 -0.202896 1.000000
87870 -24.946053 -90.746306 0.501941 1.000000
87871 -24.655957 -91.470055 0.476648 1.000000
87872 -25.238551 -91.392063 0.087381 1.000000
87873 -26.578812 -92.454545 -0.842800 1.000000
87874 -25.946269 -92.525803 -0.565549 1.000000
87875 -26.316486 -93.116626 -0.842929 1.000000
87876 -26.054611 -93.801156 -0.848877 1.000000
87877 -26.631204 -93.778402 -1.148094 1.000000
87878 -27.007306 -94.394267 -1.414435 1.000000
87879 -27.250996 -93.724474 -1.447524 1.000000
87880 -28.316891 -92.775740 -2.377398 1.000000
87881 -28.246723 -93.414299 -2.188212 1.000000
87882 -28.404318 -93.289346 -2.705478 1.000000
87883 -28.432434 -93.818255 -3.153362 1.000000
87884 -28.333394 -93.222991 -3.278100 1.000000
87885 -28.252780 -93.218885 -3.790979 1.000000
87886 -28.228717 -92.622422 -3.408797 1.000000
87887 -28.290680 -90.872571 -3.328168 1.000000
87888 -28.166372 -91.407716 -3.701566 1.000000
87889 -28.339524 -90.727866 -3.832330 1.000000
87890 -28.453976 -90.621717 -4.296680 1.000000
87891 -28.646814 -90.077154 -3.973855 1.000000
87892 -28.682770 -88.398047 -1.877256 1.000000
87893 -28.690927 -89.205511 -2.272310 1.000000
87894 -28.983179 -88.455118 -2.374968 1.000000
87895 -30.115748 -87.624572 -3.188006 1.000000
87896 -29.571369 -88.394754 -3.240420 1.000000
87897 -29.967906 -88.246889 -3.662029 1.000000
87898 -29.727779 -88.783398 -4.117991 1.000000
87899 -30.454524 -88.111259 -3.996637 1.000000
87900 -30.865394 -87.925427 -4.359466 1.000000
87901 -31.142410 -87.440558 -3.777220 1.000000
87902 -32.677483 -85.513227 -2.486562 1.000000
87903 -32.535914 -86.030871 -3.038027 1.000000
87904 -33.331964 -85.516743 -2.532300 1.000000
87905 -34.053333 -85.516036 -2.551714 1.000000
87906 -34.086075 -85.161448 -1.993495 1.000000
90349 -40.402781 -85.690416 -3.879976 1.000000
90350 -40.452890 -85.895307 -3.465204 1.000000
90351 -39.942276 -86.366452 -3.903971 1.000000
90352 -39.444875 -86.928472 -3.913227 1.000000
90353 -39.578404 -86.887866 -4.383342 1.000000
90354 -39.031647 -87.366253 -4.907963 1.000000
90355 -39.565235 -86.742505 -4.878238 1.000000
90356 -39.793618 -85.707977 -5.411333 1.000000
90357 -39.490238 -86.469226 -5.517266 1.000000
90358 -39.438337 -86.304389 -5.847562 1.000000
90359 -39.215349 -86.707920 -6.465920 1.000000
90360 -39.458338 -86.047202 -6.249067 1.000000
91217 -20.072985 -86.312830 -8.276851 1.000000
91218 -19.344144 -86.758308 -8.010612 1.000000
91219 -19.473551 -86.312868 -8.450754 1.000000
91220 -18.578766 -85.711040 -9.442367 1.000000
91221 -18.458908 -86.279579 -9.169879 1.000000
91222 -17.882176 -86.110458 -9.530355 1.000000
91223 -17.195549 -86.461194 -9.474844 1.000000
91224 -17.383706 -86.000927 -9.930328 1.000000
91225 -18.444814 -83.006643 -8.475269 1.000000
91226 -18.435989 -83.761968 -8.914732 1.000000
91227 -17.963180 -83.436683 -8.998805 1.000000
91228 -16.700845 -84.407680 -10.293338 1.000000
91229 -17.152900 -84.542066 -10.135548 1.000000
91230 -16.703447 -85.187025 -10.570413 1.000000
91231 -16.666537 -85.917830 -10.639166 1.000000
91232 -16.254932 -85.842684 -10.933965 1.000000
91233 -15.687183 -86.347245 -11.121569 1.000000
91234 -15.840435 -85.656099 -11.232907 1.000000
91235 -14.941725 -84.004074 -11.883281 1.000000
91236 -14.971498 -84.945619 -11.980021 1.000000
91237 -14.434992 -84.524587 -12.439062 1.000000
91238 -13.795272 -85.022867 -12.912665 1.000000
91239 -13.894469 -84.044799 -12.829524 1.000000
91240 -21.326745 -77.559128 -6.284371 1.000000
91241 -20.906795 -78.300357 -6.574445 1.000000
91242 -20.645432 -77.982970 -6.743047 1.000000
91243 -19.357873 -78.836732 -8.296913 1.000000
91244 -19.445235 -79.026550 -7.969745 1.000000
91245 -18.864330 -79.517938 -8.623902 1.000000
91246 -18.379422 -80.150008 -8.888084 1.000000
91247 -18.315462 -79.884119 -9.265005 1.000000
91248 -18.650806 -77.728741 -9.502460 1.000000
91249 -18.828122 -78.144364 -9.221077 1.000000
91250 -18.380400 -78.519695 -9.912234 1.000000
91251 -16.953046 -80.096707 -11.348291 1.000000
91252 -17.501343 -79.794027 -10.683588 1.000000
91253 -16.985586 -80.368251 -11.029414 1.000000
91254 -17.150681 -80.570519 -10.618779 1.000000
91255 -16.553197 -80.920935 -11.325963 1.000000
91256 -16.150180 -81.454068 -11.520883 1.000000
91257 -15.913798 -81.286035 -11.942394 1.000000
91258 -14.008828 -81.753373 -12.734812 1.000000
91259 -14.381748 -82.051776 -12.863106 1.000000
91260 -13.485936 -82.458235 -12.909345 1.000000
91261 -12.944466 -83.194494 -13.061331 1.000000
91262 -12.466558 -82.837753 -12.745026 1.000000
91263 -11.481749 -83.202921 -12.454418 1.000000
91264 -11.951106 -82.535833 -12.164690 1.000000
91265 -12.268564 -81.641182 -10.224923 1.000000
91266 -11.572750 -82.193613 -10.513655 1.000000
91267 -11.627396 -82.174845 -9.606007 1.000000
91268 -11.120041 -82.683690 -8.973312 1.000000
91269 -11.690357 -82.211353 -8.733609 1.000000
91270 -14.463562 -79.059467 -9.139428 1.000000
91271 -14.030187 -79.734400 -9.399969 1.000000
91272 -13.991373 -79.525203 -8.615176 1.000000
91273 -13.106702 -80.178969 -6.396052 1.000000
91274 -13.153890 -80.655381 -7.328134 1.000000
91275 -12.596196 -81.193812 -6.643617 1.000000
91276 -11.912303 -82.073227 -6.971234 1.000000
91277 -11.823406 -81.698805 -5.983207 1.000000
91278 -10.899073 -82.079351 -5.292695 1.000000
91279 -11.613178 -81.195846 -5.116885 1.000000
92242 -33.706006 -86.480789 -3.669693 1.000000
92243 -33.937160 -86.732805 -4.049738 1.000000
92244 -34.803957 -86.312599 -3.407570 1.000000
92245 -35.739116 -86.253889 -3.123941 1.000000
92246 -36.692262 -86.295635 -2.838877 1.000000
93537 -17.452609 -88.306427 -7.194911 1.000000
93538 -17.706638 -87.671831 -7.571916 1.000000
93849 -36.954824 -89.250326 -8.180412 1.000000
93850 -36.425356 -89.639328 -8.457664 1.000000
93851 -37.136778 -89.017279 -8.438549 1.000000
93852 -37.337836 -88.727035 -8.691981 1.000000
93853 -37.548754 -88.356309 -8.923134 1.000000
93854 -37.787333 -87.871887 -9.177446 1.000000
93855 -38.311563 -87.633505 -8.910681 1.000000
95427 -27.251868 -94.393291 -15.352147 1.000000
95428 -27.193343 -93.867071 -15.527185 1.000000
95429 -29.033849 -87.242894 -15.901035 1.000000
95430 -28.490428 -87.621838 -15.397347 1.000000
95431 -28.308094 -87.325536 -15.709076 1.000000
95432 -27.535351 -87.431535 -15.416310 1.000000
95433 -26.768506 -87.544784 -15.167984 1.000000
95434 -26.035596 -87.709151 -14.899854 1.000000
95435 -26.574666 -87.265886 -15.465032 1.000000
95436 -26.390370 -86.838111 -15.606467 1.000000
95437 -26.217582 -86.301781 -15.608692 1.000000
95438 -26.077855 -85.699417 -15.482475 1.000000
95439 -26.988510 -85.538156 -15.695097 1.000000
95440 -27.920343 -84.868371 -15.513196 1.000000
95441 -28.963344 -84.371477 -15.154358 1.000000
97047 -20.768376 -96.379548 3.095031 1.000000
97048 -20.613052 -96.863851 3.257580 1.000000
97049 -21.007521 -97.043283 2.615168 1.000000
97050 -21.247499 -97.659439 2.325139 1.000000
97051 -21.430014 -98.289855 2.138092 1.000000
97052 -21.490306 -98.831356 1.904492 1.000000
97053 -22.027608 -98.321766 1.700994 1.000000
97054 -22.643866 -98.235302 1.367871 1.000000
97055 -23.072805 -98.148301 1.068231 1.000000
97056 -23.537578 -98.096222 0.789381 1.000000
97057 -23.394760 -97.564436 1.004849 1.000000
97058 -23.626583 -96.923143 0.907221 1.000000
97059 -23.738228 -96.274003 0.744204 1.000000
97060 -25.583610 -87.360591 2.027326 1.000000
97061 -25.490649 -87.953322 1.505069 1.000000
97062 -25.906794 -87.236144 1.480811 1.000000
97063 -26.338840 -87.174237 0.937052 1.000000
97064 -26.880834 -87.148659 0.371854 1.000000
97065 -27.406650 -87.118477 -0.125646 1.000000
97066 -27.388638 -86.422086 0.317247 1.000000
97067 -27.952291 -85.696660 0.272453 1.000000
97068 -28.521992 -85.086741 0.216177 1.000000
97731 -9.776161 -85.049331 -11.490125 1.000000
97732 -10.125494 -84.268063 -11.282054 1.000000
97733 -21.118497 -80.734745 -6.561899 1.000000
97734 -20.245809 -81.073321 -6.910464 1.000000
97735 -20.540174 -80.449246 -6.599785 1.000000
97736 -20.156786 -80.079086 -6.797067 1.000000
97737 -19.899089 -79.781599 -6.982571 1.000000
98164 -28.473515 -91.712907 -4.969095 1.000000
98165 -28.707294 -91.837600 -5.396576 1.000000
98166 -28.927654 -91.080531 -5.551065 1.000000
98167 -29.660381 -90.411097 -6.088642 1.000000
98168 -30.512964 -89.836508 -6.434034 1.000000
98169 -34.830488 -87.933637 -5.636117 1.000000
98170 -34.132030 -88.240713 -6.211373 1.000000
98171 -35.084754 -88.300869 -6.010400 1.000000
98172 -35.351016 -88.632941 -6.349382 1.000000
98173 -35.618536 -88.932313 -6.663882 1.000000
98174 -35.950236 -89.199342 -6.988637 1.000000
98175 -36.469903 -88.878490 -6.568803 1.000000
98176 -37.301842 -88.690318 -6.392654 1.000000
98177 -38.056038 -88.298365 -6.207447 1.000000
99744 -33.121277 -89.932509 -14.407309 1.000000
99745 -32.414939 -90.222351 -14.716648 1.000000
99746 -33.360951 -89.716844 -14.869977 1.000000
99747 -33.530928 -89.428551 -15.288350 1.000000
99748 -33.638135 -89.045689 -15.660841 1.000000
99752 -34.356274 -86.388938 -16.514141 1.000000
99753 -33.442505 -86.611450 -16.615711 1.000000
99754 -32.513939 -86.845621 -16.563946 1.000000
99755 -33.330947 -86.049572 -16.569011 1.000000
99756 -33.249721 -85.486285 -16.406277 1.000000
99757 -33.129677 -84.944710 -16.187761 1.000000
99758 -33.152990 -84.429204 -15.978381 1.000000
99759 -33.896979 -84.197223 -15.844576 1.000000
101365 -25.379131 -95.853135 11.029012 1.000000
101366 -25.051825 -95.546186 10.291025 1.000000
101370 -23.609940 -93.770124 7.656461 1.000000
101371 -22.784302 -93.964741 6.953897 1.000000
101372 -22.066083 -94.243877 6.175919 1.000000
101373 -22.415530 -93.752943 6.206861 1.000000
101374 -22.198148 -93.623251 5.405213 1.000000
101375 -22.128705 -93.582988 4.619162 1.000000
101376 -22.110945 -93.534015 3.947913 1.000000
101377 -22.535350 -93.050413 4.740499 1.000000
101378 -22.946361 -92.424281 4.842538 1.000000
101379 -23.280406 -91.765344 4.964379 1.000000
101383 -25.311489 -89.092396 5.619793 1.000000
101384 -25.192264 -88.712342 5.094000 1.000000
101385 -25.113575 -88.357992 4.471544 1.000000
101386 -25.583750 -88.066608 5.054472 1.000000
101387 -26.006488 -87.414026 4.909602 1.000000
101388 -26.495595 -86.763769 4.804376 1.000000
102051 -13.810531 -87.585278 -10.601510 1.000000
102052 -14.338089 -87.199070 -11.246086 1.000000
102053 -24.213616 -74.818119 -4.699459 1.000000
102054 -23.439486 -75.198837 -4.875276 1.000000
102055 -23.782747 -74.419238 -4.685129 1.000000
102056 -23.308787 -74.082300 -4.750634 1.000000
102057 -22.811428 -73.721766 -4.925447 1.000000
102058 -23.192201 -70.056349 -5.730830 1.000000
102059 -22.794992 -70.985213 -5.601446 1.000000
102060 -22.460893 -70.494086 -6.127623 1.000000
102982 -27.936596 -95.211379 -12.109684 1.000000
102983 -28.633626 -94.682023 -12.127283 1.000000
102984 -29.608769 -92.230424 -7.297769 1.000000
102985 -29.248739 -92.883714 -7.411584 1.000000
102986 -29.863492 -92.299916 -7.728189 1.000000
102987 -30.160548 -92.367731 -8.186270 1.000000
102988 -30.456141 -92.430368 -8.581607 1.000000
102989 -33.659853 -90.779193 -9.624876 1.000000
102990 -32.678850 -91.434412 -9.696977 1.000000
102991 -32.854423 -91.152482 -9.935257 1.000000
102992 -32.125283 -91.551058 -10.306105 1.000000
102993 -31.399176 -91.973670 -10.743445 1.000000
102994 -30.726049 -92.489772 -11.177332 1.000000
102995 -31.459637 -91.663010 -11.062647 1.000000
102996 -31.581763 -91.283575 -11.411962 1.000000
102997 -31.741392 -90.960741 -11.819540 1.000000
102998 -31.917140 -90.728924 -12.296233 1.000000
102999 -32.637015 -90.170547 -11.820896 1.000000
105279 -22.787461 -85.035972 -10.569682 1.000000
105280 -22.434779 -85.119508 -9.987778 1.000000
105281 -22.752814 -84.586136 -10.586943 1.000000
105282 -22.662120 -84.127478 -10.558058 1.000000
105283 -22.671092 -83.553173 -10.367203 1.000000
105287 -24.862744 -81.288323 -8.053738 1.000000
105288 -24.178322 -81.301667 -7.664486 1.000000
105289 -23.537839 -81.248552 -7.244816 1.000000
105290 -24.540065 -80.874875 -7.179927 1.000000
105314 -29.470664 -69.928676 -6.005580 1.000000
105315 -29.187733 -69.623411 -5.565453 1.000000
105316 -28.805884 -69.327317 -5.218608 1.000000
105317 -29.446371 -68.771362 -5.709008 1.000000
107723 -29.341802 -90.868033 -15.158293 1.000000
107724 -28.560024 -91.456339 -15.078209 1.000000
107725 -28.554358 -90.964340 -15.003962 1.000000
107726 -27.863475 -91.054365 -14.819758 1.000000
107727 -27.092749 -91.161340 -14.653513 1.000000
107728 -25.897468 -89.613907 -13.345648 1.000000
107729 -25.864858 -90.218969 -13.521723 1.000000
107730 -25.156673 -90.418331 -13.312935 1.000000
107741 -23.565736 -88.486224 -13.160833 1.000000
107742 -23.266146 -89.021929 -12.389417 1.000000
107743 -23.152513 -88.607088 -12.543269 1.000000
107748 -22.433706 -87.932356 -11.060217 1.000000
107749 -22.607792 -87.378815 -10.878484 1.000000
107750 -22.708436 -86.859331 -10.656260 1.000000
107751 -22.974262 -86.617053 -11.515466 1.000000
107752 -23.181384 -85.936747 -12.087356 1.000000
107753 -23.319909 -85.331097 -12.667870 1.000000
107754 -26.472637 -83.672643 -14.165975 1.000000
107755 -25.588136 -83.675325 -14.087032 1.000000
107756 -26.708480 -83.386108 -13.881777 1.000000
107757 -26.950195 -83.164580 -13.494863 1.000000
107758 -27.172629 -82.968339 -12.983403 1.000000
107759 -27.449902 -82.680233 -12.434029 1.000000
107760 -28.294567 -82.595289 -12.537569 1.000000
107761 -29.268729 -82.119130 -12.106271 1.000000
107762 -30.166669 -81.446454 -11.691649 1.000000
112248 -31.249650 -83.861932 6.457191 1.000000
112249 -30.730637 -84.560387 6.395988 1.000000
112250 -30.610856 -84.071934 6.062035 1.000000
112251 -30.004675 -84.307574 5.608729 1.000000
112252 -29.319752 -84.511802 5.228756 1.000000
112253 -28.692653 -84.745817 4.915791 1.000000
112254 -29.365798 -84.039114 4.779302 1.000000
112255 -29.424826 -83.604045 4.397976 1.000000
112256 -29.543573 -83.284229 3.959624 1.000000
112265 -33.049833 -80.798566 4.166705 1.000000
112266 -32.166176 -81.231609 3.911580 1.000000
112267 -31.386901 -81.700452 3.616326 1.000000
112268 -31.756856 -81.673421 3.311263 1.000000
112269 -31.397752 -82.111761 2.700749 1.000000
112270 -31.036861 -82.584575 2.104119 1.000000
112271 -30.715110 -83.038658 1.508029 1.000000
112272 -31.497221 -82.637735 1.867522 1.000000
112273 -32.054141 -82.761437 1.623112 1.000000
112274 -32.584485 -82.915112 1.432639 1.000000
112275 -36.053210 -82.743466 2.527105 1.000000
112276 -35.227455 -82.950637 2.106332 1.000000
112277 -35.807405 -83.132014 1.999611 1.000000
112278 -35.643660 -83.496526 1.535903 1.000000
112279 -35.475891 -83.857849 0.959454 1.000000
112280 -35.275150 -84.278233 0.328867 1.000000
112281 -36.114268 -84.090210 0.928782 1.000000
112586 -19.193746 -98.436691 3.788702 1.000000
112587 -19.104807 -98.289520 4.435940 1.000000
112588 -18.750899 -98.712772 3.964223 1.000000
112599 -20.641016 -99.559523 0.442572 1.000000
112600 -19.923732 -99.848405 0.574202 1.000000
112601 -20.350283 -99.596724 0.013336 1.000000
112612 -24.917679 -97.477213 -0.915146 1.000000
112613 -24.780007 -97.796299 -1.507119 1.000000
112614 -25.382256 -97.385481 -1.398723 1.000000
112615 -25.882471 -97.330652 -1.860061 1.000000
112616 -26.365854 -97.330235 -2.307897 1.000000
112617 -26.835049 -97.270563 -2.757964 1.000000
112618 -26.890060 -96.808523 -2.117803 1.000000
112619 -27.351212 -96.175186 -2.017336 1.000000
112620 -27.727606 -95.472693 -1.991618 1.000000
112621 -23.213478 -93.195483 1.662268 1.000000
112622 -23.374034 -93.800589 1.131528 1.000000
112623 -23.548067 -93.056187 1.191230 1.000000
112624 -23.876904 -92.979923 0.796686 1.000000
112625 -24.301976 -92.871703 0.419097 1.000000
112626 -26.202245 -90.717122 -0.322745 1.000000
112627 -25.854727 -91.303766 -0.296915 1.000000
112628 -26.520422 -91.247819 -0.588054 1.000000
112629 -26.840033 -91.799371 -0.859534 1.000000
112630 -27.180273 -92.403986 -1.160286 1.000000
112631 -27.491521 -93.062118 -1.503225 1.000000
112632 -27.738618 -92.376970 -1.562433 1.000000
112633 -28.138591 -92.265733 -2.051818 1.000000
112634 -28.320380 -92.172071 -2.617760 1.000000
112635 -28.240882 -92.088886 -3.065477 1.000000
112636 -28.300259 -91.586709 -2.698248 1.000000
112637 -28.356247 -90.973102 -2.834387 1.000000
112638 -28.507069 -90.371720 -2.950947 1.000000
112639 -29.285889 -86.866379 -2.002031 1.000000
112640 -29.313177 -87.668277 -2.419418 1.000000
112641 -29.723398 -86.876020 -2.375829 1.000000
112642 -30.197673 -86.944535 -2.742043 1.000000
112643 -30.711722 -86.883657 -3.041781 1.000000
112644 -31.284820 -86.766697 -3.260934 1.000000
112645 -31.397969 -86.184554 -2.760569 1.000000
112646 -32.114327 -85.606255 -2.349935 1.000000
112647 -32.841448 -85.183851 -1.886865 1.000000
114115 -40.828601 -84.944464 -3.791634 1.000000
114116 -40.341984 -85.481949 -4.294413 1.000000
114117 -39.951377 -86.028978 -4.814271 1.000000
114118 -40.262457 -85.278489 -4.681780 1.000000
114119 -40.152412 -85.100643 -4.996051 1.000000
114120 -40.107537 -84.908679 -5.290532 1.000000
114635 -20.204889 -85.443549 -9.018618 1.000000
114636 -19.602176 -85.909531 -8.874632 1.000000
114637 -19.711480 -85.449249 -9.166880 1.000000
114638 -19.165570 -85.349932 -9.324852 1.000000
114639 -18.676411 -85.035503 -9.484793 1.000000
114640 -17.573154 -82.515866 -8.939891 1.000000
114641 -17.435946 -83.234742 -9.217125 1.000000
114642 -17.085414 -83.039768 -9.485762 1.000000
114643 -16.703932 -83.606571 -10.038611 1.000000
114644 -16.222106 -84.226348 -10.591161 1.000000
114645 -15.772579 -84.822647 -11.092676 1.000000
114646 -15.777582 -83.941363 -10.889129 1.000000
114647 -15.515110 -83.397947 -11.316929 1.000000
114648 -15.289545 -82.933821 -11.777950 1.000000
114649 -20.758647 -77.159420 -6.719213 1.000000
114650 -20.482136 -77.851355 -7.062467 1.000000
114651 -20.251775 -77.537939 -7.279020 1.000000
114652 -19.679649 -78.109972 -7.972478 1.000000
114653 -19.168347 -78.584820 -8.586704 1.000000
114654 -17.525209 -78.340389 -10.864092 1.000000
114655 -17.833143 -78.769282 -10.609621 1.000000
114656 -17.245021 -79.003684 -11.234222 1.000000
114657 -16.849400 -79.696216 -11.592446 1.000000
114658 -16.409069 -80.345184 -11.946745 1.000000
114659 -15.785905 -80.991723 -12.288248 1.000000
114660 -15.592491 -80.682576 -12.396079 1.000000
114661 -14.593340 -81.047937 -12.462628 1.000000
114662 -13.484477 -81.479818 -12.286467 1.000000
114663 -12.470190 -81.905089 -11.907842 1.000000
114664 -13.084528 -81.153803 -11.608997 1.000000
114665 -12.888806 -81.069238 -10.770073 1.000000
114666 -12.831775 -81.044421 -9.905386 1.000000
114667 -14.032514 -78.181624 -7.792929 1.000000
114668 -13.931684 -79.197079 -7.861098 1.000000
114669 -13.723343 -78.661621 -7.120461 1.000000
114670 -13.407099 -79.092816 -6.374159 1.000000
114671 -12.899188 -79.615518 -5.722091 1.000000
114672 -12.166241 -80.107391 -5.094292 1.000000
114673 -12.436388 -78.907594 -5.284206 1.000000
115390 -30.430181 -88.649675 -5.326682 1.000000
115391 -30.633999 -88.767074 -5.718326 1.000000
115392 -31.395476 -88.156551 -5.567523 1.000000
115393 -32.507099 -87.806471 -5.611584 1.000000
115394 -33.603862 -87.619074 -5.475902 1.000000
115395 -34.101814 -86.975805 -4.471790 1.000000
115396 -34.360614 -87.245069 -4.860728 1.000000
115397 -34.617577 -87.560140 -5.249958 1.000000
115398 -35.557769 -87.646604 -4.990501 1.000000
115399 -36.383510 -87.666489 -4.701429 1.000000
115400 -37.243463 -87.717712 -4.460030 1.000000
117886 -25.216587 -92.800103 8.111723 1.000000
117887 -24.785412 -92.465900 7.525232 1.000000
117888 -24.390563 -92.149399 6.915263 1.000000
117889 -25.078868 -91.982283 7.444969 1.000000
118413 -15.260156 -87.868616 -8.557001 1.000000
118414 -15.696587 -87.412477 -9.142004 1.000000
118415 -25.676783 -71.349122 -4.386744 1.000000
118416 -24.883021 -71.814984 -4.468427 1.000000
118417 -25.214618 -70.965089 -4.450923 1.000000
118418 -24.739480 -70.573591 -4.657924 1.000000
118419 -24.305133 -70.066512 -4.957566 1.000000
118421 -24.653926 -69.103904 -5.138746 1.000000
118422 -23.882858 -69.622606 -5.379188 1.000000
118423 -23.545297 -69.062188 -5.916839 1.000000
119139 -33.381600 -90.651155 -8.100699 1.000000
119140 -32.656729 -91.059424 -8.325071 1.000000
119141 -33.694550 -90.819620 -8.422472 1.000000
119142 -34.023691 -90.875320 -8.756707 1.000000
119143 -34.236424 -90.738922 -9.089628 1.000000
119144 -35.817560 -89.980558 -8.751204 1.000000
119145 -35.122063 -90.241469 -9.059295 1.000000
119146 -34.434602 -90.482362 -9.347739 1.000000
119147 -34.609504 -90.131789 -9.563707 1.000000
119148 -34.727134 -89.710556 -9.783441 1.000000
119149 -34.863256 -89.281224 -10.084386 1.000000
119150 -35.029814 -88.894941 -10.490696 1.000000
119151 -35.760507 -88.567883 -10.123490 1.000000
119154 -38.037438 -87.352619 -9.472762 1.000000
120924 -24.578007 -82.853779 -11.649409 1.000000
120925 -24.019344 -82.848504 -11.216029 1.000000
120926 -24.978621 -82.424715 -10.963994 1.000000
122825 -29.605871 -88.951938 -15.119710 1.000000
122826 -28.801864 -89.408286 -14.702871 1.000000
122827 -28.782904 -88.863634 -14.695409 1.000000
122828 -28.111175 -88.825844 -14.305067 1.000000
122829 -27.357651 -88.843994 -14.047076 1.000000
122830 -27.871847 -87.998122 -14.832269 1.000000
122831 -27.299801 -88.375144 -14.226774 1.000000
122832 -26.609018 -88.938437 -13.762073 1.000000
122833 -25.878025 -89.085169 -13.440979 1.000000
122834 -25.156168 -89.327574 -13.061603 1.000000
122835 -24.524789 -89.604087 -12.735704 1.000000
122836 -23.930663 -90.014726 -12.394595 1.000000
122837 -24.497289 -89.179702 -12.933521 1.000000
122838 -24.411999 -88.832386 -13.184677 1.000000
122839 -24.296604 -88.555269 -13.433455 1.000000
122840 -25.297275 -87.897226 -14.531537 1.000000
122841 -24.673125 -88.088758 -14.127504 1.000000
122842 -24.117131 -88.280104 -13.702240 1.000000
122843 -23.934204 -87.827437 -13.796467 1.000000
122844 -23.793925 -87.265216 -13.805185 1.000000
122845 -23.678722 -86.657152 -13.766020 1.000000
122846 -23.543356 -86.156026 -13.565381 1.000000
122847 -23.920313 -86.057670 -14.215815 1.000000
122848 -24.407292 -85.335247 -14.601681 1.000000
122849 -25.260516 -84.624909 -14.627658 1.000000
122850 -26.079718 -85.059375 -15.165912 1.000000
122851 -26.166480 -84.514163 -14.780747 1.000000
122852 -26.305649 -84.039286 -14.434991 1.000000
122853 -27.371917 -83.706103 -14.174289 1.000000
122854 -28.457623 -83.397634 -13.892599 1.000000
122855 -29.544087 -83.001167 -13.613401 1.000000
126343 -32.246716 -84.629200 7.295590 1.000000
126344 -32.027878 -84.129706 7.050025 1.000000
126346 -32.544270 -83.421133 7.289224 1.000000
126347 -31.895403 -83.622485 6.865465 1.000000
126348 -31.765372 -83.087355 6.656957 1.000000
126349 -31.642132 -82.610898 6.431268 1.000000
126350 -31.660199 -82.161546 6.151576 1.000000
126360 -34.810830 -80.776140 3.980906 1.000000
126361 -34.324978 -81.264310 3.467135 1.000000
126362 -33.855356 -81.709616 2.926862 1.000000
126363 -34.807526 -81.543811 3.348598 1.000000
126364 -35.339348 -81.804790 3.191948 1.000000
126365 -35.865333 -82.100049 3.076467 1.000000
126367 -36.715113 -82.026586 3.339092 1.000000
126368 -36.369335 -82.404964 2.969001 1.000000
126369 -36.920380 -82.711667 2.788479 1.000000
126603 -21.120435 -96.420310 6.376127 1.000000
126604 -20.932576 -96.951321 6.469757 1.000000
126605 -20.588562 -96.761733 5.541255 1.000000
126606 -20.208614 -97.165026 4.792249 1.000000
126607 -19.875741 -97.587340 4.176873 1.000000
126608 -20.390064 -97.323276 3.465889 1.000000
126609 -20.076595 -97.751111 3.598556 1.000000
126610 -19.660564 -98.131329 3.685366 1.000000
126611 -19.481281 -98.721087 3.317303 1.000000
126616 -19.897331 -99.848039 1.912127 1.000000
126617 -20.416800 -99.762030 1.407517 1.000000
126618 -21.404210 -99.204764 1.572632 1.000000
126619 -21.160856 -99.436387 1.200393 1.000000
126620 -20.917725 -99.500045 0.842898 1.000000
126621 -21.337347 -99.257715 0.321310 1.000000
126622 -21.656454 -99.027991 -0.164878 1.000000
126623 -22.005878 -98.761886 -0.682106 1.000000
126624 -22.371497 -98.532774 -1.196417 1.000000
126625 -22.721563 -98.581403 -0.713809 1.000000
126626 -23.389895 -98.386623 -0.588926 1.000000
126627 -23.993962 -98.104022 -0.448042 1.000000
126628 -23.893958 -97.967789 0.435870 1.000000
126629 -24.247674 -97.815469 0.065674 1.000000
126630 -24.542658 -97.652636 -0.382009 1.000000
126631 -24.946561 -97.020313 -0.459854 1.000000
126632 -25.169009 -96.374862 -0.491612 1.000000
126633 -25.383748 -95.797986 -0.561250 1.000000
126634 -24.066534 -90.217546 1.937905 1.000000
126635 -24.103794 -90.799958 1.368465 1.000000
126636 -24.389241 -90.128139 1.438922 1.000000
126637 -24.776554 -90.078995 0.991207 1.000000
126638 -25.263157 -90.040967 0.568167 1.000000
126639 -25.540635 -88.630356 1.043835 1.000000
126640 -25.662018 -89.317039 0.581970 1.000000
126641 -25.840908 -90.030596 0.152974 1.000000
126642 -26.555736 -90.031326 -0.305366 1.000000
126643 -27.140591 -89.978285 -0.695052 1.000000
126644 -27.666800 -89.879617 -1.129331 1.000000
126645 -28.144490 -89.844786 -1.590095 1.000000
126646 -27.991565 -89.194894 -1.229743 1.000000
126647 -28.271860 -88.437192 -1.402635 1.000000
126648 -28.556300 -87.701365 -1.531398 1.000000
126649 -27.928870 -87.066248 -0.613975 1.000000
126650 -28.438374 -86.982802 -1.124108 1.000000
126651 -28.894983 -86.917289 -1.603185 1.000000
126652 -29.288525 -86.147718 -1.643518 1.000000
126653 -29.806726 -85.545585 -1.503813 1.000000
126654 -30.498181 -84.972069 -1.235938 1.000000
128201 -20.168314 -83.128199 -7.858786 1.000000
128202 -19.517414 -83.560877 -8.277978 1.000000
128203 -19.578461 -82.913220 -7.823475 1.000000
128204 -19.025737 -82.601145 -7.908391 1.000000
128205 -18.517029 -82.305036 -8.151296 1.000000
128206 -19.414287 -81.375346 -7.472571 1.000000
128207 -18.761676 -81.660017 -7.919103 1.000000
128208 -18.150259 -82.036547 -8.397100 1.000000
128209 -17.899442 -81.830613 -8.687689 1.000000
128210 -17.678648 -81.613123 -8.968303 1.000000
128211 -17.592341 -81.342272 -9.360968 1.000000
128212 -19.634442 -76.023087 -7.816719 1.000000
128213 -19.464634 -76.917961 -8.105322 1.000000
128214 -19.247249 -76.638505 -8.435164 1.000000
128215 -18.842159 -77.006266 -9.140673 1.000000
128216 -18.412717 -77.335224 -9.807539 1.000000
128218 -17.989486 -76.896988 -9.993508 1.000000
128219 -17.827554 -77.648476 -10.409093 1.000000
128220 -17.057797 -78.048766 -10.737719 1.000000
128221 -16.276000 -78.457862 -10.909925 1.000000
128222 -15.502370 -78.931019 -10.792105 1.000000
128223 -14.786749 -79.428770 -10.533797 1.000000
128224 -15.318087 -78.868553 -10.183659 1.000000
128225 -14.985716 -78.625046 -9.503877 1.000000
128226 -14.739734 -78.299537 -8.878338 1.000000
128228 -14.852443 -77.436507 -8.611982 1.000000
128229 -14.425060 -77.791944 -8.293440 1.000000
128230 -13.948987 -77.161215 -7.933160 1.000000
129154 -28.355256 -94.374843 -4.658631 1.000000
129155 -28.301846 -94.524667 -5.228866 1.000000
129156 -28.390508 -93.991764 -5.167149 1.000000
129157 -28.533215 -93.425840 -5.787627 1.000000
129158 -28.856533 -92.819080 -6.390752 1.000000
129159 -28.929997 -91.961950 -5.880446 1.000000
129160 -29.150235 -92.068255 -6.403211 1.000000
129161 -29.376963 -92.159867 -6.871701 1.000000
129162 -30.097209 -91.520280 -7.204115 1.000000
129163 -30.962344 -91.037355 -7.462911 1.000000
129164 -31.953596 -90.673171 -7.674528 1.000000
129165 -30.878033 -88.950291 -6.071759 1.000000
129166 -31.160733 -89.140043 -6.398271 1.000000
129167 -31.478316 -89.332074 -6.693710 1.000000
129168 -33.408277 -88.607639 -6.640135 1.000000
129169 -32.612190 -89.033797 -6.900624 1.000000
129170 -31.831514 -89.605309 -6.969149 1.000000
129171 -32.250848 -89.870602 -7.245695 1.000000
129172 -32.686803 -90.141766 -7.529737 1.000000
129173 -33.062477 -90.407610 -7.805150 1.000000
129174 -34.122266 -90.261705 -7.872066 1.000000
129175 -35.141561 -90.128094 -7.856209 1.000000
129176 -36.005560 -89.827985 -7.904411 1.000000
129177 -36.242828 -89.370348 -7.299854 1.000000
129178 -36.510017 -89.453295 -7.604213 1.000000
129179 -36.773734 -89.416482 -7.916692 1.000000
129180 -37.435539 -88.864215 -7.916398 1.000000
129181 -38.150463 -88.150635 -7.816507 1.000000
129182 -38.757119 -87.499075 -7.713611 1.000000
132489 -29.729523 -92.581682 -13.945737 1.000000
132490 -29.231593 -92.822492 -14.396754 1.000000
132491 -29.851526 -92.090502 -14.305755 1.000000
132492 -29.952668 -91.605209 -14.647461 1.000000
132493 -30.072682 -91.165476 -14.955829 1.000000
132494 -31.644277 -90.477154 -14.962184 1.000000
132495 -30.901661 -90.663128 -15.112220 1.000000
132496 -30.140545 -90.776935 -15.192010 1.000000
132497 -30.207828 -90.361588 -15.338530 1.000000
132498 -30.275071 -89.929365 -15.402096 1.000000
132499 -30.337600 -89.504711 -15.417378 1.000000
132501 -34.528416 -88.356249 -15.750635 1.000000
132502 -33.686943 -88.615961 -15.974032 1.000000
132504 -33.695757 -88.145666 -16.197640 1.000000
132505 -32.766245 -88.864312 -16.083907 1.000000
132506 -31.873453 -89.027941 -16.027270 1.000000
132507 -31.138819 -89.012772 -15.778769 1.000000
132508 -30.349698 -89.027904 -15.442999 1.000000
132509 -30.311879 -88.542312 -15.511038 1.000000
132510 -30.210491 -88.053480 -15.624318 1.000000
132511 -29.991670 -87.604910 -15.837338 1.000000
132512 -31.545736 -87.041631 -16.408542 1.000000
132513 -30.622493 -87.125719 -16.248891 1.000000
132514 -29.799988 -87.173797 -16.069947 1.000000
132515 -29.649299 -86.748876 -16.299188 1.000000
132516 -29.561011 -86.300015 -16.515935 1.000000
132517 -29.614482 -85.744761 -16.411126 1.000000
132518 -29.653370 -85.232772 -16.165463 1.000000
132519 -30.618154 -85.113361 -16.253276 1.000000
132522 -33.151831 -83.912998 -15.693454 1.000000
135916 -22.515401 -96.577883 8.787557 1.000000
135917 -22.141641 -96.339561 7.972246 1.000000
135919 -25.456775 -95.114201 10.116767 1.000000
135920 -24.665844 -95.154159 9.680955 1.000000
135922 -24.193456 -94.822466 9.083543 1.000000
135923 -23.847165 -95.312394 9.152702 1.000000
135924 -23.050830 -95.519677 8.529394 1.000000
135925 -22.353046 -95.787175 7.885726 1.000000
135926 -21.733949 -96.101910 7.147823 1.000000
135927 -21.285290 -95.894217 6.328914 1.000000
135928 -20.916553 -95.743559 5.463260 1.000000
135929 -20.698491 -95.634773 4.550850 1.000000
135930 -21.450311 -94.650373 5.344300 1.000000
135931 -21.000311 -95.120355 4.520793 1.000000
135932 -20.751586 -95.747411 3.741344 1.000000
135933 -20.925565 -95.875792 2.969406 1.000000
135934 -21.310758 -95.927894 2.314112 1.000000
135935 -21.795986 -95.944710 1.853955 1.000000
135936 -22.341873 -95.938466 1.522276 1.000000
135937 -22.043433 -95.333539 1.839764 1.000000
135938 -22.339869 -94.638325 1.837076 1.000000
135939 -22.656376 -93.953528 1.929411 1.000000
135940 -22.297902 -93.492851 3.201187 1.000000
135941 -22.559477 -93.382642 2.632561 1.000000
135942 -22.921234 -93.300745 2.177424 1.000000
135943 -23.079971 -92.577316 2.283112 1.000000
135944 -23.304591 -91.814443 2.379996 1.000000
135945 -23.551479 -91.082022 2.443872 1.000000
135946 -24.050970 -91.825113 6.222945 1.000000
135947 -23.806082 -91.483027 5.614053 1.000000
135948 -23.666954 -91.181055 5.047280 1.000000
135950 -24.057288 -90.605974 5.112504 1.000000
135951 -23.634745 -90.978906 4.423118 1.000000
135952 -23.612779 -90.789855 3.749541 1.000000
135953 -23.693714 -90.606920 3.109073 1.000000
135954 -23.795245 -90.426490 2.483605 1.000000
135955 -24.183584 -89.704961 2.588657 1.000000
135956 -24.564896 -88.966325 2.643227 1.000000
135957 -24.925875 -88.238128 2.648180 1.000000
135958 -25.096642 -88.031225 3.845719 1.000000
135959 -25.142487 -87.750040 3.216332 1.000000
135960 -25.327992 -87.535322 2.613797 1.000000
135961 -25.824301 -86.833321 2.541790 1.000000
135962 -26.349828 -86.142868 2.471960 1.000000
135963 -26.875820 -85.486561 2.422853 1.000000
137361 -11.673931 -86.591378 -12.957751 1.000000
137362 -11.938470 -85.740201 -13.256948 1.000000
137363 -22.813991 -77.895343 -5.532283 1.000000
137364 -21.971598 -78.239508 -5.819134 1.000000
137365 -22.406317 -77.517375 -5.637506 1.000000
137366 -22.016952 -77.141203 -5.811913 1.000000
137367 -21.664867 -76.862082 -5.927813 1.000000
137368 -22.667421 -75.691305 -5.194629 1.000000
137369 -21.952558 -76.192364 -5.601917 1.000000
137370 -21.331064 -76.673947 -6.151849 1.000000
137371 -20.942248 -76.382115 -6.310121 1.000000
137372 -20.620111 -76.105230 -6.570754 1.000000
137373 -20.319272 -75.801283 -6.858615 1.000000
137374 -23.999212 -72.386459 -4.631782 1.000000
137375 -23.220792 -72.820447 -4.861222 1.000000
137376 -22.462286 -73.279440 -5.210292 1.000000
137377 -22.385761 -71.930684 -5.536039 1.000000
137378 -22.083370 -72.854280 -5.535083 1.000000
137379 -21.742688 -73.806502 -5.649714 1.000000
137380 -21.107070 -74.325256 -6.088952 1.000000
137381 -20.518428 -74.912988 -6.660087 1.000000
137382 -20.051792 -75.457864 -7.228110 1.000000
137383 -19.780718 -75.062670 -7.620704 1.000000
139273 -28.436627 -94.394773 -13.862175 1.000000
139274 -29.013043 -93.746573 -13.687667 1.000000
139275 -28.199978 -94.578087 -5.850696 1.000000
139278 -28.889781 -93.441866 -7.533836 1.000000
139284 -31.981789 -91.526709 -8.551043 1.000000
139285 -31.325873 -92.009008 -8.784570 1.000000
139286 -30.712701 -92.481300 -9.025789 1.000000
139287 -31.779539 -91.985591 -9.667041 1.000000
139288 -30.935556 -92.501454 -9.508962 1.000000
139289 -30.161086 -92.874065 -9.313217 1.000000
139290 -29.628951 -93.235888 -9.685622 1.000000
139294 -29.070059 -94.220839 -11.574122 1.000000
139295 -29.227335 -94.135582 -12.042460 1.000000
139296 -30.215424 -93.022265 -11.577402 1.000000
139297 -29.758936 -93.487628 -11.971552 1.000000
139298 -29.339319 -93.989871 -12.456624 1.000000
139299 -29.429479 -93.741864 -12.860614 1.000000
139300 -29.512186 -93.408130 -13.238093 1.000000
139301 -29.575409 -93.027942 -13.595325 1.000000
139302 -30.217331 -92.178345 -13.575983 1.000000
139303 -30.993022 -91.361076 -13.615603 1.000000
139304 -31.855069 -90.730011 -13.742071 1.000000
139305 -32.255787 -90.493612 -12.832632 1.000000
139306 -32.558665 -90.314113 -13.370846 1.000000
139307 -32.838393 -90.145215 -13.923826 1.000000
139308 -33.850074 -89.526534 -14.046247 1.000000
139311 -35.203632 -88.602811 -11.020515 1.000000
143949 -20.720067 -87.478384 -7.971059 1.000000
143950 -19.975496 -87.390594 -7.615909 1.000000
143951 -20.776022 -86.888656 -8.065347 1.000000
143952 -20.771137 -86.304069 -8.309182 1.000000
143953 -20.801637 -85.869595 -8.710209 1.000000
143954 -21.947917 -85.230298 -9.503770 1.000000
143955 -21.400983 -85.323505 -9.200254 1.000000
143956 -20.758519 -85.397691 -8.977924 1.000000
143957 -20.788928 -84.923968 -9.097176 1.000000
143958 -20.818608 -84.380478 -8.975210 1.000000
143959 -20.723706 -83.720349 -8.546292 1.000000
143960 -23.643320 -82.808658 -10.762945 1.000000
143961 -23.242975 -82.881205 -10.353185 1.000000
143962 -22.847842 -82.958251 -9.865006 1.000000
143964 -23.162657 -82.459874 -9.226027 1.000000
143965 -22.480136 -83.017863 -9.335307 1.000000
143966 -22.014169 -83.065018 -8.832283 1.000000
143967 -21.414759 -83.141983 -8.404904 1.000000
143968 -20.790424 -83.240867 -8.062748 1.000000
143969 -20.944675 -82.688659 -7.595237 1.000000
143970 -21.184854 -82.120799 -7.155631 1.000000
143971 -21.431386 -81.571244 -6.812786 1.000000
143972 -22.964153 -81.252821 -6.868956 1.000000
143973 -22.307064 -81.188008 -6.594280 1.000000
143974 -21.730930 -80.948889 -6.433930 1.000000
143975 -22.038290 -80.326647 -6.188547 1.000000
143976 -22.373525 -79.658307 -5.932026 1.000000
143977 -22.746768 -78.970619 -5.690794 1.000000
144003 -23.656495 -78.622207 -5.498994 1.000000
144004 -23.147771 -78.264296 -5.497904 1.000000
144005 -23.585163 -77.515550 -5.239844 1.000000
144006 -24.024781 -76.741368 -5.020040 1.000000
144007 -24.399264 -75.959675 -4.829411 1.000000
144009 -25.323568 -75.477451 -4.807101 1.000000
144010 -24.779305 -75.124130 -4.712771 1.000000
144011 -25.085540 -74.281484 -4.612241 1.000000
144012 -25.448842 -73.443465 -4.496478 1.000000
144013 -25.830964 -72.541058 -4.429913 1.000000
144021 -26.610544 -72.028503 -4.478805 1.000000
144022 -26.220944 -71.705669 -4.410704 1.000000
144023 -26.478076 -70.867479 -4.414103 1.000000
144026 -28.455917 -68.869822 -5.024702 1.000000
148843 -18.637162 -89.379020 -7.238691 1.000000
148844 -19.636406 -88.717237 -7.480582 1.000000
148872 -28.573435 -92.990696 -14.748074 1.000000
148873 -27.892863 -93.195327 -15.200264 1.000000
148874 -27.124157 -93.286850 -15.574910 1.000000
148875 -27.828045 -92.091903 -15.207436 1.000000
148876 -27.060455 -92.704222 -15.497424 1.000000
148877 -26.331645 -93.372978 -15.848299 1.000000
148878 -25.501633 -93.469687 -15.974309 1.000000
148881 -27.997626 -89.956403 -14.444084 1.000000
148882 -27.161656 -90.605274 -14.351382 1.000000
148883 -26.374182 -91.228805 -14.444334 1.000000
148884 -25.742544 -90.819925 -13.899302 1.000000
148885 -25.621869 -91.375843 -14.360908 1.000000
148886 -25.554676 -91.821581 -14.806640 1.000000
148887 -24.741480 -92.467971 -15.150106 1.000000
148908 -23.299042 -90.414181 -12.063021 1.000000
148911 -22.753356 -89.713879 -11.721605 1.000000
148923 -20.151941 -89.172021 -8.260604 1.000000
148924 -20.420814 -88.533953 -8.002864 1.000000
148925 -20.605113 -88.001817 -7.947523 1.000000
148926 -21.379054 -87.422796 -8.501877 1.000000
148927 -22.046238 -86.826369 -9.061472 1.000000
148928 -22.532342 -86.171836 -9.762018 1.000000
148929 -22.796823 -86.363405 -10.538133 1.000000
148930 -22.850597 -85.926928 -10.488325 1.000000
148931 -22.871003 -85.484974 -10.473165 1.000000
148932 -23.012007 -84.909625 -11.146414 1.000000
148933 -23.250178 -84.320679 -11.721484 1.000000
148934 -23.569366 -83.736189 -12.128868 1.000000
148935 -23.483006 -85.656606 -13.428149 1.000000
148936 -23.473514 -85.169494 -13.331522 1.000000
148937 -23.514563 -84.705099 -13.252485 1.000000
148938 -24.820657 -83.828323 -13.911049 1.000000
148939 -24.105849 -84.063157 -13.649654 1.000000
148940 -23.660991 -84.301434 -13.129150 1.000000
148941 -23.858685 -83.963268 -12.907532 1.000000
148942 -24.017449 -83.612472 -12.573605 1.000000
148943 -24.268322 -83.229169 -12.163585 1.000000
148944 -25.173170 -82.791030 -12.035429 1.000000
148947 -27.716277 -82.388334 -11.893369 1.000000
148953 -29.718999 -84.758796 -15.792178 1.000000
148954 -29.842880 -84.365845 -15.224153 1.000000
148955 -29.954571 -83.964743 -14.782221 1.000000
148957 -30.841727 -83.375141 -14.496705 1.000000
148958 -30.048773 -83.598465 -14.373709 1.000000
148959 -30.162988 -83.277158 -14.004740 1.000000
148960 -30.234937 -82.878724 -13.658613 1.000000
148961 -30.335501 -82.479998 -13.262364 1.000000
148969 -31.240646 -81.833936 -12.663929 1.000000
148970 -30.487254 -82.067370 -12.798993 1.000000
148971 -30.696472 -81.572160 -12.244133 1.000000
148972 -30.878576 -81.077807 -11.751570 1.000000
148973 -31.026758 -80.571458 -11.299200 1.000000
148976 -31.174174 -80.001853 -10.933821 1.000000
148977 -31.299740 -79.363681 -10.794515 1.000000
156550 -36.362693 -85.368268 -1.276431 1.000000
156551 -36.909040 -85.706189 -1.408362 1.000000
156552 -37.151903 -85.504621 -0.914322 1.000000
157940 -30.192697 -85.164353 6.496979 1.000000
157947 -27.038334 -86.377762 5.101893 1.000000
157948 -26.995707 -85.990131 4.523116 1.000000
157949 -28.095281 -84.985226 4.603906 1.000000
157950 -27.539419 -85.241131 4.284834 1.000000
157951 -26.998676 -85.605912 3.971224 1.000000
157952 -27.102230 -85.294582 3.402818 1.000000
157953 -27.321044 -85.024096 2.807233 1.000000
157954 -27.528552 -84.783696 2.199639 1.000000
157962 -32.287225 -81.498951 6.355934 1.000000
157963 -31.721741 -81.753187 5.844834 1.000000
157971 -31.834796 -81.418090 5.508136 1.000000
157972 -31.199610 -82.032755 5.289761 1.000000
157973 -30.664073 -82.314081 4.677362 1.000000
157974 -30.189853 -82.629800 4.094692 1.000000
157975 -29.707137 -82.982890 3.536562 1.000000
157976 -30.658102 -82.177609 3.357946 1.000000
157977 -29.934632 -82.713425 3.152828 1.000000
157978 -29.223712 -83.338216 3.005182 1.000000
157979 -28.793558 -83.716474 2.533291 1.000000
157980 -28.307473 -84.148452 2.031029 1.000000
157981 -27.922668 -84.661454 1.617672 1.000000
157982 -28.309943 -84.567942 1.072366 1.000000
157983 -28.819066 -84.537551 0.581048 1.000000
157984 -29.308746 -84.534772 0.150609 1.000000
157985 -30.463181 -83.484910 0.860947 1.000000
157986 -30.155187 -83.998576 0.293657 1.000000
157987 -29.811230 -84.493965 -0.218912 1.000000
157988 -30.344855 -84.488437 -0.496930 1.000000
157989 -30.893408 -84.462926 -0.777680 1.000000
157990 -31.390853 -84.523544 -0.926973 1.000000
157991 -33.546746 -82.199231 2.430029 1.000000
157992 -33.335067 -82.644172 1.862316 1.000000
157993 -33.117343 -83.075084 1.232828 1.000000
157994 -34.482691 -83.084770 1.651601 1.000000
157995 -33.686515 -83.243430 1.127622 1.000000
157996 -32.881141 -83.472252 0.654737 1.000000
157997 -32.621969 -83.846770 0.014776 1.000000
157998 -32.293670 -84.237441 -0.538948 1.000000
157999 -31.925589 -84.630392 -1.050012 1.000000
158000 -32.538854 -84.747829 -1.186309 1.000000
158001 -33.155702 -84.859349 -1.316027 1.000000
158002 -33.781670 -84.954210 -1.403382 1.000000
158003 -34.995105 -84.544286 -0.231523 1.000000
158004 -34.677688 -84.758870 -0.787252 1.000000
158005 -34.381647 -84.955387 -1.409188 1.000000
158006 -34.997419 -85.000552 -1.429321 1.000000
158007 -35.695516 -85.201085 -1.359116 1.000000
158008 -35.441682 -85.437328 -1.961035 1.000000
158614 -20.643771 -97.417533 6.549034 1.000000
158617 -19.060006 -98.179273 5.222102 1.000000
158644 -19.141287 -100.107051 0.713566 1.000000
158668 -22.831989 -98.330535 -1.770785 1.000000
158671 -24.656240 -97.971126 -2.206813 1.000000
158680 -27.240423 -97.154528 -3.289003 1.000000
158684 -28.326374 -95.623478 -4.249669 1.000000
158685 -28.448993 -94.939038 -4.123995 1.000000
158686 -22.845922 -95.811144 1.209706 1.000000
158687 -23.326855 -95.691696 0.893920 1.000000
158688 -23.782009 -95.588304 0.565661 1.000000
158689 -23.574544 -94.361722 0.785130 1.000000
158690 -23.853878 -94.919354 0.468492 1.000000
158691 -24.194991 -95.460400 0.293293 1.000000
158692 -24.634928 -95.359668 0.017476 1.000000
158693 -25.117930 -95.280357 -0.296730 1.000000
158694 -25.624838 -95.207594 -0.670194 1.000000
158695 -24.233809 -91.484636 0.862510 1.000000
158696 -24.484033 -92.174634 0.446593 1.000000
158697 -24.769675 -92.744693 0.032060 1.000000
158698 -25.591670 -91.991931 -0.256997 1.000000
158699 -25.345908 -92.641257 -0.261370 1.000000
158700 -25.136610 -93.310975 -0.251517 1.000000
158701 -25.512736 -93.915284 -0.521824 1.000000
158702 -25.872631 -94.528794 -0.814560 1.000000
158703 -26.128290 -95.150463 -1.057992 1.000000
158704 -26.738103 -95.055953 -1.370274 1.000000
158705 -27.397141 -94.936386 -1.670997 1.000000
158706 -28.031122 -94.757482 -2.000559 1.000000
158707 -27.883906 -93.584917 -1.720790 1.000000
158708 -28.140310 -94.066575 -2.065730 1.000000
158709 -28.333247 -94.568543 -2.480175 1.000000
158710 -28.491687 -94.418265 -3.046921 1.000000
158711 -28.474865 -94.378039 -3.601030 1.000000
158712 -28.379451 -94.415255 -4.141684 1.000000
158713 -28.320171 -93.840100 -4.186119 1.000000
158714 -28.277026 -93.207739 -4.268663 1.000000
158715 -28.232295 -92.569396 -4.383627 1.000000
158716 -28.150726 -92.052840 -3.558452 1.000000
158717 -28.179972 -92.007309 -4.037114 1.000000
158718 -28.271886 -91.922194 -4.523270 1.000000
158719 -28.413380 -91.213435 -4.630210 1.000000
158720 -28.705601 -90.463780 -4.748172 1.000000
158721 -29.204562 -89.653894 -4.925656 1.000000
158722 -28.484944 -89.854494 -2.098853 1.000000
158723 -28.627751 -89.847565 -2.578597 1.000000
158724 -28.714748 -89.777723 -3.052087 1.000000
158725 -29.250531 -88.443682 -2.827786 1.000000
158726 -29.069278 -89.133814 -3.192798 1.000000
158727 -28.904187 -89.653611 -3.595271 1.000000
158728 -29.089198 -89.451812 -4.146945 1.000000
158729 -29.403118 -89.205310 -4.579226 1.000000
158730 -29.835241 -88.951603 -4.978625 1.000000
158731 -30.613484 -88.301890 -4.860557 1.000000
158732 -31.411190 -87.696083 -4.586533 1.000000
158733 -32.224372 -87.105058 -4.151499 1.000000
158734 -31.773724 -86.727463 -3.464994 1.000000
158735 -32.369010 -86.628281 -3.573443 1.000000
158736 -32.987498 -86.504601 -3.643712 1.000000
158737 -33.858504 -86.016379 -3.095100 1.000000
158738 -34.694683 -85.656084 -2.539624 1.000000
161656 -37.063099 -85.926741 -1.761809 1.000000
161657 -37.271280 -86.148620 -2.125571 1.000000
161658 -37.490439 -86.370245 -2.501615 1.000000
161660 -38.232800 -86.478002 -2.230758 1.000000
161661 -37.642524 -86.609058 -2.891302 1.000000
161662 -37.738264 -86.926766 -3.314615 1.000000
161663 -37.858535 -87.253451 -3.740305 1.000000
161664 -38.046844 -87.554604 -4.172824 1.000000
161672 -38.795263 -87.289952 -3.985017 1.000000
161673 -38.212113 -87.753557 -4.638593 1.000000
161674 -38.370781 -87.870613 -5.095203 1.000000
161675 -38.535219 -87.897822 -5.536590 1.000000
161676 -38.632281 -87.778427 -5.948269 1.000000
161677 -39.532296 -86.608224 -5.229398 1.000000
161678 -39.122641 -87.128200 -5.753080 1.000000
161679 -38.738545 -87.593220 -6.358064 1.000000
161680 -38.848635 -87.380312 -6.752158 1.000000
161681 -38.998198 -87.127723 -7.118793 1.000000
161682 -39.183922 -86.875610 -7.485692 1.000000
161702 -40.461212 -84.099628 -5.124229 1.000000
161703 -40.128183 -84.682867 -5.604303 1.000000
161705 -40.233895 -84.405921 -5.948175 1.000000
161706 -39.819662 -85.287362 -6.098534 1.000000
161707 -39.612178 -85.755214 -6.642644 1.000000
161708 -39.564792 -86.169541 -7.230882 1.000000
161709 -39.406195 -86.591497 -7.800964 1.000000
161710 -39.664265 -86.267285 -8.036721 1.000000
162709 -19.230852 -87.250777 -7.574541 1.000000
162710 -18.577237 -87.124832 -7.793653 1.000000
162711 -18.035648 -87.191761 -8.132895 1.000000
162712 -18.994903 -86.339787 -8.748073 1.000000
162713 -18.284820 -86.724564 -8.714714 1.000000
162714 -17.494818 -87.157302 -8.549901 1.000000
162715 -16.956668 -87.074019 -8.935119 1.000000
162716 -16.465282 -87.019682 -9.335060 1.000000
162717 -16.068006 -86.901918 -9.718008 1.000000
162718 -19.012552 -83.913103 -8.735944 1.000000
162719 -18.585416 -84.362708 -9.291754 1.000000
162720 -18.118801 -84.897809 -9.796471 1.000000
162721 -17.542103 -84.009655 -9.548712 1.000000
162722 -17.620552 -84.723234 -9.932112 1.000000
162723 -17.579678 -85.407861 -10.110235 1.000000
162724 -16.968545 -85.946575 -10.322460 1.000000
162725 -16.386107 -86.414285 -10.270205 1.000000
162726 -15.715191 -86.898111 -10.218667 1.000000
162727 -15.388308 -86.865984 -10.733046 1.000000
162728 -15.072118 -86.835936 -11.215669 1.000000
162729 -14.706820 -86.700365 -11.749777 1.000000
162730 -15.389155 -85.460342 -11.625258 1.000000
162731 -14.900904 -85.939765 -11.991381 1.000000
162732 -14.251562 -86.387567 -12.298474 1.000000
162733 -13.639392 -85.916609 -12.818807 1.000000
162734 -12.945233 -85.376225 -13.204138 1.000000
162735 -12.238238 -84.846586 -13.351385 1.000000
162736 -21.102957 -78.621909 -6.290471 1.000000
162737 -20.319387 -79.044387 -6.831178 1.000000
162738 -19.715615 -79.493426 -7.302953 1.000000
162739 -20.053301 -78.478351 -7.324882 1.000000
162740 -19.568661 -79.214297 -7.629196 1.000000
162741 -19.102687 -79.929560 -7.872216 1.000000
162742 -18.502330 -80.377720 -8.464957 1.000000
162743 -17.964069 -80.759056 -9.118328 1.000000
162744 -17.464060 -81.035823 -9.767756 1.000000
162745 -19.269275 -77.700160 -8.494219 1.000000
162746 -18.953381 -78.392103 -8.898753 1.000000
162747 -18.614857 -79.070263 -9.251978 1.000000
162748 -17.969338 -79.182185 -10.298686 1.000000
162749 -18.118400 -79.452135 -9.943052 1.000000
162750 -18.176463 -79.665408 -9.598446 1.000000
162751 -17.741224 -80.264829 -9.924517 1.000000
162752 -17.337758 -80.795877 -10.224775 1.000000
162753 -16.888564 -81.343643 -10.434408 1.000000
162754 -16.281001 -81.684649 -11.069434 1.000000
162755 -15.688037 -82.086265 -11.682712 1.000000
162756 -15.021372 -82.565799 -12.221898 1.000000
162757 -15.222995 -81.630029 -12.480645 1.000000
162758 -14.744412 -82.261659 -12.555074 1.000000
162759 -14.272194 -83.093733 -12.668137 1.000000
162760 -13.465501 -83.540328 -13.038226 1.000000
162761 -12.515484 -84.001727 -13.219298 1.000000
162762 -11.535835 -84.371962 -13.146129 1.000000
162763 -11.039998 -83.945274 -12.686847 1.000000
162764 -10.666888 -83.718710 -11.905158 1.000000
162765 -10.519862 -83.525926 -11.027294 1.000000
162766 -11.715279 -82.288183 -11.393635 1.000000
162767 -11.046795 -82.833730 -10.798700 1.000000
162768 -10.520918 -83.409108 -10.167456 1.000000
162769 -10.529426 -83.330750 -9.187471 1.000000
162772 -14.074610 -79.812087 -10.230318 1.000000
162773 -13.478872 -80.378838 -9.642809 1.000000
162774 -12.969098 -80.991037 -9.038232 1.000000
162775 -13.613477 -80.107234 -7.973625 1.000000
162776 -13.048599 -80.968827 -8.239402 1.000000
162777 -12.411303 -81.647374 -8.463531 1.000000
162778 -11.882401 -82.192026 -7.873457 1.000000
162784 -11.338280 -80.568090 -4.500778 1.000000
