#!ascii label  , from subject  vox2ras=TkReg
1478
5657  -20.817  -81.352  -6.798 0.0000000000
63047  -20.559  -81.969  -7.097 0.0000000000
63049  -19.951  -81.685  -7.171 0.0000000000
97734  -20.246  -81.073  -6.910 0.0000000000
97733  -21.118  -80.735  -6.562 0.0000000000
143971  -21.431  -81.571  -6.813 0.0000000000
143974  -21.731  -80.949  -6.434 0.0000000000
28613  -20.353  -82.533  -7.439 0.0000000000
63048  -19.696  -82.327  -7.436 0.0000000000
143970  -21.185  -82.121  -7.156 0.0000000000
128204  -19.026  -82.601  -7.908 0.0000000000
28615  -19.174  -81.957  -7.635 0.0000000000
128203  -19.578  -82.913  -7.823 0.0000000000
128206  -19.414  -81.375  -7.473 0.0000000000
97735  -20.540  -80.449  -6.600 0.0000000000
13337  -21.453  -80.107  -6.189 0.0000000000
143975  -22.038  -80.327  -6.189 0.0000000000
13338  -19.768  -80.742  -7.130 0.0000000000
44058  -20.964  -79.731  -6.305 0.0000000000
97736  -20.157  -80.079  -6.797 0.0000000000
13339  -20.672  -79.342  -6.509 0.0000000000
97737  -19.899  -79.782  -6.983 0.0000000000
63050  -19.475  -80.437  -7.261 0.0000000000
5659  -19.230  -80.222  -7.528 0.0000000000
162737  -20.319  -79.044  -6.831 0.0000000000
162738  -19.716  -79.493  -7.303 0.0000000000
128201  -20.168  -83.128  -7.859 0.0000000000
128202  -19.517  -83.561  -8.278 0.0000000000
28614  -18.967  -83.297  -8.328 0.0000000000
128205  -18.517  -82.305  -8.151 0.0000000000
91225  -18.445  -83.007  -8.475 0.0000000000
5658  -17.962  -82.692  -8.634 0.0000000000
128207  -18.762  -81.660  -7.919 0.0000000000
128208  -18.150  -82.037  -8.397 0.0000000000
63051  -19.131  -81.032  -7.601 0.0000000000
28616  -18.483  -81.425  -8.185 0.0000000000
128209  -17.899  -81.831  -8.688 0.0000000000
114640  -17.573  -82.516  -8.940 0.0000000000
22730  -17.324  -82.272  -9.228 0.0000000000
63053  -18.252  -81.233  -8.402 0.0000000000
128210  -17.679  -81.613  -8.968 0.0000000000
28617  -18.086  -81.021  -8.739 0.0000000000
128211  -17.592  -81.342  -9.361 0.0000000000
53450  -17.232  -82.005  -9.545 0.0000000000
2521  -17.052  -81.635  -10.003 0.0000000000
162743  -17.964  -80.759  -9.118 0.0000000000
162744  -17.464  -81.036  -9.768 0.0000000000
34307  -22.075  -81.729  -6.991 0.0000000000
75640  -21.743  -82.219  -7.444 0.0000000000
143969  -20.945  -82.689  -7.595 0.0000000000
143973  -22.307  -81.188  -6.594 0.0000000000
34308  -22.564  -80.613  -6.271 0.0000000000
75643  -23.208  -80.726  -6.485 0.0000000000
143972  -22.964  -81.253  -6.869 0.0000000000
75645  -22.902  -79.963  -6.024 0.0000000000
143976  -22.374  -79.658  -5.932 0.0000000000
34309  -23.261  -79.277  -5.846 0.0000000000
143977  -22.747  -78.971  -5.691 0.0000000000
44057  -21.849  -79.389  -5.943 0.0000000000
350  -22.325  -78.634  -5.763 0.0000000000
144003  -23.656  -78.622  -5.499 0.0000000000
144004  -23.148  -78.264  -5.498 0.0000000000
34318  -24.116  -77.887  -5.247 0.0000000000
75668  -24.578  -78.193  -5.409 0.0000000000
144002  -24.190  -78.901  -5.701 0.0000000000
144005  -23.585  -77.516  -5.240 0.0000000000
137363  -22.814  -77.895  -5.532 0.0000000000
32015  -23.221  -77.169  -5.277 0.0000000000
75670  -24.478  -77.133  -5.049 0.0000000000
144006  -24.025  -76.741  -5.020 0.0000000000
40594  -20.217  -78.748  -7.080 0.0000000000
91241  -20.907  -78.300  -6.574 0.0000000000
162736  -21.103  -78.622  -6.290 0.0000000000
162740  -19.569  -79.214  -7.629 0.0000000000
162741  -19.103  -79.930  -7.872 0.0000000000
40595  -18.934  -79.710  -8.272 0.0000000000
91244  -19.445  -79.027  -7.970 0.0000000000
162739  -20.053  -78.478  -7.325 0.0000000000
162742  -18.502  -80.378  -8.465 0.0000000000
63054  -18.667  -80.602  -8.116 0.0000000000
91246  -18.379  -80.150  -8.888 0.0000000000
40596  -17.895  -80.470  -9.548 0.0000000000
162752  -17.338  -80.796  -10.225 0.0000000000
162753  -16.889  -81.344  -10.434 0.0000000000
40599  -16.752  -81.130  -10.865 0.0000000000
91254  -17.151  -80.571  -10.619 0.0000000000
162751  -17.741  -80.265  -9.925 0.0000000000
162754  -16.281  -81.685  -11.069 0.0000000000
53454  -16.451  -82.025  -10.648 0.0000000000
22734  -15.878  -82.441  -11.208 0.0000000000
91256  -16.150  -81.454  -11.521 0.0000000000
162755  -15.688  -82.086  -11.683 0.0000000000
40600  -15.488  -81.839  -12.086 0.0000000000
162756  -15.021  -82.566  -12.222 0.0000000000
114648  -15.290  -82.934  -11.778 0.0000000000
10119  -14.633  -83.461  -12.327 0.0000000000
162758  -14.744  -82.262  -12.555 0.0000000000
162759  -14.272  -83.094  -12.668 0.0000000000
40601  -13.865  -82.731  -12.918 0.0000000000
91259  -14.382  -82.052  -12.863 0.0000000000
162757  -15.223  -81.630  -12.481 0.0000000000
22741  -14.988  -81.370  -12.682 0.0000000000
114659  -15.786  -80.992  -12.288 0.0000000000
91257  -15.914  -81.286  -11.942 0.0000000000
40598  -17.596  -79.979  -10.303 0.0000000000
162750  -18.176  -79.665  -9.598 0.0000000000
91247  -18.315  -79.884  -9.265 0.0000000000
162749  -18.118  -79.452  -9.943 0.0000000000
162747  -18.615  -79.070  -9.252 0.0000000000
10120  -18.801  -79.257  -8.914 0.0000000000
91252  -17.501  -79.794  -10.684 0.0000000000
162748  -17.969  -79.182  -10.299 0.0000000000
40597  -18.477  -78.822  -9.633 0.0000000000
22739  -17.422  -79.496  -10.946 0.0000000000
114655  -17.833  -78.769  -10.610 0.0000000000
91250  -18.380  -78.520  -9.912 0.0000000000
162746  -18.953  -78.392  -8.899 0.0000000000
114653  -19.168  -78.585  -8.587 0.0000000000
91249  -18.828  -78.144  -9.221 0.0000000000
162745  -19.269  -77.700  -8.494 0.0000000000
22737  -19.467  -77.881  -8.197 0.0000000000
28619  -19.048  -77.378  -8.767 0.0000000000
128213  -19.465  -76.918  -8.105 0.0000000000
53457  -19.668  -77.227  -7.761 0.0000000000
22736  -19.925  -78.350  -7.645 0.0000000000
114650  -20.482  -77.851  -7.062 0.0000000000
91242  -20.645  -77.983  -6.743 0.0000000000
32016  -21.624  -77.875  -6.074 0.0000000000
137364  -21.972  -78.240  -5.819 0.0000000000
44059  -21.479  -78.985  -6.062 0.0000000000
34317  -25.070  -78.432  -5.710 0.0000000000
144001  -24.734  -79.107  -5.976 0.0000000000
75646  -23.806  -79.568  -5.932 0.0000000000
144000  -25.623  -78.618  -6.012 0.0000000000
143998  -25.364  -79.187  -6.246 0.0000000000
7993  -24.428  -79.673  -6.236 0.0000000000
75666  -25.925  -77.870  -5.789 0.0000000000
143999  -26.460  -78.015  -6.117 0.0000000000
34316  -26.213  -78.665  -6.312 0.0000000000
17543  -26.723  -77.295  -6.009 0.0000000000
105303  -27.097  -77.487  -6.457 0.0000000000
75664  -26.928  -78.161  -6.567 0.0000000000
143997  -25.923  -79.302  -6.568 0.0000000000
105292  -25.084  -79.775  -6.509 0.0000000000
75663  -26.784  -78.824  -6.745 0.0000000000
143996  -26.702  -79.419  -6.927 0.0000000000
17536  -25.738  -79.923  -6.859 0.0000000000
34315  -27.429  -78.842  -7.147 0.0000000000
143995  -27.295  -79.383  -7.331 0.0000000000
48256  -26.468  -79.969  -7.237 0.0000000000
143994  -27.923  -78.788  -7.553 0.0000000000
143986  -27.780  -79.360  -7.775 0.0000000000
1781  -27.064  -79.944  -7.678 0.0000000000
75661  -28.000  -78.175  -7.444 0.0000000000
143993  -28.448  -78.081  -7.896 0.0000000000
34312  -28.458  -78.625  -8.009 0.0000000000
34314  -28.500  -77.424  -7.940 0.0000000000
143992  -28.682  -77.268  -8.530 0.0000000000
75654  -28.766  -77.859  -8.486 0.0000000000
143985  -28.341  -79.189  -8.242 0.0000000000
120934  -27.580  -79.902  -8.067 0.0000000000
75653  -28.820  -78.381  -8.603 0.0000000000
143984  -28.769  -78.970  -8.718 0.0000000000
25498  -28.125  -79.778  -8.501 0.0000000000
17535  -23.849  -80.741  -6.810 0.0000000000
105289  -23.538  -81.249  -7.245 0.0000000000
75641  -22.648  -81.737  -7.332 0.0000000000
34306  -21.522  -82.672  -7.929 0.0000000000
143968  -20.790  -83.241  -8.063 0.0000000000
143967  -21.415  -83.142  -8.405 0.0000000000
143959  -20.724  -83.720  -8.546 0.0000000000
1780  -20.119  -83.705  -8.329 0.0000000000
75638  -22.144  -82.604  -8.284 0.0000000000
143966  -22.014  -83.065  -8.832 0.0000000000
34303  -21.376  -83.734  -8.907 0.0000000000
34305  -22.664  -82.545  -8.800 0.0000000000
143965  -22.480  -83.018  -9.335 0.0000000000
75631  -21.938  -83.557  -9.274 0.0000000000
143964  -23.163  -82.460  -9.226 0.0000000000
143962  -22.848  -82.958  -9.865 0.0000000000
7991  -22.345  -83.605  -9.832 0.0000000000
75636  -23.484  -82.097  -8.676 0.0000000000
143963  -23.964  -81.992  -9.150 0.0000000000
34304  -23.544  -82.433  -9.770 0.0000000000
17533  -24.427  -81.634  -8.571 0.0000000000
105285  -24.870  -81.574  -9.024 0.0000000000
75634  -24.440  -81.903  -9.563 0.0000000000
143961  -23.243  -82.881  -10.353 0.0000000000
105283  -22.671  -83.553  -10.367 0.0000000000
75633  -24.037  -82.307  -10.162 0.0000000000
143960  -23.643  -82.809  -10.763 0.0000000000
17531  -23.016  -83.484  -10.883 0.0000000000
25495  -24.462  -82.371  -10.591 0.0000000000
120925  -24.019  -82.849  -11.216 0.0000000000
48251  -23.348  -83.313  -11.330 0.0000000000
143958  -20.819  -84.380  -8.975 0.0000000000
53447  -20.205  -84.299  -8.765 0.0000000000
75630  -21.404  -84.323  -9.221 0.0000000000
143957  -20.789  -84.924  -9.097 0.0000000000
22727  -20.258  -84.910  -9.061 0.0000000000
34302  -21.362  -84.818  -9.341 0.0000000000
143956  -20.759  -85.398  -8.978 0.0000000000
114635  -20.205  -85.444  -9.019 0.0000000000
143955  -21.401  -85.324  -9.200 0.0000000000
75628  -21.877  -84.740  -9.706 0.0000000000
143954  -21.948  -85.230  -9.504 0.0000000000
17530  -22.322  -84.714  -10.069 0.0000000000
105280  -22.435  -85.120  -9.988 0.0000000000
137365  -22.406  -77.517  -5.638 0.0000000000
162718  -19.013  -83.913  -8.736 0.0000000000
53449  -19.575  -84.155  -8.683 0.0000000000
120933  -27.220  -80.453  -8.415 0.0000000000
48252  -26.755  -80.493  -8.055 0.0000000000
57855  -27.778  -80.283  -8.801 0.0000000000
120932  -26.832  -80.850  -8.782 0.0000000000
17532  -26.323  -80.911  -8.417 0.0000000000
25497  -27.370  -80.804  -9.173 0.0000000000
120931  -26.402  -81.249  -9.242 0.0000000000
105284  -25.872  -81.227  -8.857 0.0000000000
120930  -26.916  -81.265  -9.625 0.0000000000
120928  -25.995  -81.655  -9.781 0.0000000000
3925  -25.405  -81.565  -9.422 0.0000000000
57853  -27.935  -80.685  -9.506 0.0000000000
120929  -27.485  -81.269  -9.929 0.0000000000
25496  -26.437  -81.697  -10.156 0.0000000000
11605  -28.333  -80.548  -9.826 0.0000000000
94615  -27.944  -81.186  -10.166 0.0000000000
57851  -27.007  -81.726  -10.380 0.0000000000
120927  -25.470  -82.039  -10.399 0.0000000000
75632  -25.026  -81.939  -9.991 0.0000000000
57850  -26.008  -82.094  -10.725 0.0000000000
120926  -24.979  -82.425  -10.964 0.0000000000
25494  -25.601  -82.475  -11.436 0.0000000000
120924  -24.578  -82.854  -11.649 0.0000000000
1779  -23.754  -83.335  -11.750 0.0000000000
148943  -24.268  -83.229  -12.164 0.0000000000
148944  -25.173  -82.791  -12.035 0.0000000000
114658  -16.409  -80.345  -11.947 0.0000000000
10121  -16.431  -80.689  -11.699 0.0000000000
114660  -15.592  -80.683  -12.396 0.0000000000
22740  -16.115  -79.966  -12.066 0.0000000000
114657  -16.849  -79.696  -11.592 0.0000000000
91251  -16.953  -80.097  -11.348 0.0000000000
53459  -16.515  -79.292  -11.707 0.0000000000
114656  -17.245  -79.004  -11.234 0.0000000000
22738  -16.809  -78.635  -11.226 0.0000000000
114654  -17.525  -78.340  -10.864 0.0000000000
5661  -18.166  -78.033  -10.199 0.0000000000
128219  -17.828  -77.648  -10.409 0.0000000000
128220  -17.058  -78.049  -10.738 0.0000000000
114652  -19.680  -78.110  -7.972 0.0000000000
91243  -19.358  -78.837  -8.297 0.0000000000
53456  -19.936  -77.387  -7.560 0.0000000000
114651  -20.252  -77.538  -7.279 0.0000000000
114649  -20.759  -77.159  -6.719 0.0000000000
7140  -21.056  -77.336  -6.467 0.0000000000
114647  -15.515  -83.398  -11.317 0.0000000000
91235  -14.942  -84.004  -11.883 0.0000000000
53453  -16.030  -82.938  -10.764 0.0000000000
114646  -15.778  -83.941  -10.889 0.0000000000
22732  -16.233  -83.345  -10.324 0.0000000000
114644  -16.222  -84.226  -10.591 0.0000000000
114643  -16.704  -83.607  -10.039 0.0000000000
91228  -16.701  -84.408  -10.293 0.0000000000
53451  -16.791  -82.770  -9.740 0.0000000000
114642  -17.085  -83.040  -9.486 0.0000000000
22731  -17.113  -83.778  -9.763 0.0000000000
114641  -17.436  -83.235  -9.217 0.0000000000
162721  -17.542  -84.010  -9.549 0.0000000000
91227  -17.963  -83.437  -8.999 0.0000000000
114637  -19.711  -85.449  -9.167 0.0000000000
105291  -24.783  -80.354  -6.813 0.0000000000
75642  -24.171  -80.213  -6.465 0.0000000000
48255  -25.486  -80.486  -7.220 0.0000000000
105290  -24.540  -80.875  -7.180 0.0000000000
17534  -25.176  -80.956  -7.608 0.0000000000
105288  -24.178  -81.302  -7.664 0.0000000000
7992  -23.238  -81.723  -7.732 0.0000000000
105287  -24.863  -81.288  -8.054 0.0000000000
75635  -23.818  -81.713  -8.157 0.0000000000
48253  -25.821  -80.939  -8.045 0.0000000000
105286  -25.314  -81.317  -8.494 0.0000000000
105282  -22.662  -84.127  -10.558 0.0000000000
75627  -22.275  -84.159  -10.124 0.0000000000
48250  -23.010  -84.016  -11.072 0.0000000000
105281  -22.753  -84.586  -10.587 0.0000000000
17529  -23.016  -84.506  -11.155 0.0000000000
105279  -22.787  -85.036  -10.570 0.0000000000
148932  -23.012  -84.910  -11.146 0.0000000000
94614  -28.535  -81.157  -10.414 0.0000000000
3924  -27.571  -81.730  -10.662 0.0000000000
94616  -28.908  -80.500  -10.030 0.0000000000
11604  -29.446  -80.459  -10.224 0.0000000000
148949  -28.242  -81.676  -10.849 0.0000000000
148950  -29.175  -81.005  -10.550 0.0000000000
91258  -14.009  -81.753  -12.735 0.0000000000
91260  -13.486  -82.458  -12.909 0.0000000000
10122  -12.946  -82.168  -12.610 0.0000000000
114661  -14.593  -81.048  -12.463 0.0000000000
114662  -13.484  -81.480  -12.286 0.0000000000
91255  -16.553  -80.921  -11.326 0.0000000000
91253  -16.986  -80.368  -11.029 0.0000000000
91248  -18.651  -77.729  -9.502 0.0000000000
128215  -18.842  -77.006  -9.141 0.0000000000
128216  -18.413  -77.335  -9.808 0.0000000000
91245  -18.864  -79.518  -8.624 0.0000000000
91240  -21.327  -77.559  -6.284 0.0000000000
91229  -17.153  -84.542  -10.136 0.0000000000
91226  -18.436  -83.762  -8.915 0.0000000000
40588  -18.074  -84.130  -9.429 0.0000000000
162719  -18.585  -84.363  -9.292 0.0000000000
34319  -24.894  -76.333  -4.898 0.0000000000
75669  -24.973  -77.434  -5.169 0.0000000000
75671  -25.339  -76.657  -5.027 0.0000000000
7996  -25.824  -76.896  -5.243 0.0000000000
75667  -25.416  -77.681  -5.425 0.0000000000
75665  -26.297  -77.129  -5.593 0.0000000000
7995  -27.595  -77.479  -6.913 0.0000000000
75662  -27.493  -78.239  -6.997 0.0000000000
75660  -28.035  -77.556  -7.423 0.0000000000
75644  -23.446  -80.150  -6.191 0.0000000000
75639  -22.317  -82.200  -7.816 0.0000000000
75637  -22.939  -82.131  -8.248 0.0000000000
75629  -21.881  -84.237  -9.670 0.0000000000
63052  -18.827  -80.844  -7.836 0.0000000000
57854  -28.277  -80.138  -9.189 0.0000000000
57856  -28.543  -79.579  -8.914 0.0000000000
3926  -28.987  -79.333  -9.282 0.0000000000
57852  -28.710  -79.918  -9.527 0.0000000000
94617  -29.272  -79.831  -9.777 0.0000000000
94618  -29.401  -79.132  -9.610 0.0000000000
57849  -26.609  -82.130  -11.068 0.0000000000
148945  -26.206  -82.440  -11.707 0.0000000000
148946  -27.289  -82.142  -11.238 0.0000000000
53458  -15.989  -78.978  -11.326 0.0000000000
53460  -15.622  -79.561  -11.766 0.0000000000
2522  -15.138  -79.447  -11.162 0.0000000000
128221  -16.276  -78.458  -10.910 0.0000000000
128222  -15.502  -78.931  -10.792 0.0000000000
53452  -16.587  -82.445  -10.182 0.0000000000
53448  -19.695  -84.801  -8.951 0.0000000000
22729  -19.102  -84.567  -9.110 0.0000000000
114638  -19.166  -85.350  -9.325 0.0000000000
48254  -26.175  -80.494  -7.607 0.0000000000
48249  -23.294  -83.925  -11.628 0.0000000000
148933  -23.250  -84.321  -11.721 0.0000000000
148934  -23.569  -83.736  -12.129 0.0000000000
162720  -18.119  -84.898  -9.796 0.0000000000
162722  -17.621  -84.723  -9.932 0.0000000000
128214  -19.247  -76.639  -8.435 0.0000000000
53461  -15.138  -80.310  -12.151 0.0000000000
114639  -18.676  -85.035  -9.485 0.0000000000
42325  -29.684  -79.659  -10.037 0.0000000000
42324  -30.225  -79.499  -10.341 0.0000000000
148951  -30.112  -80.132  -10.445 0.0000000000
91262  -12.467  -82.838  -12.745 0.0000000000
91264  -11.951  -82.536  -12.165 0.0000000000
114663  -12.470  -81.905  -11.908 0.0000000000
53462  -14.620  -79.993  -11.567 0.0000000000
53464  -14.233  -79.969  -10.876 0.0000000000
128223  -14.787  -79.429  -10.534 0.0000000000
42326  -30.309  -78.766  -10.285 0.0000000000
349  -30.818  -78.472  -10.560 0.0000000000
148952  -30.732  -79.114  -10.594 0.0000000000
11606  -29.896  -78.965  -9.889 0.0000000000
22742  -14.081  -80.701  -11.950 0.0000000000
53463  -13.652  -80.522  -11.238 0.0000000000
114665  -12.889  -81.069  -10.770 0.0000000000
22744  -13.478  -80.472  -10.411 0.0000000000
114664  -13.085  -81.154  -11.609 0.0000000000
162772  -14.075  -79.812  -10.230 0.0000000000
143983  -29.078  -78.772  -9.120 0.0000000000
91263  -11.482  -83.203  -12.454 0.0000000000
40603  -11.150  -82.995  -11.636 0.0000000000
162766  -11.715  -82.288  -11.394 0.0000000000
22743  -12.269  -81.695  -11.109 0.0000000000
114666  -12.832  -81.044  -9.905 0.0000000000
91265  -12.269  -81.641  -10.225 0.0000000000
10123  -12.250  -81.658  -9.329 0.0000000000
162773  -13.479  -80.379  -9.643 0.0000000000
162774  -12.969  -80.991  -9.038 0.0000000000
28620  -18.663  -76.517  -9.497 0.0000000000
63056  -18.994  -76.170  -8.808 0.0000000000
128218  -17.989  -76.897  -9.994 0.0000000000
28621  -17.262  -77.369  -10.283 0.0000000000
63059  -17.444  -76.645  -9.911 0.0000000000
128217  -18.105  -76.146  -9.669 0.0000000000
63061  -16.542  -77.879  -10.392 0.0000000000
28622  -15.888  -78.362  -10.378 0.0000000000
128224  -15.318  -78.869  -10.184 0.0000000000
28623  -14.631  -79.286  -9.855 0.0000000000
63063  -15.568  -78.162  -9.727 0.0000000000
128225  -14.986  -78.625  -9.504 0.0000000000
28624  -15.228  -77.940  -9.174 0.0000000000
128226  -14.740  -78.300  -8.878 0.0000000000
91270  -14.464  -79.059  -9.139 0.0000000000
5663  -14.288  -78.712  -8.451 0.0000000000
128228  -14.852  -77.437  -8.612 0.0000000000
128229  -14.425  -77.792  -8.293 0.0000000000
28625  -14.447  -76.854  -8.312 0.0000000000
63066  -15.008  -76.586  -8.552 0.0000000000
128227  -15.372  -77.080  -8.893 0.0000000000
128230  -13.949  -77.161  -7.933 0.0000000000
114667  -14.033  -78.182  -7.793 0.0000000000
22745  -13.569  -77.555  -7.322 0.0000000000
63068  -13.870  -76.369  -8.179 0.0000000000
128231  -13.289  -76.669  -7.831 0.0000000000
28626  -13.228  -75.957  -8.206 0.0000000000
128232  -12.678  -76.281  -7.836 0.0000000000
53465  -12.947  -77.056  -7.217 0.0000000000
128234  -12.535  -75.649  -8.235 0.0000000000
2523  -12.297  -76.667  -7.103 0.0000000000
128233  -11.975  -75.983  -7.754 0.0000000000
162799  -11.344  -75.830  -7.707 0.0000000000
28627  -11.922  -75.424  -8.310 0.0000000000
53471  -11.591  -76.394  -7.089 0.0000000000
63070  -13.275  -75.295  -8.578 0.0000000000
128235  -12.614  -75.034  -8.711 0.0000000000
28628  -13.448  -74.586  -8.991 0.0000000000
128236  -12.779  -74.276  -9.025 0.0000000000
91292  -11.948  -74.829  -8.671 0.0000000000
79747  -23.238  -84.701  -11.819 0.0000000000
35984  -23.495  -84.175  -12.297 0.0000000000
148942  -24.017  -83.612  -12.574 0.0000000000
35987  -24.838  -83.134  -12.530 0.0000000000
79755  -24.559  -83.455  -13.008 0.0000000000
148941  -23.859  -83.963  -12.908 0.0000000000
79757  -25.780  -82.725  -12.302 0.0000000000
35988  -26.916  -82.449  -11.853 0.0000000000
148948  -27.952  -82.084  -11.387 0.0000000000
35989  -28.947  -81.476  -10.936 0.0000000000
79760  -28.761  -81.922  -11.430 0.0000000000
148947  -27.716  -82.388  -11.893 0.0000000000
79762  -29.879  -80.706  -10.692 0.0000000000
35990  -30.610  -79.788  -10.712 0.0000000000
91266  -11.573  -82.194  -10.514 0.0000000000
162767  -11.047  -82.834  -10.799 0.0000000000
91271  -14.030  -79.734  -9.400 0.0000000000
40606  -13.559  -80.313  -8.833 0.0000000000
162776  -13.049  -80.969  -8.239 0.0000000000
162777  -12.411  -81.647  -8.464 0.0000000000
40607  -12.522  -81.542  -7.628 0.0000000000
91274  -13.154  -80.655  -7.328 0.0000000000
162775  -13.613  -80.107  -7.974 0.0000000000
162778  -11.882  -82.192  -7.873 0.0000000000
91269  -11.690  -82.211  -8.734 0.0000000000
91276  -11.912  -82.073  -6.971 0.0000000000
22751  -10.855  -76.217  -7.072 0.0000000000
91293  -11.247  -75.225  -8.188 0.0000000000
162800  -10.605  -75.645  -7.622 0.0000000000
22746  -13.639  -79.674  -7.129 0.0000000000
114668  -13.932  -79.197  -7.861 0.0000000000
91272  -13.991  -79.525  -8.615 0.0000000000
18907  -28.522  -82.272  -11.997 0.0000000000
107759  -27.450  -82.680  -12.434 0.0000000000
79758  -26.574  -82.701  -12.423 0.0000000000
35986  -24.353  -83.732  -13.396 0.0000000000
148940  -23.661  -84.301  -13.129 0.0000000000
79748  -23.413  -84.572  -12.460 0.0000000000
148939  -24.106  -84.063  -13.650 0.0000000000
148937  -23.515  -84.705  -13.252 0.0000000000
8574  -23.341  -84.907  -12.614 0.0000000000
79753  -25.126  -83.504  -13.605 0.0000000000
148938  -24.821  -83.828  -13.911 0.0000000000
35985  -23.949  -84.461  -13.803 0.0000000000
18905  -25.760  -83.407  -13.769 0.0000000000
107755  -25.588  -83.675  -14.087 0.0000000000
79751  -24.625  -84.230  -14.132 0.0000000000
148936  -23.474  -85.169  -13.332 0.0000000000
107753  -23.320  -85.331  -12.668 0.0000000000
79750  -23.840  -84.921  -13.920 0.0000000000
148935  -23.483  -85.657  -13.428 0.0000000000
18903  -23.294  -85.801  -12.773 0.0000000000
26318  -23.837  -85.502  -14.054 0.0000000000
122846  -23.543  -86.156  -13.565 0.0000000000
13343  -15.610  -76.197  -8.797 0.0000000000
97743  -15.964  -76.607  -9.131 0.0000000000
63064  -15.757  -77.461  -9.335 0.0000000000
122845  -23.679  -86.657  -13.766 0.0000000000
122847  -23.920  -86.058  -14.216 0.0000000000
26317  -24.085  -86.604  -14.333 0.0000000000
122844  -23.794  -87.265  -13.805 0.0000000000
59220  -24.274  -87.214  -14.356 0.0000000000
114669  -13.723  -78.662  -7.120 0.0000000000
107758  -27.173  -82.968  -12.983 0.0000000000
8575  -26.295  -82.966  -12.899 0.0000000000
107760  -28.295  -82.595  -12.538 0.0000000000
18906  -28.064  -82.859  -13.035 0.0000000000
107757  -26.950  -83.165  -13.495 0.0000000000
79752  -26.025  -83.187  -13.353 0.0000000000
49625  -27.813  -83.062  -13.464 0.0000000000
107756  -26.708  -83.386  -13.882 0.0000000000
18904  -27.571  -83.388  -13.845 0.0000000000
107754  -26.473  -83.673  -14.166 0.0000000000
4382  -25.412  -84.108  -14.344 0.0000000000
122852  -26.306  -84.039  -14.435 0.0000000000
122853  -27.372  -83.706  -14.174 0.0000000000
107752  -23.181  -85.937  -12.087 0.0000000000
79744  -23.230  -85.487  -11.966 0.0000000000
97742  -16.560  -76.095  -9.362 0.0000000000
5662  -16.346  -76.929  -9.521 0.0000000000
97744  -16.223  -75.670  -9.091 0.0000000000
13342  -16.803  -75.141  -9.375 0.0000000000
97741  -17.193  -75.516  -9.494 0.0000000000
63058  -17.004  -76.382  -9.623 0.0000000000
91275  -12.596  -81.194  -6.644 0.0000000000
91277  -11.823  -81.699  -5.983 0.0000000000
10124  -12.439  -80.690  -5.756 0.0000000000
91273  -13.107  -80.179  -6.396 0.0000000000
114670  -13.407  -79.093  -6.374 0.0000000000
114671  -12.899  -79.616  -5.722 0.0000000000
91267  -11.627  -82.175  -9.606 0.0000000000
79761  -29.670  -81.219  -11.105 0.0000000000
79763  -30.491  -80.430  -10.863 0.0000000000
8576  -30.342  -80.960  -11.242 0.0000000000
79759  -29.462  -81.707  -11.599 0.0000000000
107761  -29.269  -82.119  -12.106 0.0000000000
107762  -30.167  -81.446  -11.692 0.0000000000
79756  -25.499  -83.017  -12.812 0.0000000000
79754  -25.292  -83.271  -13.226 0.0000000000
79749  -24.483  -84.717  -14.336 0.0000000000
122848  -24.407  -85.335  -14.602 0.0000000000
122849  -25.261  -84.625  -14.628 0.0000000000
79746  -23.234  -85.083  -11.915 0.0000000000
63069  -13.895  -75.625  -8.508 0.0000000000
63071  -14.044  -74.939  -8.879 0.0000000000
5664  -14.663  -75.230  -8.739 0.0000000000
63067  -14.515  -76.054  -8.445 0.0000000000
63065  -15.210  -75.738  -8.713 0.0000000000
97745  -15.864  -75.329  -8.985 0.0000000000
97746  -15.413  -74.835  -9.044 0.0000000000
63062  -16.129  -77.690  -9.857 0.0000000000
63060  -16.772  -77.150  -9.924 0.0000000000
13341  -17.704  -75.884  -9.654 0.0000000000
59219  -24.851  -87.093  -14.839 0.0000000000
26316  -24.484  -87.690  -14.294 0.0000000000
59221  -24.622  -86.522  -14.866 0.0000000000
4381  -25.364  -86.428  -15.249 0.0000000000
59217  -25.561  -86.967  -15.256 0.0000000000
59218  -25.070  -87.550  -14.719 0.0000000000
122841  -24.673  -88.089  -14.128 0.0000000000
12060  -25.799  -87.411  -15.133 0.0000000000
122840  -25.297  -87.897  -14.532 0.0000000000
95436  -26.390  -86.838  -15.606 0.0000000000
95437  -26.218  -86.302  -15.609 0.0000000000
53469  -11.962  -76.991  -6.443 0.0000000000
53470  -11.257  -76.874  -6.296 0.0000000000
114678  -10.497  -76.640  -6.329 0.0000000000
22749  -11.610  -77.492  -5.699 0.0000000000
114677  -10.905  -77.268  -5.605 0.0000000000
53467  -12.664  -77.461  -6.462 0.0000000000
53468  -12.297  -77.820  -5.765 0.0000000000
114674  -11.855  -78.285  -5.117 0.0000000000
22747  -12.967  -78.435  -5.875 0.0000000000
114673  -12.436  -78.908  -5.284 0.0000000000
53466  -13.256  -77.998  -6.635 0.0000000000
49624  -28.649  -83.085  -13.587 0.0000000000
49626  -28.927  -82.734  -13.055 0.0000000000
1998  -29.694  -82.637  -13.144 0.0000000000
122854  -28.458  -83.398  -13.893 0.0000000000
122855  -29.544  -83.001  -13.613 0.0000000000
128237  -14.334  -74.158  -9.222 0.0000000000
128238  -13.664  -73.797  -9.327 0.0000000000
63057  -18.688  -75.795  -9.230 0.0000000000
59222  -24.455  -85.928  -14.786 0.0000000000
114679  -10.107  -76.042  -6.968 0.0000000000
114675  -11.192  -78.010  -4.999 0.0000000000
49627  -29.111  -82.427  -12.579 0.0000000000
95434  -26.036  -87.709  -14.900 0.0000000000
95435  -26.575  -87.266  -15.465 0.0000000000
91279  -11.613  -81.196  -5.117 0.0000000000
114672  -12.166  -80.107  -5.094 0.0000000000
97747  -14.922  -74.445  -9.114 0.0000000000
59223  -25.196  -85.874  -15.146 0.0000000000
95438  -26.078  -85.699  -15.482 0.0000000000
49628  -29.846  -82.257  -12.643 0.0000000000
18908  -30.006  -81.877  -12.191 0.0000000000
26319  -25.125  -85.232  -14.930 0.0000000000
122850  -26.080  -85.059  -15.166 0.0000000000
91278  -10.899  -82.079  -5.293 0.0000000000
162782  -9.984  -82.425  -4.888 0.0000000000
40609  -10.668  -81.595  -4.557 0.0000000000
162784  -11.338  -80.568  -4.501 0.0000000000
95433  -26.769  -87.545  -15.168 0.0000000000
4379  -26.217  -87.957  -14.600 0.0000000000
59216  -25.515  -88.149  -14.271 0.0000000000
12059  -27.349  -87.109  -15.699 0.0000000000
42780  -27.203  -86.679  -15.850 0.0000000000
12061  -27.093  -86.140  -15.855 0.0000000000
95439  -26.989  -85.538  -15.695 0.0000000000
12062  -27.049  -84.950  -15.340 0.0000000000
42782  -27.885  -85.437  -15.901 0.0000000000
95440  -27.920  -84.868  -15.513 0.0000000000
12063  -28.839  -84.800  -15.647 0.0000000000
95441  -28.963  -84.371  -15.154 0.0000000000
59224  -28.008  -84.371  -15.070 0.0000000000
4383  -29.043  -84.015  -14.697 0.0000000000
148954  -29.843  -84.366  -15.224 0.0000000000
148955  -29.955  -83.965  -14.782 0.0000000000
44063  -16.442  -74.851  -9.314 0.0000000000
13344  -16.152  -74.455  -9.380 0.0000000000
97748  -15.754  -74.061  -9.404 0.0000000000
13345  -15.225  -73.671  -9.417 0.0000000000
22748  -11.712  -79.477  -4.744 0.0000000000
91280  -11.212  -78.942  -4.483 0.0000000000
10125  -10.669  -78.551  -4.325 0.0000000000
114676  -10.543  -77.671  -4.914 0.0000000000
162793  -9.967  -77.453  -4.826 0.0000000000
22750  -10.229  -77.035  -5.566 0.0000000000
91286  -10.155  -78.157  -4.206 0.0000000000
91287  -9.781  -76.431  -6.185 0.0000000000
26315  -24.855  -88.401  -13.881 0.0000000000
122851  -26.166  -84.514  -14.781 0.0000000000
59225  -27.113  -84.434  -14.936 0.0000000000
26320  -27.220  -83.991  -14.498 0.0000000000
59227  -28.277  -83.709  -14.230 0.0000000000
26321  -29.332  -83.370  -13.899 0.0000000000
148960  -30.235  -82.879  -13.659 0.0000000000
148961  -30.336  -82.480  -13.262 0.0000000000
63073  -14.704  -73.243  -9.468 0.0000000000
35991  -30.800  -83.790  -14.923 0.0000000000
79765  -30.754  -84.216  -15.388 0.0000000000
148953  -29.719  -84.759  -15.792 0.0000000000
148957  -30.842  -83.375  -14.497 0.0000000000
148958  -30.049  -83.598  -14.374 0.0000000000
35992  -30.913  -83.030  -14.072 0.0000000000
79768  -31.666  -82.717  -14.149 0.0000000000
148956  -31.632  -83.104  -14.587 0.0000000000
148959  -30.163  -83.277  -14.005 0.0000000000
59228  -29.170  -83.692  -14.289 0.0000000000
79770  -30.993  -82.632  -13.647 0.0000000000
35993  -31.092  -82.208  -13.205 0.0000000000
162783  -9.764  -81.876  -4.207 0.0000000000
114634  -8.980  -82.639  -4.593 0.0000000000
10116  -8.751  -82.040  -4.012 0.0000000000
162785  -10.420  -81.034  -4.021 0.0000000000
162786  -9.454  -81.351  -3.712 0.0000000000
91281  -10.928  -80.028  -4.169 0.0000000000
40610  -10.084  -80.420  -3.656 0.0000000000
162787  -9.089  -80.781  -3.215 0.0000000000
91216  -8.432  -81.479  -3.498 0.0000000000
40584  -8.111  -80.943  -2.923 0.0000000000
91283  -9.689  -79.902  -3.322 0.0000000000
162788  -8.849  -80.198  -2.780 0.0000000000
40612  -9.650  -77.833  -4.090 0.0000000000
91288  -9.640  -76.838  -5.436 0.0000000000
162794  -9.450  -77.192  -4.712 0.0000000000
18910  -32.429  -82.422  -14.168 0.0000000000
107764  -32.423  -82.790  -14.594 0.0000000000
79766  -31.605  -83.503  -14.984 0.0000000000
30230  -30.704  -84.641  -15.854 0.0000000000
132518  -29.653  -85.233  -16.165 0.0000000000
42783  -28.773  -85.286  -16.036 0.0000000000
132517  -29.614  -85.745  -16.411 0.0000000000
445  -28.781  -85.827  -16.289 0.0000000000
132519  -30.618  -85.113  -16.253 0.0000000000
30229  -30.515  -85.598  -16.492 0.0000000000
132516  -29.561  -86.300  -16.516 0.0000000000
42777  -28.805  -86.424  -16.322 0.0000000000
66420  -30.430  -86.125  -16.568 0.0000000000
132515  -29.649  -86.749  -16.299 0.0000000000
12057  -28.896  -86.867  -16.162 0.0000000000
30228  -30.470  -86.633  -16.431 0.0000000000
132514  -29.800  -87.174  -16.070 0.0000000000
95429  -29.034  -87.243  -15.901 0.0000000000
132513  -30.622  -87.126  -16.249 0.0000000000
132511  -29.992  -87.605  -15.837 0.0000000000
4377  -29.214  -87.580  -15.606 0.0000000000
66418  -31.393  -86.511  -16.497 0.0000000000
132512  -31.546  -87.042  -16.409 0.0000000000
30227  -30.819  -87.602  -16.089 0.0000000000
14460  -32.405  -86.299  -16.520 0.0000000000
99754  -32.514  -86.846  -16.564 0.0000000000
66416  -31.726  -87.551  -16.301 0.0000000000
132510  -30.210  -88.053  -15.624 0.0000000000
59207  -29.435  -88.007  -15.310 0.0000000000
66415  -31.003  -88.072  -15.955 0.0000000000
132509  -30.312  -88.542  -15.511 0.0000000000
26309  -29.572  -88.461  -15.176 0.0000000000
30226  -31.104  -88.532  -15.835 0.0000000000
132508  -30.350  -89.028  -15.443 0.0000000000
122825  -29.606  -88.952  -15.120 0.0000000000
132507  -31.139  -89.013  -15.779 0.0000000000
132499  -30.338  -89.505  -15.417 0.0000000000
980  -29.558  -89.454  -15.078 0.0000000000
66413  -31.964  -88.441  -16.104 0.0000000000
132506  -31.873  -89.028  -16.027 0.0000000000
30223  -31.109  -89.481  -15.712 0.0000000000
30225  -32.803  -88.358  -16.245 0.0000000000
132505  -32.766  -88.864  -16.084 0.0000000000
66406  -31.845  -89.487  -15.873 0.0000000000
132504  -33.696  -88.146  -16.198 0.0000000000
132502  -33.687  -88.616  -15.974 0.0000000000
6371  -32.741  -89.252  -15.858 0.0000000000
66411  -33.685  -87.655  -16.364 0.0000000000
132503  -34.546  -87.447  -16.207 0.0000000000
30224  -34.565  -87.913  -15.991 0.0000000000
14458  -34.491  -86.919  -16.382 0.0000000000
99750  -35.268  -86.702  -16.188 0.0000000000
66409  -35.371  -87.167  -15.951 0.0000000000
132501  -34.528  -88.356  -15.751 0.0000000000
99748  -33.638  -89.046  -15.661 0.0000000000
66408  -35.419  -87.605  -15.664 0.0000000000
132500  -35.352  -88.054  -15.405 0.0000000000
14456  -34.432  -88.766  -15.468 0.0000000000
23650  -36.147  -87.292  -15.270 0.0000000000
116620  -36.083  -87.731  -14.963 0.0000000000
45176  -35.241  -88.444  -15.051 0.0000000000
132498  -30.275  -89.929  -15.402 0.0000000000
49607  -29.485  -89.951  -15.133 0.0000000000
66405  -31.055  -89.915  -15.606 0.0000000000
132497  -30.208  -90.362  -15.339 0.0000000000
18887  -29.409  -90.416  -15.164 0.0000000000
30222  -30.990  -90.310  -15.400 0.0000000000
132496  -30.141  -90.777  -15.192 0.0000000000
107723  -29.342  -90.868  -15.158 0.0000000000
132495  -30.902  -90.663  -15.112 0.0000000000
132493  -30.073  -91.165  -14.956 0.0000000000
6370  -29.331  -91.295  -15.077 0.0000000000
66403  -31.770  -90.222  -15.338 0.0000000000
132494  -31.644  -90.477  -14.962 0.0000000000
30221  -30.764  -91.002  -14.767 0.0000000000
14455  -32.550  -89.986  -15.177 0.0000000000
99745  -32.415  -90.222  -14.717 0.0000000000
66401  -31.449  -90.763  -14.526 0.0000000000
132492  -29.953  -91.605  -14.647 0.0000000000
79697  -29.312  -91.756  -14.902 0.0000000000
66400  -30.578  -91.354  -14.362 0.0000000000
132491  -29.852  -92.090  -14.306 0.0000000000
30220  -29.277  -92.267  -14.666 0.0000000000
30219  -30.434  -91.751  -13.976 0.0000000000
132489  -29.730  -92.582  -13.946 0.0000000000
132490  -29.232  -92.822  -14.397 0.0000000000
148872  -28.573  -92.991  -14.748 0.0000000000
207  -29.087  -93.313  -14.055 0.0000000000
42776  -28.469  -93.548  -14.496 0.0000000000
139301  -29.575  -93.028  -13.595 0.0000000000
139302  -30.217  -92.178  -13.576 0.0000000000
122827  -28.783  -88.864  -14.695 0.0000000000
122826  -28.802  -89.408  -14.703 0.0000000000
91212  -7.999  -82.701  -4.391 0.0000000000
107763  -33.167  -82.476  -14.644 0.0000000000
6374  -32.451  -83.140  -15.013 0.0000000000
107765  -33.109  -82.131  -14.245 0.0000000000
107725  -28.554  -90.964  -15.004 0.0000000000
107724  -28.560  -91.456  -15.078 0.0000000000
99753  -33.443  -86.611  -16.616 0.0000000000
6372  -32.668  -87.410  -16.459 0.0000000000
99755  -33.331  -86.050  -16.569 0.0000000000
14459  -34.214  -85.821  -16.549 0.0000000000
99752  -34.356  -86.389  -16.514 0.0000000000
66410  -33.638  -87.178  -16.485 0.0000000000
45178  -35.137  -85.614  -16.365 0.0000000000
99751  -35.190  -86.180  -16.328 0.0000000000
14457  -35.897  -85.493  -16.071 0.0000000000
99749  -35.949  -86.025  -16.068 0.0000000000
2900  -36.039  -86.453  -15.880 0.0000000000
99747  -33.531  -89.429  -15.288 0.0000000000
66402  -32.662  -89.637  -15.556 0.0000000000
45175  -34.293  -89.133  -14.994 0.0000000000
99746  -33.361  -89.717  -14.870 0.0000000000
14454  -34.076  -89.350  -14.522 0.0000000000
99744  -33.121  -89.933  -14.407 0.0000000000
6369  -32.134  -90.489  -14.237 0.0000000000
139307  -32.838  -90.145  -13.924 0.0000000000
139308  -33.850  -89.527  -14.046 0.0000000000
95432  -27.535  -87.432  -15.416 0.0000000000
59210  -26.981  -87.815  -14.841 0.0000000000
42778  -28.154  -86.981  -15.950 0.0000000000
95431  -28.308  -87.326  -15.709 0.0000000000
12058  -27.715  -87.701  -15.130 0.0000000000
95430  -28.490  -87.622  -15.397 0.0000000000
122830  -27.872  -87.998  -14.832 0.0000000000
59209  -28.664  -88.021  -15.066 0.0000000000
40613  -9.159  -76.537  -5.234 0.0000000000
91289  -9.209  -76.161  -5.972 0.0000000000
91284  -10.069  -79.017  -3.637 0.0000000000
91285  -9.682  -78.522  -3.437 0.0000000000
91282  -10.492  -79.467  -3.893 0.0000000000
40611  -9.374  -79.346  -2.970 0.0000000000
91214  -7.750  -82.081  -3.848 0.0000000000
91215  -7.459  -81.531  -3.268 0.0000000000
91213  -6.981  -82.653  -4.205 0.0000000000
40583  -6.802  -82.073  -3.643 0.0000000000
162704  -6.129  -82.557  -4.019 0.0000000000
79769  -31.704  -82.348  -13.702 0.0000000000
79771  -31.762  -81.961  -13.236 0.0000000000
8577  -32.459  -81.717  -13.263 0.0000000000
79767  -32.447  -82.046  -13.722 0.0000000000
79764  -31.591  -83.931  -15.403 0.0000000000
132520  -31.535  -84.410  -15.835 0.0000000000
132521  -32.445  -83.648  -15.447 0.0000000000
79699  -28.581  -91.967  -15.074 0.0000000000
79698  -28.592  -92.485  -14.978 0.0000000000
66419  -31.329  -85.997  -16.531 0.0000000000
66421  -31.354  -85.460  -16.467 0.0000000000
6373  -32.240  -85.215  -16.349 0.0000000000
66417  -32.298  -85.755  -16.448 0.0000000000
99756  -33.250  -85.486  -16.406 0.0000000000
99757  -33.130  -84.945  -16.188 0.0000000000
66414  -31.870  -88.020  -16.193 0.0000000000
66412  -32.774  -87.889  -16.362 0.0000000000
66407  -36.107  -86.869  -15.608 0.0000000000
66404  -31.838  -89.851  -15.646 0.0000000000
66399  -31.213  -91.063  -14.071 0.0000000000
139303  -30.993  -91.361  -13.616 0.0000000000
139304  -31.855  -90.730  -13.742 0.0000000000
59226  -28.102  -84.021  -14.627 0.0000000000
59214  -25.686  -88.375  -13.909 0.0000000000
59212  -26.340  -88.172  -14.273 0.0000000000
59213  -25.799  -88.669  -13.629 0.0000000000
26312  -26.520  -88.503  -13.968 0.0000000000
122833  -25.878  -89.085  -13.441 0.0000000000
59211  -27.179  -88.098  -14.509 0.0000000000
122831  -27.300  -88.375  -14.227 0.0000000000
59208  -28.771  -88.445  -14.814 0.0000000000
26311  -28.040  -88.372  -14.518 0.0000000000
122828  -28.111  -88.826  -14.305 0.0000000000
49609  -28.737  -89.932  -14.788 0.0000000000
49608  -28.645  -90.452  -14.908 0.0000000000
979  -35.991  -88.051  -14.552 0.0000000000
45174  -35.094  -88.733  -14.593 0.0000000000
139309  -34.839  -88.921  -14.151 0.0000000000
139310  -35.834  -88.289  -14.129 0.0000000000
42781  -27.938  -86.040  -16.151 0.0000000000
42779  -28.025  -86.548  -16.104 0.0000000000
42774  -28.424  -94.012  -14.195 0.0000000000
42775  -27.824  -94.243  -14.775 0.0000000000
12056  -27.875  -93.729  -15.025 0.0000000000
12054  -27.857  -94.649  -14.430 0.0000000000
139273  -28.437  -94.395  -13.862 0.0000000000
139274  -29.013  -93.747  -13.688 0.0000000000
66422  -31.414  -84.946  -16.287 0.0000000000
122832  -26.609  -88.938  -13.762 0.0000000000
122829  -27.358  -88.844  -14.047 0.0000000000
107766  -33.146  -81.776  -13.816 0.0000000000
45179  -35.033  -85.083  -16.245 0.0000000000
45180  -34.132  -85.222  -16.420 0.0000000000
148873  -27.893  -93.195  -15.200 0.0000000000
139272  -27.853  -94.980  -14.092 0.0000000000
132524  -33.197  -82.886  -15.009 0.0000000000
66423  -32.318  -84.703  -16.161 0.0000000000
99758  -33.153  -84.429  -15.978 0.0000000000
14461  -33.975  -84.671  -16.137 0.0000000000
45181  -34.850  -84.582  -16.044 0.0000000000
107726  -27.863  -91.054  -14.820 0.0000000000
18889  -27.906  -90.499  -14.618 0.0000000000
148881  -27.998  -89.956  -14.444 0.0000000000
30231  -32.394  -84.175  -15.840 0.0000000000
132522  -33.152  -83.913  -15.693 0.0000000000
35964  -27.844  -92.645  -15.294 0.0000000000
148875  -27.828  -92.092  -15.207 0.0000000000
18888  -27.840  -91.580  -15.032 0.0000000000
26310  -28.059  -89.386  -14.326 0.0000000000
79705  -27.360  -89.395  -13.989 0.0000000000
4378  -26.628  -89.467  -13.677 0.0000000000
107728  -25.897  -89.614  -13.346 0.0000000000
132523  -33.128  -83.411  -15.330 0.0000000000
32683  -27.812  -95.269  -13.700 0.0000000000
71797  -28.412  -94.679  -13.543 0.0000000000
32684  -28.964  -94.114  -13.329 0.0000000000
139300  -29.512  -93.408  -13.238 0.0000000000
32693  -29.979  -92.629  -13.160 0.0000000000
71820  -29.893  -93.040  -12.823 0.0000000000
139299  -29.429  -93.742  -12.861 0.0000000000
71822  -30.720  -91.765  -13.144 0.0000000000
32694  -31.605  -90.948  -13.207 0.0000000000
139306  -32.559  -90.314  -13.371 0.0000000000
32695  -33.614  -89.702  -13.527 0.0000000000
71825  -33.274  -89.810  -13.008 0.0000000000
139305  -32.256  -90.494  -12.833 0.0000000000
71827  -34.617  -89.047  -13.658 0.0000000000
32696  -35.584  -88.479  -13.666 0.0000000000
79706  -27.286  -90.007  -14.093 0.0000000000
16262  -32.934  -89.977  -12.419 0.0000000000
102998  -31.917  -90.729  -12.296 0.0000000000
71823  -31.291  -91.284  -12.730 0.0000000000
32692  -29.834  -93.293  -12.399 0.0000000000
139298  -29.339  -93.990  -12.457 0.0000000000
71798  -28.901  -94.367  -12.996 0.0000000000
139297  -29.759  -93.488  -11.972 0.0000000000
139295  -29.227  -94.136  -12.042 0.0000000000
7394  -28.787  -94.556  -12.606 0.0000000000
71818  -30.334  -92.789  -11.973 0.0000000000
139296  -30.215  -93.022  -11.577 0.0000000000
32691  -29.641  -93.665  -11.566 0.0000000000
16260  -30.838  -92.236  -11.528 0.0000000000
102994  -30.726  -92.490  -11.177 0.0000000000
71816  -30.077  -93.196  -11.156 0.0000000000
139294  -29.070  -94.221  -11.574 0.0000000000
102983  -28.634  -94.682  -12.127 0.0000000000
71815  -29.498  -93.724  -11.117 0.0000000000
139293  -28.880  -94.256  -11.059 0.0000000000
16253  -28.428  -94.760  -11.566 0.0000000000
32690  -29.298  -93.731  -10.605 0.0000000000
139292  -28.621  -94.256  -10.482 0.0000000000
46973  -28.217  -94.809  -10.934 0.0000000000
139291  -29.058  -93.709  -10.051 0.0000000000
139283  -28.400  -94.286  -9.852 0.0000000000
1524  -28.003  -94.830  -10.266 0.0000000000
71813  -29.828  -93.224  -10.199 0.0000000000
139290  -29.629  -93.236  -9.686 0.0000000000
32687  -28.865  -93.774  -9.474 0.0000000000
32689  -30.401  -92.833  -9.811 0.0000000000
139289  -30.161  -92.874  -9.313 0.0000000000
71806  -29.402  -93.306  -9.136 0.0000000000
139288  -30.936  -92.501  -9.509 0.0000000000
139286  -30.713  -92.481  -9.026 0.0000000000
7395  -29.903  -92.888  -8.833 0.0000000000
71811  -31.157  -92.399  -10.000 0.0000000000
139287  -31.780  -91.986  -9.667 0.0000000000
32688  -31.564  -92.060  -9.225 0.0000000000
16258  -31.968  -91.814  -10.028 0.0000000000
102990  -32.679  -91.434  -9.697 0.0000000000
71809  -32.485  -91.552  -9.353 0.0000000000
139285  -31.326  -92.009  -8.785 0.0000000000
102988  -30.456  -92.430  -8.582 0.0000000000
71808  -32.252  -91.580  -8.961 0.0000000000
139284  -31.982  -91.527  -8.551 0.0000000000
16256  -31.061  -91.907  -8.394 0.0000000000
24730  -32.973  -91.149  -8.692 0.0000000000
119140  -32.657  -91.059  -8.325 0.0000000000
46976  -31.673  -91.384  -8.212 0.0000000000
139282  -28.250  -94.308  -9.210 0.0000000000
119138  -27.803  -94.830  -9.574 0.0000000000
71805  -28.731  -93.818  -8.870 0.0000000000
139281  -28.159  -94.328  -8.546 0.0000000000
24728  -27.664  -94.807  -8.834 0.0000000000
32686  -28.603  -93.873  -8.259 0.0000000000
139280  -28.004  -94.451  -7.890 0.0000000000
56573  -27.553  -94.886  -8.141 0.0000000000
139279  -28.466  -93.961  -7.682 0.0000000000
139277  -28.027  -94.544  -7.183 0.0000000000
3498  -27.547  -94.983  -7.453 0.0000000000
71803  -29.033  -93.387  -8.051 0.0000000000
139278  -28.890  -93.442  -7.534 0.0000000000
32685  -28.399  -94.051  -7.051 0.0000000000
16255  -29.452  -92.867  -7.903 0.0000000000
102985  -29.249  -92.884  -7.412 0.0000000000
71801  -28.705  -93.520  -6.978 0.0000000000
139276  -28.139  -94.602  -6.474 0.0000000000
93848  -27.727  -95.054  -6.719 0.0000000000
71800  -28.367  -94.079  -6.413 0.0000000000
139275  -28.200  -94.578  -5.851 0.0000000000
11178  -28.001  -95.045  -6.023 0.0000000000
28991  -28.378  -94.049  -5.760 0.0000000000
129155  -28.302  -94.525  -5.229 0.0000000000
41898  -28.206  -95.016  -5.350 0.0000000000
129154  -28.355  -94.375  -4.659 0.0000000000
206  -28.355  -94.936  -4.694 0.0000000000
129156  -28.391  -93.992  -5.167 0.0000000000
28990  -28.356  -93.773  -4.663 0.0000000000
158712  -28.379  -94.415  -4.142 0.0000000000
158713  -28.320  -93.840  -4.186 0.0000000000
119137  -27.149  -95.295  -9.214 0.0000000000
46969  -27.338  -95.363  -9.862 0.0000000000
56572  -27.045  -95.292  -8.434 0.0000000000
119136  -26.518  -95.583  -8.755 0.0000000000
16249  -26.612  -95.588  -9.573 0.0000000000
24727  -26.539  -95.673  -7.860 0.0000000000
119135  -26.058  -95.947  -8.202 0.0000000000
102975  -25.907  -95.807  -9.115 0.0000000000
119134  -26.465  -96.161  -7.385 0.0000000000
119132  -25.955  -96.416  -7.687 0.0000000000
3497  -25.525  -96.182  -8.556 0.0000000000
56570  -26.926  -95.852  -7.089 0.0000000000
119133  -26.989  -96.372  -6.659 0.0000000000
24726  -26.550  -96.701  -6.902 0.0000000000
11177  -27.378  -95.997  -6.394 0.0000000000
93845  -27.536  -96.481  -6.040 0.0000000000
56568  -27.035  -96.835  -6.240 0.0000000000
119131  -26.015  -96.989  -7.183 0.0000000000
71784  -25.451  -96.657  -7.951 0.0000000000
56567  -26.519  -97.147  -6.461 0.0000000000
119130  -25.963  -97.385  -6.744 0.0000000000
24725  -25.446  -97.145  -7.497 0.0000000000
24724  -26.404  -97.529  -5.986 0.0000000000
119128  -25.867  -97.736  -6.283 0.0000000000
119129  -25.416  -97.560  -7.031 0.0000000000
139257  -24.900  -97.289  -7.811 0.0000000000
1522  -25.289  -97.887  -6.544 0.0000000000
46968  -24.913  -97.730  -7.325 0.0000000000
158676  -25.682  -97.920  -5.610 0.0000000000
158677  -26.300  -97.789  -5.343 0.0000000000
107729  -25.865  -90.219  -13.522 0.0000000000
102997  -31.741  -90.961  -11.820 0.0000000000
7397  -31.092  -91.585  -12.271 0.0000000000
102999  -32.637  -90.171  -11.821 0.0000000000
16261  -32.447  -90.397  -11.366 0.0000000000
102996  -31.582  -91.284  -11.412 0.0000000000
71817  -30.956  -91.880  -11.849 0.0000000000
46980  -32.296  -90.775  -10.964 0.0000000000
102995  -31.460  -91.663  -11.063 0.0000000000
16259  -32.197  -91.172  -10.606 0.0000000000
102993  -31.399  -91.974  -10.743 0.0000000000
7396  -30.642  -92.676  -10.783 0.0000000000
102992  -32.125  -91.551  -10.306 0.0000000000
71810  -31.311  -92.212  -10.392 0.0000000000
46978  -32.981  -90.785  -10.196 0.0000000000
102991  -32.854  -91.152  -9.935 0.0000000000
16257  -33.828  -90.422  -9.856 0.0000000000
102989  -33.660  -90.779  -9.625 0.0000000000
3500  -33.447  -91.066  -9.391 0.0000000000
102987  -30.161  -92.368  -8.186 0.0000000000
71802  -29.657  -92.851  -8.396 0.0000000000
46975  -30.765  -91.778  -8.007 0.0000000000
102986  -29.863  -92.300  -7.728 0.0000000000
16254  -30.406  -91.645  -7.596 0.0000000000
102984  -29.609  -92.230  -7.298 0.0000000000
5843  -29.023  -92.899  -6.927 0.0000000000
129161  -29.377  -92.160  -6.872 0.0000000000
129162  -30.097  -91.520  -7.204 0.0000000000
102982  -27.937  -95.211  -12.110 0.0000000000
71794  -28.185  -95.105  -12.718 0.0000000000
46972  -27.723  -95.290  -11.403 0.0000000000
102981  -27.260  -95.682  -11.934 0.0000000000
16252  -27.527  -95.613  -12.605 0.0000000000
16251  -26.979  -95.712  -11.207 0.0000000000
102979  -26.378  -95.997  -11.618 0.0000000000
102980  -26.712  -96.001  -12.381 0.0000000000
139269  -26.976  -95.929  -13.052 0.0000000000
7393  -25.828  -96.251  -12.070 0.0000000000
71793  -26.186  -96.306  -12.847 0.0000000000
102978  -26.165  -95.901  -10.835 0.0000000000
71787  -25.574  -96.139  -11.285 0.0000000000
46970  -26.773  -95.642  -10.375 0.0000000000
102977  -26.004  -95.832  -10.001 0.0000000000
16250  -25.387  -96.032  -10.439 0.0000000000
102976  -25.272  -96.004  -9.505 0.0000000000
139260  -24.755  -96.135  -9.891 0.0000000000
71786  -25.006  -96.330  -8.893 0.0000000000
93847  -27.722  -95.549  -6.187 0.0000000000
56569  -27.339  -95.484  -6.862 0.0000000000
41897  -28.056  -95.561  -5.524 0.0000000000
93846  -27.854  -96.094  -5.742 0.0000000000
11176  -28.069  -96.049  -5.062 0.0000000000
93844  -27.836  -96.509  -5.289 0.0000000000
3496  -27.403  -96.914  -5.516 0.0000000000
158682  -27.779  -96.757  -4.638 0.0000000000
158683  -28.100  -96.227  -4.422 0.0000000000
79707  -26.605  -90.079  -13.751 0.0000000000
71826  -34.369  -89.156  -13.120 0.0000000000
71828  -35.371  -88.562  -13.170 0.0000000000
7398  -35.111  -88.661  -12.614 0.0000000000
71824  -34.018  -89.316  -12.504 0.0000000000
103000  -33.656  -89.484  -11.876 0.0000000000
103001  -34.790  -88.804  -12.021 0.0000000000
71821  -30.511  -92.163  -12.716 0.0000000000
71819  -30.417  -92.518  -12.332 0.0000000000
71814  -29.995  -93.233  -10.680 0.0000000000
71812  -30.606  -92.785  -10.321 0.0000000000
71807  -33.242  -91.162  -9.064 0.0000000000
71804  -29.197  -93.347  -8.576 0.0000000000
71799  -28.605  -93.492  -6.384 0.0000000000
129157  -28.533  -93.426  -5.788 0.0000000000
129158  -28.857  -92.819  -6.391 0.0000000000
71796  -28.325  -94.919  -13.167 0.0000000000
71795  -27.729  -95.506  -13.217 0.0000000000
71791  -25.298  -96.505  -12.563 0.0000000000
71789  -25.017  -96.380  -11.750 0.0000000000
71790  -24.482  -96.654  -12.239 0.0000000000
32680  -24.288  -96.472  -11.269 0.0000000000
139263  -23.861  -96.851  -11.662 0.0000000000
71788  -24.806  -96.208  -10.891 0.0000000000
139261  -24.302  -96.414  -10.220 0.0000000000
71785  -24.895  -96.771  -8.258 0.0000000000
32679  -24.494  -96.502  -9.211 0.0000000000
139258  -24.365  -96.992  -8.648 0.0000000000
56571  -27.048  -95.358  -7.595 0.0000000000
56566  -26.914  -97.255  -5.742 0.0000000000
158678  -26.843  -97.548  -5.134 0.0000000000
158679  -27.366  -97.200  -4.895 0.0000000000
46979  -33.082  -90.384  -10.502 0.0000000000
46981  -33.198  -89.943  -10.867 0.0000000000
1525  -34.103  -89.608  -10.429 0.0000000000
46977  -33.933  -90.027  -10.108 0.0000000000
687  -32.303  -90.898  -8.020 0.0000000000
46974  -31.326  -91.219  -7.844 0.0000000000
129163  -30.962  -91.037  -7.463 0.0000000000
129164  -31.954  -90.673  -7.675 0.0000000000
46971  -27.538  -95.343  -10.656 0.0000000000
46966  -24.713  -98.119  -6.808 0.0000000000
46967  -24.382  -98.099  -7.702 0.0000000000
16248  -24.376  -97.529  -8.158 0.0000000000
102973  -23.920  -97.893  -8.463 0.0000000000
16246  -24.175  -98.412  -7.033 0.0000000000
102972  -23.948  -98.442  -7.902 0.0000000000
158666  -24.504  -98.250  -6.082 0.0000000000
158667  -25.078  -98.057  -5.853 0.0000000000
41896  -28.252  -95.514  -4.844 0.0000000000
158684  -28.326  -95.623  -4.250 0.0000000000
158685  -28.449  -94.939  -4.124 0.0000000000
139262  -23.848  -96.781  -10.633 0.0000000000
139259  -23.984  -96.799  -9.597 0.0000000000
63767  -28.487  -93.330  -5.204 0.0000000000
63766  -28.358  -93.095  -4.763 0.0000000000
158714  -28.277  -93.208  -4.269 0.0000000000
46982  -33.388  -89.684  -11.333 0.0000000000
102974  -23.896  -97.326  -9.021 0.0000000000
102970  -23.654  -98.710  -7.159 0.0000000000
158665  -23.917  -98.497  -6.267 0.0000000000
46983  -34.260  -89.288  -10.909 0.0000000000
16263  -34.451  -89.036  -11.454 0.0000000000
63768  -28.582  -92.588  -5.285 0.0000000000
5842  -28.381  -92.414  -4.861 0.0000000000
158715  -28.232  -92.569  -4.384 0.0000000000
28992  -28.716  -92.716  -5.829 0.0000000000
98165  -28.707  -91.838  -5.397 0.0000000000
129159  -28.930  -91.962  -5.880 0.0000000000
13577  -29.198  -91.196  -5.989 0.0000000000
98164  -28.474  -91.713  -4.969 0.0000000000
98166  -28.928  -91.081  -5.551 0.0000000000
13576  -28.688  -90.950  -5.109 0.0000000000
44297  -29.449  -90.249  -5.690 0.0000000000
98167  -29.660  -90.411  -6.089 0.0000000000
13578  -30.228  -89.646  -6.116 0.0000000000
98168  -30.513  -89.837  -6.434 0.0000000000
63769  -29.966  -90.578  -6.433 0.0000000000
7390  -23.109  -98.972  -7.186 0.0000000000
102971  -23.491  -98.739  -8.003 0.0000000000
158664  -23.324  -98.765  -6.325 0.0000000000
139251  -23.229  -98.658  -8.822 0.0000000000
16247  -23.614  -98.282  -8.622 0.0000000000
71778  -22.987  -99.006  -8.077 0.0000000000
71779  -23.501  -97.670  -9.321 0.0000000000
7392  -23.512  -97.125  -9.959 0.0000000000
129160  -29.150  -92.068  -6.403 0.0000000000
63770  -29.472  -91.320  -6.412 0.0000000000
28993  -29.788  -91.410  -6.810 0.0000000000
63772  -30.611  -90.888  -7.135 0.0000000000
28994  -31.579  -90.459  -7.355 0.0000000000
71780  -23.219  -98.057  -9.559 0.0000000000
71783  -23.416  -97.133  -11.004 0.0000000000
39236  -23.410  -98.509  -5.481 0.0000000000
158663  -22.773  -98.790  -5.478 0.0000000000
158661  -22.759  -99.068  -6.264 0.0000000000
87845  -24.067  -98.291  -5.357 0.0000000000
39237  -24.714  -98.140  -5.132 0.0000000000
158675  -25.327  -98.030  -4.941 0.0000000000
39240  -25.964  -97.953  -4.698 0.0000000000
87853  -25.468  -98.033  -4.054 0.0000000000
158674  -24.849  -98.111  -4.234 0.0000000000
87855  -26.503  -97.732  -4.435 0.0000000000
39241  -27.045  -97.412  -4.165 0.0000000000
158681  -27.586  -96.999  -3.907 0.0000000000
39242  -28.038  -96.422  -3.694 0.0000000000
87858  -27.753  -96.555  -3.128 0.0000000000
158680  -27.240  -97.155  -3.289 0.0000000000
87860  -28.318  -95.738  -3.595 0.0000000000
39243  -28.461  -95.026  -3.560 0.0000000000
158711  -28.475  -94.378  -3.601 0.0000000000
39252  -28.366  -93.815  -3.690 0.0000000000
87883  -28.432  -93.818  -3.153 0.0000000000
158710  -28.492  -94.418  -3.047 0.0000000000
87885  -28.253  -93.219  -3.791 0.0000000000
39253  -28.187  -92.616  -3.901 0.0000000000
158717  -28.180  -92.007  -4.037 0.0000000000
158718  -28.272  -91.922  -4.523 0.0000000000
39254  -28.235  -91.361  -4.187 0.0000000000
87888  -28.166  -91.408  -3.702 0.0000000000
158716  -28.151  -92.053  -3.558 0.0000000000
158719  -28.413  -91.213  -4.630 0.0000000000
87890  -28.454  -90.622  -4.297 0.0000000000
158720  -28.706  -90.464  -4.748 0.0000000000
39255  -28.870  -89.882  -4.480 0.0000000000
158721  -29.205  -89.654  -4.926 0.0000000000
44296  -29.228  -90.097  -5.282 0.0000000000
686  -29.770  -89.343  -5.356 0.0000000000
158729  -29.403  -89.205  -4.579 0.0000000000
158730  -29.835  -88.952  -4.979 0.0000000000
39258  -30.068  -88.573  -4.527 0.0000000000
87898  -29.728  -88.783  -4.118 0.0000000000
158728  -29.089  -89.452  -4.147 0.0000000000
39257  -29.374  -88.993  -3.687 0.0000000000
158727  -28.904  -89.654  -3.595 0.0000000000
87891  -28.647  -90.077  -3.974 0.0000000000
158726  -29.069  -89.134  -3.193 0.0000000000
158724  -28.715  -89.778  -3.052 0.0000000000
9673  -28.540  -90.256  -3.441 0.0000000000
39256  -28.883  -89.176  -2.716 0.0000000000
158723  -28.628  -89.848  -2.579 0.0000000000
112638  -28.507  -90.372  -2.951 0.0000000000
87893  -28.691  -89.206  -2.272 0.0000000000
158722  -28.485  -89.854  -2.099 0.0000000000
21616  -28.500  -90.456  -2.478 0.0000000000
21615  -28.231  -91.503  -3.193 0.0000000000
112635  -28.241  -92.089  -3.065 0.0000000000
87886  -28.229  -92.622  -3.409 0.0000000000
39251  -28.391  -93.895  -2.561 0.0000000000
158709  -28.333  -94.569  -2.480 0.0000000000
87861  -28.393  -95.108  -2.967 0.0000000000
158708  -28.140  -94.067  -2.066 0.0000000000
158706  -28.031  -94.757  -2.001 0.0000000000
9669  -28.140  -95.285  -2.461 0.0000000000
87881  -28.247  -93.414  -2.188 0.0000000000
158707  -27.884  -93.585  -1.721 0.0000000000
39250  -27.676  -94.276  -1.687 0.0000000000
21613  -28.040  -92.902  -1.875 0.0000000000
112631  -27.492  -93.062  -1.503 0.0000000000
87879  -27.251  -93.724  -1.448 0.0000000000
158705  -27.397  -94.936  -1.671 0.0000000000
112620  -27.728  -95.473  -1.992 0.0000000000
87878  -27.007  -94.394  -1.414 0.0000000000
158704  -26.738  -95.056  -1.370 0.0000000000
21606  -27.071  -95.603  -1.649 0.0000000000
39249  -26.393  -94.477  -1.122 0.0000000000
158703  -26.128  -95.150  -1.058 0.0000000000
52326  -26.426  -95.690  -1.306 0.0000000000
158702  -25.873  -94.529  -0.815 0.0000000000
158694  -25.625  -95.208  -0.670 0.0000000000
2371  -25.845  -95.758  -0.967 0.0000000000
87876  -26.055  -93.801  -0.849 0.0000000000
158701  -25.513  -93.915  -0.522 0.0000000000
39246  -25.323  -94.617  -0.445 0.0000000000
39248  -25.701  -93.188  -0.548 0.0000000000
158700  -25.137  -93.311  -0.252 0.0000000000
87869  -24.965  -94.043  -0.203 0.0000000000
158693  -25.118  -95.280  -0.297 0.0000000000
126633  -25.384  -95.798  -0.561 0.0000000000
87868  -24.763  -94.720  -0.126 0.0000000000
158692  -24.635  -95.360  0.017 0.0000000000
27939  -24.911  -95.862  -0.157 0.0000000000
39245  -24.278  -94.821  0.159 0.0000000000
158691  -24.195  -95.460  0.293 0.0000000000
61926  -24.529  -96.002  0.170 0.0000000000
158690  -23.854  -94.919  0.468 0.0000000000
158688  -23.782  -95.588  0.566 0.0000000000
5281  -24.166  -96.156  0.479 0.0000000000
87866  -23.968  -94.258  0.429 0.0000000000
158689  -23.575  -94.362  0.785 0.0000000000
39244  -23.450  -95.029  0.802 0.0000000000
21608  -23.716  -93.690  0.776 0.0000000000
112622  -23.374  -93.801  1.132 0.0000000000
87864  -23.197  -94.446  1.120 0.0000000000
158687  -23.327  -95.692  0.894 0.0000000000
97059  -23.738  -96.274  0.744 0.0000000000
87863  -23.023  -95.129  1.147 0.0000000000
158686  -22.846  -95.811  1.210 0.0000000000
12961  -23.224  -96.351  1.029 0.0000000000
31488  -22.567  -95.295  1.494 0.0000000000
135936  -22.342  -95.938  1.522 0.0000000000
43681  -22.697  -96.444  1.305 0.0000000000
21605  -27.387  -96.724  -2.545 0.0000000000
112617  -26.835  -97.271  -2.758 0.0000000000
87856  -26.647  -97.587  -3.524 0.0000000000
39239  -24.962  -98.038  -3.465 0.0000000000
158673  -24.320  -98.120  -3.618 0.0000000000
87846  -24.195  -98.195  -4.429 0.0000000000
158672  -24.458  -98.035  -2.893 0.0000000000
158670  -23.762  -98.147  -3.016 0.0000000000
9667  -23.634  -98.228  -3.769 0.0000000000
87851  -25.097  -97.912  -2.724 0.0000000000
158671  -24.656  -97.971  -2.207 0.0000000000
39238  -24.017  -98.053  -2.286 0.0000000000
21603  -25.316  -97.695  -2.027 0.0000000000
112613  -24.780  -97.796  -1.507 0.0000000000
87849  -24.187  -98.032  -1.615 0.0000000000
158669  -23.297  -98.213  -2.365 0.0000000000
112611  -23.037  -98.328  -3.085 0.0000000000
87848  -23.555  -98.173  -1.692 0.0000000000
158668  -22.832  -98.331  -1.771 0.0000000000
21601  -22.513  -98.421  -2.405 0.0000000000
27936  -23.085  -98.359  -1.155 0.0000000000
126624  -22.371  -98.533  -1.196 0.0000000000
52321  -22.024  -98.522  -1.774 0.0000000000
87843  -22.805  -98.549  -4.682 0.0000000000
158662  -22.213  -98.870  -4.621 0.0000000000
39235  -22.233  -99.120  -5.364 0.0000000000
21600  -22.168  -98.642  -3.885 0.0000000000
112608  -21.617  -99.060  -3.804 0.0000000000
87841  -21.676  -99.285  -4.546 0.0000000000
158660  -22.223  -99.371  -6.189 0.0000000000
71776  -22.588  -99.251  -7.126 0.0000000000
87840  -21.725  -99.527  -5.330 0.0000000000
158659  -21.689  -99.660  -6.165 0.0000000000
32674  -22.102  -99.499  -7.086 0.0000000000
39234  -21.183  -99.900  -5.312 0.0000000000
158658  -21.093  -99.940  -6.145 0.0000000000
139246  -21.518  -99.700  -7.053 0.0000000000
135935  -21.796  -95.945  1.854 0.0000000000
578  -22.159  -96.542  1.601 0.0000000000
135937  -22.043  -95.334  1.840 0.0000000000
31487  -21.566  -95.324  2.282 0.0000000000
135934  -21.311  -95.928  2.314 0.0000000000
43675  -21.638  -96.566  1.975 0.0000000000
69118  -21.110  -95.306  2.900 0.0000000000
135933  -20.926  -95.876  2.969 0.0000000000
12955  -21.140  -96.528  2.410 0.0000000000
31486  -20.999  -95.211  3.669 0.0000000000
135932  -20.752  -95.747  3.741 0.0000000000
97047  -20.768  -96.380  3.095 0.0000000000
126632  -25.169  -96.375  -0.492 0.0000000000
52322  -25.641  -96.315  -0.913 0.0000000000
61925  -24.722  -96.495  -0.095 0.0000000000
126631  -24.947  -97.020  -0.460 0.0000000000
21602  -25.346  -96.914  -0.900 0.0000000000
27938  -24.544  -97.170  -0.013 0.0000000000
126630  -24.543  -97.653  -0.382 0.0000000000
112612  -24.918  -97.477  -0.915 0.0000000000
126629  -24.248  -97.815  0.066 0.0000000000
126627  -23.994  -98.104  -0.448 0.0000000000
5280  -24.349  -97.941  -0.960 0.0000000000
61923  -24.284  -97.367  0.385 0.0000000000
126628  -23.894  -97.968  0.436 0.0000000000
27937  -23.681  -98.299  -0.006 0.0000000000
12960  -23.950  -97.521  0.705 0.0000000000
97056  -23.538  -98.096  0.789 0.0000000000
61921  -23.331  -98.438  0.403 0.0000000000
126626  -23.390  -98.387  -0.589 0.0000000000
87847  -23.776  -98.179  -1.061 0.0000000000
61920  -23.032  -98.561  -0.154 0.0000000000
126625  -22.722  -98.581  -0.714 0.0000000000
27935  -22.367  -98.788  -0.216 0.0000000000
126623  -22.006  -98.762  -0.682 0.0000000000
2370  -21.654  -98.742  -1.185 0.0000000000
126622  -21.656  -99.028  -0.165 0.0000000000
52315  -21.305  -99.010  -0.610 0.0000000000
61918  -22.028  -98.989  0.219 0.0000000000
126621  -21.337  -99.258  0.321 0.0000000000
21595  -20.980  -99.309  -0.090 0.0000000000
27934  -21.635  -99.219  0.671 0.0000000000
126620  -20.918  -99.500  0.843 0.0000000000
112599  -20.641  -99.560  0.443 0.0000000000
126619  -21.161  -99.436  1.200 0.0000000000
126617  -20.417  -99.762  1.408 0.0000000000
5278  -20.217  -99.818  0.986 0.0000000000
61916  -21.906  -99.100  1.027 0.0000000000
126618  -21.404  -99.205  1.573 0.0000000000
27933  -20.691  -99.556  1.737 0.0000000000
12958  -22.098  -98.764  1.469 0.0000000000
97052  -21.490  -98.831  1.904 0.0000000000
61914  -20.880  -99.226  2.064 0.0000000000
126616  -19.897  -99.848  1.912 0.0000000000
87825  -19.705  -100.036  1.558 0.0000000000
61913  -20.160  -99.550  2.215 0.0000000000
126615  -19.459  -99.822  2.347 0.0000000000
27932  -19.238  -100.093  2.023 0.0000000000
112637  -28.356  -90.973  -2.834 0.0000000000
87887  -28.291  -90.873  -3.328 0.0000000000
52335  -28.353  -91.036  -2.378 0.0000000000
112636  -28.300  -91.587  -2.698 0.0000000000
21614  -28.240  -91.639  -2.205 0.0000000000
112634  -28.320  -92.172  -2.618 0.0000000000
9672  -28.310  -92.665  -2.893 0.0000000000
112633  -28.139  -92.266  -2.052 0.0000000000
87880  -28.317  -92.776  -2.377 0.0000000000
52333  -27.941  -91.684  -1.664 0.0000000000
112632  -27.739  -92.377  -1.562 0.0000000000
21612  -27.419  -91.718  -1.219 0.0000000000
112630  -27.180  -92.404  -1.160 0.0000000000
9671  -26.920  -93.084  -1.148 0.0000000000
112629  -26.840  -91.799  -0.860 0.0000000000
87873  -26.579  -92.455  -0.843 0.0000000000
112619  -27.351  -96.175  -2.017 0.0000000000
87857  -27.827  -96.014  -2.503 0.0000000000
52325  -26.711  -96.262  -1.633 0.0000000000
112618  -26.890  -96.809  -2.118 0.0000000000
21604  -26.350  -96.850  -1.727 0.0000000000
112616  -26.366  -97.330  -2.308 0.0000000000
9668  -26.180  -97.659  -3.003 0.0000000000
112615  -25.882  -97.331  -1.860 0.0000000000
87850  -25.733  -97.683  -2.516 0.0000000000
52323  -25.815  -96.880  -1.330 0.0000000000
112614  -25.382  -97.385  -1.399 0.0000000000
112610  -22.245  -98.549  -3.105 0.0000000000
87842  -22.893  -98.384  -3.879 0.0000000000
52320  -21.740  -98.692  -2.397 0.0000000000
112609  -21.622  -98.889  -3.073 0.0000000000
21599  -21.153  -99.085  -2.341 0.0000000000
112607  -21.112  -99.318  -3.036 0.0000000000
9666  -21.126  -99.565  -3.779 0.0000000000
112606  -20.639  -99.558  -2.284 0.0000000000
87835  -20.626  -99.832  -3.022 0.0000000000
52318  -20.759  -99.275  -1.683 0.0000000000
112605  -20.199  -99.725  -1.654 0.0000000000
21598  -20.172  -100.096  -2.306 0.0000000000
21597  -20.383  -99.440  -1.091 0.0000000000
112603  -19.740  -99.859  -1.072 0.0000000000
112604  -19.685  -100.233  -1.702 0.0000000000
158653  -19.637  -100.564  -2.396 0.0000000000
9665  -19.076  -100.275  -1.083 0.0000000000
87834  -19.007  -100.631  -1.768 0.0000000000
112602  -19.983  -99.599  -0.517 0.0000000000
87828  -19.186  -99.928  -0.448 0.0000000000
52316  -20.657  -99.292  -0.551 0.0000000000
112601  -20.350  -99.597  0.013 0.0000000000
21596  -19.583  -99.873  0.103 0.0000000000
112600  -19.924  -99.848  0.574 0.0000000000
158644  -19.141  -100.107  0.714 0.0000000000
87827  -19.435  -100.068  1.162 0.0000000000
97058  -23.627  -96.923  0.907 0.0000000000
61922  -24.099  -96.844  0.619 0.0000000000
43680  -23.087  -96.997  1.176 0.0000000000
97057  -23.395  -97.564  1.005 0.0000000000
12959  -22.893  -97.653  1.283 0.0000000000
97055  -23.073  -98.148  1.068 0.0000000000
5279  -23.002  -98.545  0.756 0.0000000000
97054  -22.644  -98.235  1.368 0.0000000000
61915  -22.609  -98.667  1.085 0.0000000000
43678  -22.345  -97.738  1.561 0.0000000000
97053  -22.028  -98.322  1.701 0.0000000000
12957  -21.794  -97.754  1.889 0.0000000000
97051  -21.430  -98.290  2.138 0.0000000000
5277  -20.946  -98.765  2.362 0.0000000000
97050  -21.247  -97.659  2.325 0.0000000000
61908  -20.925  -98.155  2.600 0.0000000000
43676  -21.477  -97.140  2.126 0.0000000000
97049  -21.008  -97.043  2.615 0.0000000000
12956  -20.752  -97.506  2.884 0.0000000000
97048  -20.613  -96.864  3.258 0.0000000000
126608  -20.390  -97.323  3.466 0.0000000000
5275  -20.532  -96.233  3.805 0.0000000000
61907  -20.369  -96.696  3.923 0.0000000000
87889  -28.340  -90.728  -3.832 0.0000000000
87884  -28.333  -93.223  -3.278 0.0000000000
87882  -28.404  -93.289  -2.705 0.0000000000
87877  -26.631  -93.778  -1.148 0.0000000000
87875  -26.316  -93.117  -0.843 0.0000000000
87874  -25.946  -92.526  -0.566 0.0000000000
21611  -26.218  -91.879  -0.570 0.0000000000
9670  -24.589  -93.452  0.041 0.0000000000
87867  -24.424  -94.150  0.091 0.0000000000
87865  -24.114  -93.592  0.405 0.0000000000
6912  -23.027  -93.883  1.553 0.0000000000
87862  -22.801  -94.515  1.462 0.0000000000
135938  -22.340  -94.638  1.837 0.0000000000
135939  -22.656  -93.954  1.929 0.0000000000
87859  -28.151  -95.845  -3.035 0.0000000000
87854  -26.047  -97.886  -3.835 0.0000000000
87852  -25.543  -97.914  -3.259 0.0000000000
87844  -23.517  -98.306  -4.655 0.0000000000
87839  -21.151  -99.785  -4.494 0.0000000000
87837  -20.622  -100.072  -3.781 0.0000000000
87838  -20.579  -100.226  -4.503 0.0000000000
87836  -20.158  -100.372  -3.077 0.0000000000
39233  -20.070  -100.504  -3.835 0.0000000000
87832  -18.382  -100.665  -1.093 0.0000000000
87830  -18.568  -100.326  -0.419 0.0000000000
87831  -17.901  -100.727  -0.445 0.0000000000
87829  -18.837  -100.173  0.168 0.0000000000
39230  -18.143  -100.501  0.193 0.0000000000
158645  -18.445  -100.399  0.763 0.0000000000
87826  -18.989  -100.274  1.665 0.0000000000
39229  -18.742  -100.361  1.272 0.0000000000
71781  -23.150  -97.475  -10.283 0.0000000000
71777  -22.486  -99.246  -8.119 0.0000000000
139248  -22.019  -99.429  -8.039 0.0000000000
69117  -21.333  -94.663  3.629 0.0000000000
69119  -21.504  -94.715  2.867 0.0000000000
63771  -30.274  -90.743  -6.783 0.0000000000
63773  -31.176  -90.256  -7.059 0.0000000000
5844  -30.835  -90.034  -6.741 0.0000000000
61924  -24.419  -96.673  0.282 0.0000000000
61919  -22.672  -98.731  0.307 0.0000000000
61917  -22.339  -98.914  0.666 0.0000000000
61912  -20.360  -99.155  2.527 0.0000000000
27931  -19.690  -99.466  2.656 0.0000000000
61910  -20.458  -98.606  2.819 0.0000000000
61911  -19.882  -98.955  2.920 0.0000000000
61909  -20.428  -97.952  3.094 0.0000000000
27930  -20.013  -98.371  3.239 0.0000000000
126609  -20.077  -97.751  3.599 0.0000000000
52334  -28.089  -91.046  -1.852 0.0000000000
52336  -28.272  -90.444  -1.974 0.0000000000
2372  -27.897  -90.447  -1.488 0.0000000000
52332  -27.664  -91.065  -1.336 0.0000000000
52324  -26.137  -96.294  -1.292 0.0000000000
52319  -21.366  -98.851  -1.733 0.0000000000
52317  -20.995  -99.062  -1.111 0.0000000000
44298  -30.013  -89.464  -5.750 0.0000000000
43679  -22.556  -97.093  1.435 0.0000000000
43677  -22.010  -97.177  1.746 0.0000000000
158657  -20.572  -100.230  -5.326 0.0000000000
69120  -21.894  -94.720  2.307 0.0000000000
6911  -21.748  -94.119  3.710 0.0000000000
69121  -21.918  -94.127  2.991 0.0000000000
31489  -22.270  -94.069  2.398 0.0000000000
27929  -20.147  -97.147  4.046 0.0000000000
