#!ascii label  , from subject  vox2ras=TkReg
1982
130814  -32.688  -64.287  -15.400 0.0000000000
29602  -33.513  -64.045  -15.225 0.0000000000
130813  -32.874  -64.862  -15.324 0.0000000000
130815  -33.370  -63.389  -15.246 0.0000000000
130811  -31.933  -65.180  -15.273 0.0000000000
6104  -31.821  -64.579  -15.338 0.0000000000
105333  -32.483  -63.692  -15.450 0.0000000000
17559  -33.180  -62.819  -15.289 0.0000000000
65077  -34.263  -63.229  -15.094 0.0000000000
130816  -34.053  -62.583  -15.110 0.0000000000
29603  -34.971  -62.214  -15.118 0.0000000000
130817  -34.752  -61.512  -15.098 0.0000000000
48279  -33.823  -61.954  -15.155 0.0000000000
832  -34.544  -60.835  -15.105 0.0000000000
130825  -35.717  -61.243  -15.380 0.0000000000
130826  -35.485  -60.579  -15.348 0.0000000000
29606  -36.308  -60.233  -15.867 0.0000000000
65085  -36.515  -60.885  -15.910 0.0000000000
130824  -35.902  -61.912  -15.411 0.0000000000
130827  -36.068  -59.630  -15.865 0.0000000000
120966  -35.248  -59.929  -15.335 0.0000000000
25512  -35.825  -59.062  -15.885 0.0000000000
65087  -36.813  -59.392  -16.642 0.0000000000
130828  -36.551  -58.750  -16.632 0.0000000000
29605  -36.729  -61.601  -15.970 0.0000000000
130823  -36.047  -62.576  -15.471 0.0000000000
65078  -35.144  -62.907  -15.179 0.0000000000
130822  -36.920  -62.306  -16.042 0.0000000000
130820  -36.167  -63.280  -15.589 0.0000000000
6105  -35.289  -63.589  -15.249 0.0000000000
65083  -37.468  -61.282  -16.709 0.0000000000
130821  -37.620  -62.012  -16.729 0.0000000000
29604  -37.059  -63.006  -16.130 0.0000000000
14015  -38.063  -61.025  -17.398 0.0000000000
98953  -38.258  -61.742  -17.396 0.0000000000
65081  -37.756  -62.714  -16.757 0.0000000000
130819  -36.257  -63.955  -15.698 0.0000000000
98951  -35.407  -64.198  -15.337 0.0000000000
65080  -37.116  -63.649  -16.211 0.0000000000
130818  -36.330  -64.584  -15.808 0.0000000000
14013  -35.475  -64.841  -15.424 0.0000000000
23384  -37.180  -64.279  -16.280 0.0000000000
116000  -36.385  -65.225  -15.855 0.0000000000
44733  -35.528  -65.487  -15.484 0.0000000000
65075  -33.629  -64.713  -15.204 0.0000000000
130812  -32.923  -65.546  -15.290 0.0000000000
29601  -32.015  -65.818  -15.195 0.0000000000
14012  -33.708  -65.394  -15.218 0.0000000000
98948  -33.005  -66.190  -15.241 0.0000000000
65073  -32.074  -66.442  -15.155 0.0000000000
130810  -31.225  -65.961  -14.984 0.0000000000
75714  -31.125  -65.395  -15.074 0.0000000000
65072  -31.258  -66.589  -14.922 0.0000000000
130809  -30.541  -66.916  -14.594 0.0000000000
29600  -30.498  -66.366  -14.640 0.0000000000
29599  -30.569  -67.491  -14.541 0.0000000000
130807  -30.218  -67.817  -14.050 0.0000000000
130808  -30.191  -67.185  -14.048 0.0000000000
144060  -30.151  -66.560  -14.080 0.0000000000
351  -30.182  -68.024  -13.378 0.0000000000
42333  -30.208  -67.443  -13.406 0.0000000000
120968  -34.990  -59.317  -15.369 0.0000000000
120967  -34.318  -60.254  -15.169 0.0000000000
115999  -36.419  -65.898  -15.873 0.0000000000
831  -35.555  -66.119  -15.519 0.0000000000
116001  -37.250  -64.967  -16.319 0.0000000000
23383  -37.351  -65.669  -16.302 0.0000000000
115998  -36.475  -66.672  -15.892 0.0000000000
44727  -35.593  -66.811  -15.544 0.0000000000
54330  -37.425  -66.494  -16.325 0.0000000000
115997  -36.519  -67.452  -15.937 0.0000000000
14007  -35.591  -67.612  -15.544 0.0000000000
23382  -37.439  -67.324  -16.350 0.0000000000
115996  -36.508  -68.254  -15.998 0.0000000000
98939  -35.613  -68.368  -15.621 0.0000000000
115995  -37.396  -68.163  -16.390 0.0000000000
115993  -36.419  -69.137  -16.073 0.0000000000
2750  -35.578  -69.158  -15.714 0.0000000000
54328  -38.341  -67.166  -16.790 0.0000000000
115994  -38.253  -68.030  -16.815 0.0000000000
23381  -37.307  -69.026  -16.434 0.0000000000
10430  -39.189  -67.013  -17.246 0.0000000000
92500  -39.139  -67.940  -17.182 0.0000000000
54326  -38.170  -68.916  -16.815 0.0000000000
115992  -36.289  -69.988  -16.124 0.0000000000
65057  -35.477  -70.007  -15.786 0.0000000000
54325  -37.196  -69.825  -16.467 0.0000000000
115991  -36.206  -70.781  -16.131 0.0000000000
23380  -35.365  -70.812  -15.835 0.0000000000
23379  -37.086  -70.629  -16.489 0.0000000000
105335  -32.313  -63.104  -15.471 0.0000000000
105334  -31.665  -63.987  -15.448 0.0000000000
98952  -38.943  -61.499  -18.070 0.0000000000
2752  -38.480  -62.479  -17.406 0.0000000000
98954  -38.696  -60.826  -18.085 0.0000000000
14014  -39.409  -60.542  -18.699 0.0000000000
116006  -39.178  -62.163  -18.054 0.0000000000
116007  -39.702  -61.205  -18.674 0.0000000000
98950  -34.608  -65.160  -15.232 0.0000000000
65074  -34.493  -64.496  -15.194 0.0000000000
44732  -34.722  -65.790  -15.244 0.0000000000
98949  -33.851  -65.965  -15.193 0.0000000000
14011  -33.898  -66.576  -15.189 0.0000000000
98947  -33.061  -66.822  -15.187 0.0000000000
6103  -32.170  -66.967  -15.167 0.0000000000
98946  -33.062  -67.498  -15.113 0.0000000000
65067  -32.201  -67.725  -15.104 0.0000000000
44730  -33.890  -67.305  -15.205 0.0000000000
98945  -33.030  -68.254  -15.104 0.0000000000
14010  -32.189  -68.480  -15.046 0.0000000000
14009  -33.810  -68.030  -15.208 0.0000000000
98943  -32.943  -69.027  -15.122 0.0000000000
98944  -32.123  -69.231  -15.051 0.0000000000
6102  -32.032  -69.975  -15.095 0.0000000000
98942  -33.815  -68.718  -15.162 0.0000000000
65060  -32.906  -69.734  -15.125 0.0000000000
44728  -34.638  -67.829  -15.299 0.0000000000
98941  -34.630  -68.536  -15.331 0.0000000000
14008  -33.756  -69.459  -15.179 0.0000000000
98940  -34.700  -69.249  -15.413 0.0000000000
130793  -33.793  -70.191  -15.222 0.0000000000
65059  -34.628  -70.094  -15.458 0.0000000000
92499  -40.046  -67.719  -17.623 0.0000000000
2749  -39.087  -68.868  -17.140 0.0000000000
92501  -40.077  -66.823  -17.761 0.0000000000
10429  -40.974  -66.687  -18.172 0.0000000000
149003  -39.986  -68.453  -17.474 0.0000000000
149004  -40.906  -67.447  -17.988 0.0000000000
75716  -31.017  -64.864  -15.166 0.0000000000
75715  -30.365  -65.714  -14.699 0.0000000000
29607  -37.186  -58.480  -17.501 0.0000000000
65086  -37.051  -60.009  -16.672 0.0000000000
65088  -37.418  -59.050  -17.508 0.0000000000
6106  -37.618  -59.699  -17.471 0.0000000000
65084  -37.271  -60.631  -16.698 0.0000000000
65082  -37.842  -60.357  -17.425 0.0000000000
98955  -38.442  -60.123  -18.099 0.0000000000
98956  -38.226  -59.523  -18.102 0.0000000000
65079  -37.888  -63.387  -16.820 0.0000000000
116002  -37.988  -64.117  -16.840 0.0000000000
116003  -38.662  -63.168  -17.436 0.0000000000
65076  -34.385  -63.828  -15.142 0.0000000000
65071  -31.326  -67.215  -14.916 0.0000000000
65061  -32.907  -70.419  -15.103 0.0000000000
65058  -34.573  -70.851  -15.513 0.0000000000
29594  -33.794  -70.945  -15.246 0.0000000000
54329  -38.301  -66.330  -16.788 0.0000000000
54331  -38.205  -65.528  -16.831 0.0000000000
2751  -39.095  -65.255  -17.426 0.0000000000
54327  -39.175  -66.106  -17.336 0.0000000000
92502  -40.047  -65.927  -17.868 0.0000000000
92503  -39.963  -65.045  -17.981 0.0000000000
54324  -38.084  -69.791  -16.801 0.0000000000
148999  -37.985  -70.483  -16.786 0.0000000000
149000  -39.023  -69.542  -17.089 0.0000000000
48281  -33.593  -61.313  -15.214 0.0000000000
48280  -32.943  -62.250  -15.342 0.0000000000
44731  -34.701  -66.335  -15.294 0.0000000000
44729  -34.670  -67.069  -15.305 0.0000000000
42331  -30.304  -68.185  -12.664 0.0000000000
42332  -30.391  -67.551  -12.701 0.0000000000
11613  -30.189  -66.822  -13.427 0.0000000000
94630  -30.367  -66.944  -12.730 0.0000000000
11611  -30.491  -68.246  -11.890 0.0000000000
94629  -30.536  -67.609  -11.956 0.0000000000
130794  -32.951  -71.113  -15.052 0.0000000000
54332  -38.104  -64.830  -16.843 0.0000000000
44735  -39.123  -59.888  -18.738 0.0000000000
44734  -39.828  -59.679  -19.260 0.0000000000
116008  -40.168  -60.276  -19.236 0.0000000000
94631  -30.123  -66.233  -13.442 0.0000000000
144061  -30.125  -66.029  -14.083 0.0000000000
94627  -30.583  -68.308  -11.105 0.0000000000
41150  -41.019  -65.807  -18.337 0.0000000000
41149  -41.708  -65.622  -18.524 0.0000000000
149005  -41.689  -66.368  -18.368 0.0000000000
98957  -38.005  -58.870  -18.140 0.0000000000
54333  -38.978  -64.542  -17.477 0.0000000000
92504  -39.834  -64.354  -18.059 0.0000000000
41151  -41.667  -64.734  -18.684 0.0000000000
40  -42.455  -64.640  -18.812 0.0000000000
149006  -42.468  -65.368  -18.609 0.0000000000
10431  -40.890  -64.909  -18.423 0.0000000000
41153  -42.309  -63.820  -18.964 0.0000000000
41152  -41.576  -63.928  -18.795 0.0000000000
92506  -41.418  -63.163  -18.896 0.0000000000
10433  -42.134  -62.993  -19.116 0.0000000000
92505  -40.746  -64.163  -18.481 0.0000000000
162141  -42.955  -63.509  -19.059 0.0000000000
162142  -42.825  -62.665  -19.258 0.0000000000
44736  -39.491  -59.156  -19.260 0.0000000000
833  -40.195  -58.881  -19.639 0.0000000000
116009  -40.593  -59.436  -19.655 0.0000000000
14016  -38.829  -59.263  -18.759 0.0000000000
44738  -39.838  -58.310  -19.611 0.0000000000
44737  -39.164  -58.502  -19.248 0.0000000000
98959  -38.872  -57.883  -19.217 0.0000000000
14018  -39.531  -57.687  -19.603 0.0000000000
98958  -38.540  -58.678  -18.759 0.0000000000
162159  -40.429  -57.945  -19.942 0.0000000000
162160  -40.124  -57.370  -19.872 0.0000000000
105336  -32.083  -62.564  -15.544 0.0000000000
17561  -32.700  -61.735  -15.409 0.0000000000
144069  -33.363  -60.730  -15.288 0.0000000000
23385  -38.794  -63.838  -17.466 0.0000000000
116004  -39.656  -63.612  -18.072 0.0000000000
130830  -37.793  -58.231  -18.191 0.0000000000
34338  -30.254  -65.200  -14.755 0.0000000000
144063  -30.900  -64.299  -15.251 0.0000000000
10432  -40.585  -63.436  -18.535 0.0000000000
92507  -41.943  -62.164  -19.284 0.0000000000
54334  -41.216  -62.380  -19.010 0.0000000000
2753  -41.705  -61.426  -19.417 0.0000000000
162143  -42.634  -61.874  -19.429 0.0000000000
162144  -42.368  -61.109  -19.592 0.0000000000
3931  -30.693  -68.282  -10.392 0.0000000000
94628  -30.661  -67.695  -11.169 0.0000000000
120960  -30.709  -67.009  -11.258 0.0000000000
11612  -30.534  -66.995  -12.021 0.0000000000
57873  -30.726  -67.673  -10.433 0.0000000000
57874  -30.365  -66.304  -12.794 0.0000000000
3933  -30.092  -65.683  -13.462 0.0000000000
144062  -29.990  -65.476  -14.136 0.0000000000
14017  -38.278  -58.109  -18.754 0.0000000000
17560  -31.536  -63.449  -15.544 0.0000000000
105337  -31.885  -62.045  -15.609 0.0000000000
75717  -31.315  -62.971  -15.640 0.0000000000
8004  -31.101  -62.416  -15.712 0.0000000000
144070  -32.515  -61.121  -15.487 0.0000000000
144071  -31.707  -61.546  -15.681 0.0000000000
116005  -39.446  -62.897  -18.061 0.0000000000
54335  -40.354  -62.607  -18.597 0.0000000000
23386  -40.036  -61.875  -18.647 0.0000000000
54337  -40.520  -60.919  -19.188 0.0000000000
23387  -41.010  -60.022  -19.600 0.0000000000
162149  -41.321  -59.184  -19.906 0.0000000000
162150  -40.841  -58.586  -19.927 0.0000000000
25509  -30.801  -66.958  -10.545 0.0000000000
57875  -30.546  -66.373  -12.059 0.0000000000
120961  -30.722  -66.330  -11.405 0.0000000000
25510  -30.508  -65.719  -12.155 0.0000000000
120962  -30.698  -65.675  -11.503 0.0000000000
120959  -30.855  -66.210  -10.717 0.0000000000
120963  -30.381  -65.050  -12.263 0.0000000000
3932  -30.851  -65.535  -10.867 0.0000000000
105324  -30.654  -64.996  -11.655 0.0000000000
17554  -30.269  -64.350  -12.438 0.0000000000
57877  -30.193  -65.162  -12.903 0.0000000000
120964  -30.078  -64.510  -12.982 0.0000000000
25511  -29.878  -64.525  -13.594 0.0000000000
120965  -29.742  -63.916  -13.670 0.0000000000
48274  -29.932  -63.849  -13.082 0.0000000000
1785  -29.579  -63.329  -13.775 0.0000000000
144067  -29.660  -63.930  -14.312 0.0000000000
144068  -29.504  -63.322  -14.387 0.0000000000
25513  -34.092  -59.692  -15.264 0.0000000000
144064  -30.120  -64.702  -14.803 0.0000000000
144065  -29.899  -64.957  -14.185 0.0000000000
75718  -30.685  -63.831  -15.329 0.0000000000
34339  -29.939  -64.268  -14.841 0.0000000000
144066  -29.799  -64.457  -14.246 0.0000000000
57878  -30.008  -65.133  -13.505 0.0000000000
75720  -29.829  -63.709  -14.902 0.0000000000
34340  -29.710  -63.144  -14.956 0.0000000000
144076  -29.561  -62.556  -15.032 0.0000000000
144077  -29.356  -62.665  -14.492 0.0000000000
75723  -33.117  -60.136  -15.410 0.0000000000
34341  -32.293  -60.540  -15.623 0.0000000000
144073  -31.500  -60.958  -15.753 0.0000000000
144074  -30.920  -61.879  -15.753 0.0000000000
34342  -30.736  -61.362  -15.802 0.0000000000
144075  -30.123  -62.255  -15.514 0.0000000000
75721  -30.304  -62.800  -15.487 0.0000000000
75728  -29.992  -61.676  -15.585 0.0000000000
34343  -29.425  -61.942  -15.101 0.0000000000
144078  -29.224  -61.981  -14.598 0.0000000000
48278  -29.392  -62.671  -13.857 0.0000000000
36006  -38.938  -70.201  -17.018 0.0000000000
149002  -39.944  -69.256  -17.334 0.0000000000
36007  -40.857  -68.205  -17.799 0.0000000000
79805  -40.793  -68.974  -17.604 0.0000000000
149001  -39.807  -70.012  -17.227 0.0000000000
79807  -41.651  -67.162  -18.198 0.0000000000
36008  -42.389  -66.082  -18.421 0.0000000000
161897  -42.970  -65.266  -18.532 0.0000000000
161898  -43.005  -64.485  -18.785 0.0000000000
40314  -43.509  -64.392  -18.581 0.0000000000
90539  -43.404  -65.144  -18.302 0.0000000000
161896  -42.900  -65.974  -18.274 0.0000000000
162140  -43.460  -63.316  -18.856 0.0000000000
40395  -43.368  -62.375  -19.226 0.0000000000
90742  -43.709  -62.221  -18.983 0.0000000000
162139  -43.741  -63.129  -18.574 0.0000000000
90744  -43.203  -61.604  -19.490 0.0000000000
40396  -42.986  -60.870  -19.699 0.0000000000
162146  -42.750  -60.152  -19.887 0.0000000000
162147  -42.070  -60.383  -19.744 0.0000000000
40397  -42.329  -59.477  -20.012 0.0000000000
90747  -42.771  -59.226  -19.999 0.0000000000
162145  -43.102  -59.947  -19.812 0.0000000000
162148  -41.781  -59.755  -19.864 0.0000000000
54338  -41.383  -60.708  -19.520 0.0000000000
90749  -41.877  -58.827  -20.105 0.0000000000
40398  -41.477  -58.213  -20.174 0.0000000000
162158  -41.133  -57.626  -20.169 0.0000000000
40401  -40.806  -57.001  -20.159 0.0000000000
90757  -41.465  -56.677  -20.303 0.0000000000
162157  -41.762  -57.289  -20.273 0.0000000000
40400  -41.935  -56.444  -20.259 0.0000000000
162156  -42.252  -57.145  -20.243 0.0000000000
90750  -42.089  -57.943  -20.220 0.0000000000
162155  -42.332  -56.142  -20.086 0.0000000000
162153  -42.650  -56.824  -20.037 0.0000000000
10054  -42.565  -57.701  -20.155 0.0000000000
40399  -42.585  -55.868  -19.824 0.0000000000
162152  -42.782  -56.536  -19.733 0.0000000000
114354  -42.927  -57.497  -19.962 0.0000000000
90752  -42.591  -55.538  -19.432 0.0000000000
162151  -42.740  -56.210  -19.322 0.0000000000
22570  -42.952  -57.215  -19.611 0.0000000000
28518  -42.509  -55.290  -19.006 0.0000000000
127980  -42.632  -55.996  -18.850 0.0000000000
53290  -42.828  -56.939  -19.124 0.0000000000
22569  -43.203  -59.039  -19.952 0.0000000000
114351  -43.420  -59.702  -19.705 0.0000000000
90745  -43.401  -60.713  -19.590 0.0000000000
40394  -43.957  -62.125  -18.602 0.0000000000
162138  -43.962  -62.966  -18.113 0.0000000000
90540  -43.682  -64.118  -18.184 0.0000000000
162137  -43.920  -61.864  -18.137 0.0000000000
162135  -43.880  -62.649  -17.680 0.0000000000
10026  -43.824  -63.841  -17.706 0.0000000000
90740  -43.857  -61.176  -18.586 0.0000000000
162136  -43.662  -61.023  -18.093 0.0000000000
40393  -43.714  -61.756  -17.607 0.0000000000
22567  -43.594  -60.252  -18.520 0.0000000000
114347  -43.324  -60.165  -17.966 0.0000000000
90738  -43.369  -60.831  -17.499 0.0000000000
162134  -43.650  -62.417  -17.111 0.0000000000
114228  -43.719  -63.540  -17.247 0.0000000000
90737  -43.354  -61.498  -17.028 0.0000000000
162133  -43.218  -62.273  -16.576 0.0000000000
22500  -43.432  -63.311  -16.746 0.0000000000
40392  -42.892  -61.292  -16.424 0.0000000000
162132  -42.731  -62.002  -15.981 0.0000000000
53220  -42.962  -63.138  -16.175 0.0000000000
162131  -42.411  -61.077  -15.799 0.0000000000
162123  -42.252  -61.804  -15.347 0.0000000000
2490  -42.466  -62.855  -15.583 0.0000000000
90735  -42.499  -60.402  -16.308 0.0000000000
162130  -41.988  -60.166  -15.639 0.0000000000
40389  -41.968  -60.817  -15.171 0.0000000000
40391  -42.031  -59.520  -16.107 0.0000000000
162129  -41.556  -59.297  -15.507 0.0000000000
90728  -41.503  -59.979  -15.036 0.0000000000
162128  -41.595  -58.666  -15.883 0.0000000000
162126  -41.188  -58.454  -15.240 0.0000000000
10051  -41.124  -59.134  -14.842 0.0000000000
90733  -42.065  -58.802  -16.563 0.0000000000
162127  -41.665  -57.892  -16.306 0.0000000000
40390  -41.281  -57.743  -15.596 0.0000000000
22565  -42.052  -58.018  -16.968 0.0000000000
114343  -41.704  -57.056  -16.646 0.0000000000
90731  -41.367  -56.958  -15.935 0.0000000000
162125  -40.925  -57.444  -14.963 0.0000000000
114341  -40.843  -58.212  -14.589 0.0000000000
90730  -41.031  -56.638  -15.302 0.0000000000
162124  -40.732  -56.435  -14.621 0.0000000000
22563  -40.576  -57.176  -14.256 0.0000000000
28514  -40.860  -55.689  -14.934 0.0000000000
127970  -40.644  -55.422  -14.242 0.0000000000
53283  -40.498  -56.184  -13.910 0.0000000000
162122  -41.810  -61.540  -14.691 0.0000000000
127884  -42.029  -62.597  -14.973 0.0000000000
90727  -41.481  -60.672  -14.530 0.0000000000
162121  -41.413  -61.331  -14.082 0.0000000000
28476  -41.607  -62.327  -14.367 0.0000000000
40388  -41.090  -60.378  -13.948 0.0000000000
162120  -41.087  -61.081  -13.479 0.0000000000
62820  -41.273  -62.022  -13.709 0.0000000000
162119  -40.814  -60.053  -13.316 0.0000000000
162117  -40.831  -60.683  -12.870 0.0000000000
5580  -41.013  -61.684  -13.077 0.0000000000
90725  -40.768  -59.431  -13.769 0.0000000000
162118  -40.489  -59.131  -13.125 0.0000000000
40387  -40.575  -59.701  -12.656 0.0000000000
22562  -40.440  -58.524  -13.546 0.0000000000
114338  -40.208  -58.178  -12.873 0.0000000000
90723  -40.239  -58.778  -12.471 0.0000000000
162116  -40.610  -60.306  -12.195 0.0000000000
97596  -40.806  -61.278  -12.458 0.0000000000
90722  -40.323  -59.331  -12.028 0.0000000000
162115  -40.384  -59.902  -11.627 0.0000000000
13260  -40.577  -60.896  -11.845 0.0000000000
40386  -40.161  -58.877  -11.361 0.0000000000
162114  -40.178  -59.421  -10.967 0.0000000000
43980  -40.393  -60.491  -11.243 0.0000000000
162113  -40.091  -58.475  -10.663 0.0000000000
162087  -40.156  -59.083  -10.311 0.0000000000
618  -40.248  -60.061  -10.617 0.0000000000
90720  -40.025  -57.911  -11.066 0.0000000000
162112  -40.060  -57.516  -10.400 0.0000000000
40377  -40.101  -58.087  -10.014 0.0000000000
40385  -40.026  -56.967  -10.744 0.0000000000
162111  -40.169  -56.575  -10.112 0.0000000000
90698  -40.183  -57.168  -9.735 0.0000000000
162110  -40.179  -56.002  -10.520 0.0000000000
162108  -40.450  -55.684  -9.912 0.0000000000
10047  -40.416  -56.239  -9.532 0.0000000000
90718  -40.032  -56.391  -11.111 0.0000000000
162109  -40.251  -55.420  -10.896 0.0000000000
40384  -40.486  -55.089  -10.319 0.0000000000
22560  -40.118  -55.739  -11.520 0.0000000000
114334  -40.352  -54.827  -11.232 0.0000000000
90716  -40.566  -54.471  -10.686 0.0000000000
162107  -40.871  -54.779  -9.830 0.0000000000
114323  -40.796  -55.360  -9.415 0.0000000000
90715  -40.963  -54.202  -10.204 0.0000000000
162106  -41.394  -53.997  -9.748 0.0000000000
22553  -41.309  -54.557  -9.355 0.0000000000
40383  -41.501  -53.448  -10.126 0.0000000000
162105  -42.000  -53.310  -9.789 0.0000000000
53273  -41.904  -53.836  -9.380 0.0000000000
162104  -42.164  -52.773  -10.235 0.0000000000
162096  -42.739  -52.734  -10.001 0.0000000000
2497  -42.604  -53.221  -9.537 0.0000000000
90713  -41.654  -52.876  -10.551 0.0000000000
162103  -42.313  -52.205  -10.632 0.0000000000
40380  -42.879  -52.214  -10.448 0.0000000000
162095  -43.542  -52.239  -10.316 0.0000000000
127958  -43.373  -52.735  -9.866 0.0000000000
162086  -40.157  -58.723  -9.623 0.0000000000
137076  -40.174  -59.660  -9.963 0.0000000000
90697  -40.189  -57.736  -9.367 0.0000000000
162085  -40.206  -58.341  -9.013 0.0000000000
31908  -40.146  -59.260  -9.305 0.0000000000
40376  -40.353  -57.389  -8.781 0.0000000000
162084  -40.320  -57.981  -8.400 0.0000000000
70020  -40.168  -58.936  -8.657 0.0000000000
162083  -40.681  -57.031  -8.227 0.0000000000
162081  -40.622  -57.626  -7.844 0.0000000000
7092  -40.286  -58.579  -8.062 0.0000000000
90695  -40.708  -56.480  -8.618 0.0000000000
162082  -41.116  -56.218  -8.148 0.0000000000
40375  -41.058  -56.755  -7.777 0.0000000000
22552  -41.156  -55.688  -8.522 0.0000000000
114320  -41.716  -55.469  -8.163 0.0000000000
90693  -41.675  -56.000  -7.774 0.0000000000
162080  -41.034  -57.338  -7.395 0.0000000000
101916  -40.558  -58.256  -7.512 0.0000000000
90692  -41.614  -56.544  -7.389 0.0000000000
162079  -41.603  -57.111  -7.047 0.0000000000
15660  -40.947  -57.965  -7.027 0.0000000000
40374  -42.292  -56.438  -7.177 0.0000000000
162078  -42.205  -57.015  -6.820 0.0000000000
46380  -41.501  -57.748  -6.627 0.0000000000
162077  -42.961  -56.391  -7.033 0.0000000000
162069  -42.874  -56.947  -6.659 0.0000000000
1380  -42.094  -57.587  -6.461 0.0000000000
90690  -43.016  -55.826  -7.388 0.0000000000
162076  -43.708  -55.837  -7.351 0.0000000000
40371  -43.652  -56.373  -7.002 0.0000000000
40373  -43.788  -55.307  -7.711 0.0000000000
162075  -44.509  -55.326  -7.800 0.0000000000
90683  -44.450  -55.877  -7.438 0.0000000000
162074  -44.515  -54.786  -8.137 0.0000000000
162072  -45.238  -54.923  -8.313 0.0000000000
10045  -45.214  -55.444  -7.965 0.0000000000
90688  -43.788  -54.737  -8.093 0.0000000000
162073  -44.507  -54.282  -8.510 0.0000000000
40372  -45.303  -54.437  -8.687 0.0000000000
22550  -43.788  -54.211  -8.473 0.0000000000
114316  -44.542  -53.794  -8.940 0.0000000000
90686  -45.263  -53.913  -9.059 0.0000000000
162071  -45.960  -54.594  -8.872 0.0000000000
114314  -45.929  -55.090  -8.500 0.0000000000
90685  -45.955  -54.092  -9.282 0.0000000000
162070  -46.600  -54.301  -9.541 0.0000000000
22548  -46.611  -54.790  -9.104 0.0000000000
28505  -46.594  -53.797  -10.035 0.0000000000
127949  -47.233  -54.000  -10.321 0.0000000000
53268  -47.236  -54.513  -9.888 0.0000000000
162068  -43.583  -56.914  -6.650 0.0000000000
118308  -42.794  -57.492  -6.353 0.0000000000
90682  -44.398  -56.409  -7.134 0.0000000000
162067  -44.327  -56.959  -6.831 0.0000000000
24372  -43.473  -57.481  -6.353 0.0000000000
40370  -45.095  -56.538  -7.315 0.0000000000
162066  -44.957  -57.073  -7.048 0.0000000000
55980  -44.157  -57.563  -6.476 0.0000000000
162065  -45.714  -56.685  -7.559 0.0000000000
162063  -45.560  -57.228  -7.295 0.0000000000
3300  -44.781  -57.653  -6.710 0.0000000000
90680  -45.808  -56.144  -7.835 0.0000000000
162064  -46.460  -56.377  -8.091 0.0000000000
40369  -46.324  -56.895  -7.834 0.0000000000
22547  -46.543  -55.846  -8.381 0.0000000000
114311  -47.157  -56.082  -8.685 0.0000000000
90678  -47.070  -56.627  -8.427 0.0000000000
162062  -46.145  -57.430  -7.595 0.0000000000
93492  -45.386  -57.758  -6.975 0.0000000000
90677  -46.886  -57.127  -8.138 0.0000000000
162061  -46.759  -57.625  -7.858 0.0000000000
10980  -45.987  -57.924  -7.261 0.0000000000
40368  -47.474  -57.362  -8.430 0.0000000000
162060  -47.331  -57.826  -8.153 0.0000000000
41700  -46.611  -58.097  -7.544 0.0000000000
162059  -48.077  -57.621  -8.769 0.0000000000
161979  -47.924  -58.044  -8.486 0.0000000000
154  -47.193  -58.258  -7.840 0.0000000000
90675  -48.220  -57.152  -9.075 0.0000000000
162058  -48.774  -57.430  -9.414 0.0000000000
40341  -48.626  -57.854  -9.122 0.0000000000
40367  -48.933  -56.990  -9.792 0.0000000000
162057  -49.492  -57.305  -10.167 0.0000000000
90608  -49.354  -57.644  -9.878 0.0000000000
162056  -49.605  -56.863  -10.534 0.0000000000
162054  -50.176  -57.207  -10.931 0.0000000000
10035  -50.061  -57.583  -10.540 0.0000000000
90673  -49.010  -56.517  -10.124 0.0000000000
162055  -49.655  -56.394  -10.921 0.0000000000
40366  -50.241  -56.731  -11.323 0.0000000000
22545  -49.048  -56.033  -10.487 0.0000000000
114307  -49.673  -55.926  -11.303 0.0000000000
90671  -50.269  -56.326  -11.734 0.0000000000
162053  -50.791  -57.118  -11.675 0.0000000000
114269  -50.727  -57.560  -11.262 0.0000000000
90670  -50.871  -56.674  -12.123 0.0000000000
162052  -51.482  -57.040  -12.450 0.0000000000
22523  -51.397  -57.470  -11.967 0.0000000000
40365  -51.585  -56.617  -12.939 0.0000000000
162051  -52.236  -56.884  -13.154 0.0000000000
53243  -52.114  -57.285  -12.633 0.0000000000
161978  -48.483  -58.243  -8.802 0.0000000000
143700  -47.757  -58.434  -8.100 0.0000000000
90607  -49.187  -58.056  -9.491 0.0000000000
161977  -49.044  -58.452  -9.065 0.0000000000
34212  -48.329  -58.642  -8.430 0.0000000000
40340  -49.768  -58.341  -9.816 0.0000000000
161976  -49.630  -58.720  -9.334 0.0000000000
75420  -48.919  -58.829  -8.682 0.0000000000
161975  -50.316  -58.637  -10.027 0.0000000000
161973  -50.154  -58.993  -9.546 0.0000000000
7956  -49.460  -59.059  -8.888 0.0000000000
90605  -50.482  -58.292  -10.490 0.0000000000
161974  -50.961  -58.510  -10.646 0.0000000000
40339  -50.815  -58.847  -10.174 0.0000000000
22522  -51.173  -58.226  -11.086 0.0000000000
114266  -51.700  -58.437  -11.153 0.0000000000
90603  -51.522  -58.737  -10.681 0.0000000000
161972  -50.686  -59.223  -9.696 0.0000000000
105156  -49.964  -59.365  -9.102 0.0000000000
90602  -51.375  -59.073  -10.230 0.0000000000
161971  -51.208  -59.429  -9.693 0.0000000000
17460  -50.490  -59.625  -9.197 0.0000000000
40338  -51.875  -59.281  -10.242 0.0000000000
161970  -51.696  -59.638  -9.722 0.0000000000
48180  -51.016  -59.828  -9.216 0.0000000000
161969  -52.382  -59.285  -10.136 0.0000000000
161961  -52.162  -59.722  -9.626 0.0000000000
1764  -51.550  -60.032  -9.315 0.0000000000
40313  -43.246  -65.866  -17.987 0.0000000000
161895  -42.765  -66.668  -18.007 0.0000000000
79808  -42.260  -66.823  -18.212 0.0000000000
161894  -43.044  -66.582  -17.637 0.0000000000
161892  -42.562  -67.448  -17.723 0.0000000000
8582  -42.124  -67.617  -17.946 0.0000000000
90537  -43.436  -65.646  -17.592 0.0000000000
161893  -43.192  -66.379  -17.246 0.0000000000
40312  -42.843  -67.264  -17.331 0.0000000000
22499  -43.348  -65.365  -17.087 0.0000000000
114225  -43.043  -66.080  -16.746 0.0000000000
90535  -42.888  -67.114  -16.893 0.0000000000
161891  -42.319  -68.249  -17.440 0.0000000000
107789  -41.983  -68.414  -17.682 0.0000000000
90534  -42.610  -68.009  -17.046 0.0000000000
161890  -42.129  -68.966  -17.170 0.0000000000
18923  -41.809  -69.140  -17.434 0.0000000000
40311  -42.323  -68.734  -16.750 0.0000000000
18922  -40.653  -69.671  -17.470 0.0000000000
143699  -47.715  -58.790  -7.803 0.0000000000
41696  -47.133  -58.636  -7.535 0.0000000000
75419  -48.259  -59.014  -8.077 0.0000000000
143698  -47.660  -59.173  -7.522 0.0000000000
10976  -47.066  -59.011  -7.260 0.0000000000
34211  -48.228  -59.443  -7.748 0.0000000000
143697  -47.566  -59.686  -7.243 0.0000000000
93484  -47.003  -59.462  -7.033 0.0000000000
143696  -48.121  -59.904  -7.411 0.0000000000
143694  -47.461  -60.213  -6.969 0.0000000000
3296  -46.952  -59.994  -6.865 0.0000000000
75417  -48.716  -59.661  -7.914 0.0000000000
143695  -48.535  -60.135  -7.539 0.0000000000
34210  -47.986  -60.394  -7.089 0.0000000000
17459  -49.187  -59.913  -8.176 0.0000000000
105153  -49.088  -60.298  -7.718 0.0000000000
75415  -48.472  -60.562  -7.243 0.0000000000
143693  -47.380  -60.732  -6.759 0.0000000000
55966  -46.893  -60.551  -6.677 0.0000000000
75414  -47.853  -60.879  -6.869 0.0000000000
143692  -47.275  -61.213  -6.602 0.0000000000
24364  -46.805  -61.080  -6.517 0.0000000000
34209  -47.797  -61.353  -6.664 0.0000000000
143691  -47.236  -61.714  -6.425 0.0000000000
118288  -46.730  -61.595  -6.399 0.0000000000
143690  -47.768  -61.845  -6.443 0.0000000000
143682  -47.236  -62.179  -6.244 0.0000000000
1376  -46.712  -62.041  -6.230 0.0000000000
75412  -48.357  -61.456  -6.720 0.0000000000
143689  -48.375  -61.940  -6.435 0.0000000000
34206  -47.795  -62.255  -6.229 0.0000000000
34208  -48.899  -61.601  -6.771 0.0000000000
143688  -48.887  -61.997  -6.498 0.0000000000
75405  -48.330  -62.288  -6.221 0.0000000000
143687  -49.415  -61.718  -6.851 0.0000000000
143685  -49.420  -62.086  -6.542 0.0000000000
7954  -48.844  -62.313  -6.256 0.0000000000
75410  -49.441  -61.330  -7.142 0.0000000000
143686  -49.977  -61.494  -7.215 0.0000000000
34207  -49.984  -61.848  -6.909 0.0000000000
17457  -50.050  -61.133  -7.543 0.0000000000
105149  -50.586  -61.296  -7.595 0.0000000000
75408  -50.530  -61.554  -7.286 0.0000000000
143681  -47.253  -62.624  -6.064 0.0000000000
46366  -46.708  -62.473  -6.049 0.0000000000
75404  -47.768  -62.599  -6.013 0.0000000000
143680  -47.238  -62.908  -5.844 0.0000000000
15646  -46.706  -62.877  -5.866 0.0000000000
34205  -47.743  -62.899  -5.770 0.0000000000
143679  -47.269  -63.235  -5.618 0.0000000000
101890  -46.772  -63.221  -5.737 0.0000000000
143678  -47.737  -63.207  -5.507 0.0000000000
143676  -47.323  -63.579  -5.396 0.0000000000
7084  -46.825  -63.573  -5.542 0.0000000000
137075  -40.146  -60.125  -9.629 0.0000000000
43976  -40.244  -60.548  -10.265 0.0000000000
70019  -40.062  -59.802  -8.979 0.0000000000
137074  -40.030  -60.703  -9.324 0.0000000000
13256  -40.185  -61.070  -9.935 0.0000000000
31907  -39.942  -60.313  -8.671 0.0000000000
137073  -39.901  -61.184  -9.026 0.0000000000
97588  -40.058  -61.599  -9.644 0.0000000000
137072  -39.793  -60.801  -8.372 0.0000000000
137070  -39.753  -61.721  -8.741 0.0000000000
5576  -39.878  -62.149  -9.395 0.0000000000
70017  -39.978  -59.894  -8.032 0.0000000000
137071  -39.860  -60.377  -7.742 0.0000000000
31906  -39.693  -61.334  -8.096 0.0000000000
15659  -40.165  -59.537  -7.453 0.0000000000
101913  -40.075  -60.045  -7.172 0.0000000000
70015  -39.769  -60.914  -7.492 0.0000000000
137069  -39.587  -62.401  -8.502 0.0000000000
62806  -39.690  -62.766  -9.138 0.0000000000
70014  -39.573  -61.944  -7.881 0.0000000000
137068  -39.458  -62.988  -8.297 0.0000000000
28468  -39.502  -63.398  -8.891 0.0000000000
31905  -39.462  -62.528  -7.692 0.0000000000
137067  -39.340  -63.529  -8.108 0.0000000000
127864  -39.352  -63.989  -8.707 0.0000000000
137066  -39.394  -63.043  -7.523 0.0000000000
137058  -39.202  -64.084  -7.923 0.0000000000
1379  -39.227  -64.539  -8.497 0.0000000000
70012  -39.624  -62.061  -7.132 0.0000000000
137065  -39.555  -62.626  -6.966 0.0000000000
31902  -39.332  -63.544  -7.375 0.0000000000
31904  -39.879  -61.635  -6.581 0.0000000000
137064  -39.797  -62.197  -6.469 0.0000000000
70005  -39.492  -63.163  -6.796 0.0000000000
137063  -40.220  -61.229  -6.134 0.0000000000
137061  -40.185  -61.788  -6.023 0.0000000000
7090  -39.801  -62.734  -6.337 0.0000000000
70010  -40.281  -60.736  -6.230 0.0000000000
137062  -40.701  -60.394  -5.839 0.0000000000
31903  -40.644  -60.931  -5.758 0.0000000000
15657  -40.766  -59.894  -5.982 0.0000000000
101909  -41.252  -59.704  -5.736 0.0000000000
70008  -41.217  -60.195  -5.610 0.0000000000
137060  -40.614  -61.492  -5.701 0.0000000000
101907  -40.179  -62.348  -5.917 0.0000000000
70007  -41.178  -60.736  -5.561 0.0000000000
137059  -41.160  -61.241  -5.463 0.0000000000
15655  -40.623  -62.035  -5.631 0.0000000000
24369  -41.779  -60.535  -5.389 0.0000000000
118299  -41.756  -61.029  -5.285 0.0000000000
46375  -41.170  -61.760  -5.404 0.0000000000
137057  -39.160  -64.608  -7.725 0.0000000000
53206  -39.142  -65.065  -8.280 0.0000000000
70004  -39.298  -64.067  -7.229 0.0000000000
137056  -39.169  -65.118  -7.580 0.0000000000
22486  -39.095  -65.586  -8.113 0.0000000000
31901  -39.301  -64.632  -7.088 0.0000000000
137055  -39.206  -65.661  -7.470 0.0000000000
114202  -39.126  -66.186  -7.960 0.0000000000
137054  -39.356  -65.172  -6.960 0.0000000000
137052  -39.271  -66.230  -7.356 0.0000000000
7089  -39.198  -66.792  -7.831 0.0000000000
70002  -39.534  -64.206  -6.572 0.0000000000
137053  -39.612  -64.731  -6.440 0.0000000000
31900  -39.444  -65.769  -6.869 0.0000000000
15654  -39.874  -63.816  -6.141 0.0000000000
101904  -39.942  -64.322  -6.060 0.0000000000
70000  -39.684  -65.295  -6.366 0.0000000000
137051  -39.416  -66.843  -7.272 0.0000000000
90496  -39.318  -67.337  -7.708 0.0000000000
69999  -39.589  -66.404  -6.788 0.0000000000
137050  -39.599  -67.416  -7.200 0.0000000000
31899  -39.502  -67.904  -7.661 0.0000000000
31898  -39.801  -66.905  -6.678 0.0000000000
137048  -39.804  -67.872  -7.078 0.0000000000
137049  -39.706  -68.465  -7.588 0.0000000000
161845  -39.708  -68.970  -7.997 0.0000000000
617  -39.936  -69.013  -7.500 0.0000000000
43975  -39.951  -69.484  -7.926 0.0000000000
137047  -40.047  -67.372  -6.613 0.0000000000
43969  -40.067  -68.352  -6.989 0.0000000000
69997  -40.051  -66.404  -6.317 0.0000000000
137046  -40.284  -66.872  -6.258 0.0000000000
13249  -40.307  -67.835  -6.580 0.0000000000
31897  -40.396  -65.937  -5.976 0.0000000000
137045  -40.631  -66.432  -5.958 0.0000000000
97575  -40.561  -67.381  -6.247 0.0000000000
137044  -40.817  -65.507  -5.698 0.0000000000
137042  -41.069  -65.979  -5.695 0.0000000000
5569  -40.924  -66.896  -5.926 0.0000000000
69995  -40.594  -64.994  -5.687 0.0000000000
137043  -41.105  -64.584  -5.450 0.0000000000
31896  -41.330  -65.109  -5.475 0.0000000000
15652  -40.941  -64.076  -5.441 0.0000000000
101900  -41.496  -63.709  -5.266 0.0000000000
69993  -41.666  -64.237  -5.296 0.0000000000
137041  -41.622  -65.542  -5.481 0.0000000000
62784  -41.348  -66.397  -5.665 0.0000000000
69992  -41.918  -64.764  -5.323 0.0000000000
137040  -42.203  -65.260  -5.348 0.0000000000
28455  -41.977  -65.969  -5.479 0.0000000000
31895  -42.526  -64.446  -5.301 0.0000000000
137039  -42.749  -64.992  -5.363 0.0000000000
127833  -42.518  -65.686  -5.385 0.0000000000
137038  -43.093  -64.352  -5.323 0.0000000000
137030  -43.342  -64.857  -5.401 0.0000000000
1377  -43.038  -65.490  -5.434 0.0000000000
69990  -42.849  -63.806  -5.241 0.0000000000
137037  -43.489  -63.802  -5.342 0.0000000000
31892  -43.710  -64.306  -5.408 0.0000000000
31894  -43.363  -63.251  -5.274 0.0000000000
137036  -43.983  -63.291  -5.438 0.0000000000
69983  -44.127  -63.828  -5.463 0.0000000000
137035  -43.872  -62.736  -5.432 0.0000000000
137033  -44.525  -62.881  -5.624 0.0000000000
7086  -44.618  -63.390  -5.575 0.0000000000
69988  -43.241  -62.793  -5.276 0.0000000000
137034  -43.782  -62.306  -5.402 0.0000000000
31893  -44.454  -62.388  -5.666 0.0000000000
15650  -43.135  -62.303  -5.299 0.0000000000
101896  -43.725  -61.848  -5.471 0.0000000000
69986  -44.370  -61.877  -5.678 0.0000000000
137032  -45.057  -62.581  -5.827 0.0000000000
101894  -45.131  -63.034  -5.746 0.0000000000
69985  -44.996  -62.094  -5.882 0.0000000000
137031  -45.611  -62.259  -5.971 0.0000000000
15648  -45.669  -62.747  -5.891 0.0000000000
24365  -45.578  -61.715  -6.075 0.0000000000
118289  -46.172  -61.912  -6.184 0.0000000000
46368  -46.197  -62.403  -6.033 0.0000000000
137029  -43.953  -64.764  -5.470 0.0000000000
53184  -43.601  -65.344  -5.469 0.0000000000
69982  -44.349  -64.271  -5.507 0.0000000000
137028  -44.505  -64.671  -5.521 0.0000000000
22464  -44.130  -65.206  -5.511 0.0000000000
31891  -44.931  -64.268  -5.600 0.0000000000
137027  -45.090  -64.676  -5.604 0.0000000000
114162  -44.692  -65.113  -5.569 0.0000000000
137026  -45.501  -64.340  -5.603 0.0000000000
137024  -45.637  -64.743  -5.559 0.0000000000
7085  -45.272  -65.121  -5.587 0.0000000000
69980  -45.371  -63.911  -5.626 0.0000000000
137025  -45.928  -63.997  -5.608 0.0000000000
31890  -45.991  -64.380  -5.523 0.0000000000
15647  -45.845  -63.512  -5.673 0.0000000000
101891  -46.354  -63.584  -5.676 0.0000000000
69978  -46.378  -63.955  -5.512 0.0000000000
137023  -46.082  -64.709  -5.455 0.0000000000
90429  -45.761  -65.101  -5.481 0.0000000000
69977  -46.439  -64.306  -5.408 0.0000000000
137022  -46.530  -64.618  -5.349 0.0000000000
31889  -46.151  -65.014  -5.358 0.0000000000
31888  -46.914  -64.242  -5.271 0.0000000000
137020  -46.866  -64.555  -5.180 0.0000000000
137021  -46.509  -64.913  -5.221 0.0000000000
161764  -46.197  -65.365  -5.227 0.0000000000
339  -46.842  -64.832  -5.069 0.0000000000
43968  -46.474  -65.210  -5.090 0.0000000000
127979  -42.358  -55.742  -18.408 0.0000000000
2499  -42.685  -56.680  -18.674 0.0000000000
127981  -42.307  -55.008  -18.558 0.0000000000
28517  -41.968  -54.782  -18.002 0.0000000000
127978  -41.993  -55.592  -17.773 0.0000000000
53284  -42.375  -56.513  -18.169 0.0000000000
62887  -41.751  -54.635  -17.355 0.0000000000
127977  -41.727  -55.457  -17.141 0.0000000000
22564  -41.998  -56.410  -17.580 0.0000000000
28516  -41.473  -54.471  -16.758 0.0000000000
127976  -41.448  -55.263  -16.542 0.0000000000
114342  -41.713  -56.249  -16.916 0.0000000000
127975  -41.206  -54.295  -16.121 0.0000000000
127973  -41.173  -55.074  -15.878 0.0000000000
5602  -41.406  -56.076  -16.275 0.0000000000
28515  -41.023  -54.065  -15.449 0.0000000000
127972  -40.969  -54.865  -15.221 0.0000000000
90729  -41.120  -55.833  -15.612 0.0000000000
62882  -40.827  -53.824  -14.783 0.0000000000
127971  -40.733  -54.600  -14.533 0.0000000000
28513  -40.659  -53.556  -14.164 0.0000000000
127969  -40.566  -54.368  -13.881 0.0000000000
2498  -40.488  -55.146  -13.596 0.0000000000
127968  -40.601  -53.262  -13.526 0.0000000000
53277  -40.480  -54.118  -13.259 0.0000000000
28508  -44.174  -52.318  -10.247 0.0000000000
127957  -44.032  -52.764  -9.821 0.0000000000
53269  -43.264  -53.194  -9.404 0.0000000000
62872  -44.796  -52.427  -10.293 0.0000000000
127956  -44.681  -52.859  -9.856 0.0000000000
22549  -43.903  -53.218  -9.366 0.0000000000
28507  -45.434  -52.572  -10.453 0.0000000000
127955  -45.347  -52.986  -9.999 0.0000000000
114315  -44.590  -53.314  -9.400 0.0000000000
127954  -45.995  -52.731  -10.645 0.0000000000
127952  -45.927  -53.153  -10.183 0.0000000000
5597  -45.276  -53.441  -9.528 0.0000000000
28506  -46.585  -52.945  -10.942 0.0000000000
127951  -46.579  -53.354  -10.529 0.0000000000
90684  -45.951  -53.617  -9.762 0.0000000000
127883  -41.790  -63.303  -14.679 0.0000000000
53216  -42.217  -63.546  -15.283 0.0000000000
62819  -41.419  -62.985  -14.067 0.0000000000
127882  -41.564  -63.918  -14.374 0.0000000000
22496  -41.947  -64.237  -14.974 0.0000000000
28475  -41.247  -63.618  -13.739 0.0000000000
127881  -41.379  -64.493  -14.047 0.0000000000
114220  -41.636  -64.911  -14.610 0.0000000000
127880  -41.115  -64.166  -13.421 0.0000000000
127878  -41.237  -65.068  -13.661 0.0000000000
5579  -41.454  -65.449  -14.224 0.0000000000
62817  -41.000  -63.185  -13.101 0.0000000000
127879  -40.916  -63.728  -12.793 0.0000000000
28474  -41.084  -64.704  -13.082 0.0000000000
13259  -40.853  -62.715  -12.521 0.0000000000
97593  -40.800  -63.201  -12.196 0.0000000000
62815  -40.874  -64.195  -12.484 0.0000000000
127877  -41.152  -65.651  -13.265 0.0000000000
90526  -41.324  -65.970  -13.833 0.0000000000
62814  -41.070  -65.261  -12.719 0.0000000000
127876  -41.086  -66.177  -12.867 0.0000000000
28473  -41.227  -66.509  -13.398 0.0000000000
28472  -41.048  -65.849  -12.346 0.0000000000
127874  -40.986  -66.686  -12.467 0.0000000000
127875  -41.130  -66.987  -13.007 0.0000000000
161881  -41.220  -67.376  -13.574 0.0000000000
2489  -40.915  -67.475  -12.658 0.0000000000
53215  -41.022  -67.824  -13.233 0.0000000000
127873  -40.807  -66.447  -11.956 0.0000000000
53209  -40.715  -67.242  -12.085 0.0000000000
62812  -40.816  -65.419  -11.762 0.0000000000
127872  -40.590  -66.044  -11.448 0.0000000000
22489  -40.523  -67.036  -11.616 0.0000000000
28471  -40.499  -64.954  -11.210 0.0000000000
127871  -40.260  -65.634  -10.960 0.0000000000
114207  -40.286  -66.691  -11.198 0.0000000000
127870  -40.151  -64.584  -10.642 0.0000000000
127868  -39.904  -65.221  -10.402 0.0000000000
5577  -39.997  -66.273  -10.717 0.0000000000
62810  -40.381  -63.952  -10.898 0.0000000000
127869  -40.077  -63.548  -10.286 0.0000000000
28470  -39.839  -64.179  -10.061 0.0000000000
13257  -40.262  -62.915  -10.566 0.0000000000
97589  -40.062  -62.596  -9.991 0.0000000000
62808  -39.853  -63.167  -9.718 0.0000000000
127867  -39.617  -64.805  -9.845 0.0000000000
90504  -39.676  -65.833  -10.194 0.0000000000
62807  -39.632  -63.782  -9.479 0.0000000000
127866  -39.422  -64.410  -9.262 0.0000000000
28469  -39.428  -65.439  -9.656 0.0000000000
127865  -39.258  -65.034  -9.084 0.0000000000
161854  -39.269  -66.047  -9.467 0.0000000000
53208  -39.166  -65.569  -8.887 0.0000000000
127835  -42.362  -66.442  -5.504 0.0000000000
127834  -42.849  -66.168  -5.501 0.0000000000
120958  -30.876  -66.867  -9.828 0.0000000000
75699  -30.970  -66.240  -9.992 0.0000000000
57872  -30.815  -67.567  -9.653 0.0000000000
120957  -30.829  -67.496  -8.982 0.0000000000
25508  -30.953  -66.706  -9.226 0.0000000000
25507  -30.710  -68.205  -8.860 0.0000000000
120955  -30.649  -68.115  -8.167 0.0000000000
120956  -30.802  -67.432  -8.321 0.0000000000
144042  -30.931  -66.636  -8.544 0.0000000000
1783  -30.572  -67.883  -7.567 0.0000000000
48273  -30.765  -67.152  -7.762 0.0000000000
118307  -42.693  -57.996  -6.100 0.0000000000
46376  -42.041  -58.052  -6.181 0.0000000000
55979  -43.358  -57.968  -6.123 0.0000000000
118306  -42.641  -58.474  -5.873 0.0000000000
15656  -42.003  -58.557  -5.946 0.0000000000
24371  -43.317  -58.387  -5.924 0.0000000000
118305  -42.585  -58.941  -5.695 0.0000000000
101908  -41.922  -59.037  -5.747 0.0000000000
118304  -43.211  -58.887  -5.750 0.0000000000
118302  -42.488  -59.432  -5.545 0.0000000000
3299  -41.840  -59.505  -5.564 0.0000000000
55977  -43.953  -58.436  -6.047 0.0000000000
118303  -43.828  -58.895  -5.887 0.0000000000
24370  -43.125  -59.388  -5.613 0.0000000000
10979  -44.519  -58.511  -6.260 0.0000000000
93489  -44.497  -58.948  -6.100 0.0000000000
55975  -43.792  -59.365  -5.778 0.0000000000
118301  -42.423  -59.935  -5.435 0.0000000000
70006  -41.801  -60.044  -5.492 0.0000000000
55974  -43.076  -59.874  -5.504 0.0000000000
118300  -42.406  -60.404  -5.329 0.0000000000
24368  -43.012  -60.377  -5.436 0.0000000000
118298  -42.356  -60.946  -5.269 0.0000000000
1378  -41.747  -61.583  -5.265 0.0000000000
118297  -42.997  -60.888  -5.389 0.0000000000
46369  -42.352  -61.426  -5.260 0.0000000000
55972  -43.697  -60.390  -5.620 0.0000000000
118296  -43.632  -60.894  -5.590 0.0000000000
15649  -43.017  -61.379  -5.373 0.0000000000
24367  -44.354  -60.401  -5.831 0.0000000000
118295  -44.336  -60.909  -5.809 0.0000000000
101895  -43.682  -61.375  -5.536 0.0000000000
118294  -45.037  -60.508  -6.089 0.0000000000
118292  -44.991  -61.013  -6.046 0.0000000000
3297  -44.359  -61.403  -5.754 0.0000000000
55970  -45.068  -60.008  -6.125 0.0000000000
118293  -45.657  -60.124  -6.345 0.0000000000
24366  -45.600  -60.651  -6.280 0.0000000000
10977  -45.694  -59.631  -6.431 0.0000000000
93485  -46.322  -59.802  -6.650 0.0000000000
55968  -46.254  -60.313  -6.539 0.0000000000
118291  -45.571  -61.174  -6.195 0.0000000000
69984  -44.975  -61.559  -5.940 0.0000000000
55967  -46.192  -60.855  -6.403 0.0000000000
118290  -46.172  -61.386  -6.304 0.0000000000
114353  -43.094  -58.137  -19.792 0.0000000000
90746  -42.882  -58.330  -20.061 0.0000000000
53289  -43.112  -57.916  -19.436 0.0000000000
114352  -43.292  -58.826  -19.617 0.0000000000
22568  -43.293  -58.578  -19.218 0.0000000000
114350  -43.501  -59.553  -19.411 0.0000000000
10053  -43.640  -60.426  -19.419 0.0000000000
114349  -43.484  -59.432  -18.908 0.0000000000
90739  -43.702  -60.396  -19.008 0.0000000000
53287  -43.037  -58.463  -18.638 0.0000000000
114348  -43.198  -59.384  -18.304 0.0000000000
22566  -42.802  -58.284  -18.131 0.0000000000
114346  -42.945  -59.129  -17.789 0.0000000000
10052  -42.993  -59.925  -17.362 0.0000000000
114345  -42.457  -58.127  -17.548 0.0000000000
90732  -42.547  -58.961  -17.233 0.0000000000
53285  -42.403  -57.305  -17.865 0.0000000000
114344  -41.989  -57.200  -17.289 0.0000000000
114340  -40.446  -57.871  -13.904 0.0000000000
90724  -40.761  -58.843  -14.204 0.0000000000
53282  -40.344  -56.879  -13.584 0.0000000000
114339  -40.222  -57.582  -13.243 0.0000000000
22561  -40.152  -56.516  -12.932 0.0000000000
114337  -40.059  -57.119  -12.577 0.0000000000
10050  -40.059  -57.752  -12.147 0.0000000000
114336  -40.076  -56.144  -12.193 0.0000000000
90717  -39.998  -56.749  -11.823 0.0000000000
53280  -40.201  -55.495  -12.563 0.0000000000
114335  -40.223  -55.094  -11.884 0.0000000000
22559  -40.337  -54.444  -12.239 0.0000000000
114333  -40.445  -54.175  -11.565 0.0000000000
10049  -40.683  -53.845  -11.043 0.0000000000
114332  -40.582  -53.449  -11.976 0.0000000000
90710  -40.806  -53.195  -11.432 0.0000000000
53278  -40.473  -53.752  -12.586 0.0000000000
114331  -40.737  -52.696  -12.322 0.0000000000
22558  -40.972  -52.509  -11.809 0.0000000000
114322  -41.202  -55.132  -8.930 0.0000000000
90694  -40.746  -55.932  -9.001 0.0000000000
53272  -41.838  -54.367  -8.966 0.0000000000
114321  -41.755  -54.929  -8.553 0.0000000000
22551  -42.447  -54.283  -8.683 0.0000000000
114319  -42.416  -54.829  -8.297 0.0000000000
10046  -42.390  -55.345  -7.917 0.0000000000
114318  -43.128  -54.220  -8.549 0.0000000000
90687  -43.075  -54.763  -8.166 0.0000000000
53270  -43.178  -53.702  -8.973 0.0000000000
114317  -43.853  -53.738  -8.925 0.0000000000
114313  -46.622  -55.307  -8.733 0.0000000000
90679  -45.905  -55.609  -8.150 0.0000000000
53267  -47.231  -55.057  -9.446 0.0000000000
114312  -47.212  -55.570  -9.037 0.0000000000
22546  -47.831  -55.307  -9.724 0.0000000000
114310  -47.815  -55.850  -9.321 0.0000000000
10044  -47.742  -56.340  -9.010 0.0000000000
114309  -48.440  -55.666  -10.042 0.0000000000
90672  -48.413  -56.180  -9.720 0.0000000000
53265  -48.459  -55.120  -10.515 0.0000000000
114308  -49.064  -55.566  -10.863 0.0000000000
22544  -49.080  -55.006  -11.368 0.0000000000
114306  -49.703  -55.419  -11.730 0.0000000000
10043  -50.316  -55.836  -12.175 0.0000000000
114268  -51.320  -57.905  -11.542 0.0000000000
90604  -50.578  -57.907  -10.851 0.0000000000
53242  -51.982  -57.681  -12.121 0.0000000000
114267  -51.834  -58.064  -11.641 0.0000000000
22521  -52.591  -57.929  -12.188 0.0000000000
114265  -52.403  -58.304  -11.680 0.0000000000
10034  -52.206  -58.647  -11.195 0.0000000000
114264  -53.152  -58.162  -12.117 0.0000000000
90597  -52.961  -58.531  -11.621 0.0000000000
114227  -43.485  -64.301  -16.912 0.0000000000
90536  -43.617  -64.600  -17.405 0.0000000000
53219  -43.131  -64.007  -16.407 0.0000000000
114226  -43.108  -65.034  -16.598 0.0000000000
22498  -42.762  -64.713  -16.065 0.0000000000
114224  -42.703  -65.760  -16.248 0.0000000000
10025  -42.701  -66.786  -16.434 0.0000000000
114223  -42.334  -65.454  -15.728 0.0000000000
90529  -42.317  -66.456  -15.885 0.0000000000
53217  -42.335  -64.466  -15.497 0.0000000000
114222  -41.987  -65.127  -15.138 0.0000000000
22497  -42.005  -66.119  -15.347 0.0000000000
114221  -41.693  -65.763  -14.776 0.0000000000
161884  -41.742  -66.749  -14.933 0.0000000000
90528  -41.516  -66.357  -14.403 0.0000000000
114209  -40.208  -67.619  -11.336 0.0000000000
114208  -39.997  -67.311  -10.941 0.0000000000
114204  -39.133  -66.741  -8.510 0.0000000000
114203  -39.205  -67.372  -8.368 0.0000000000
114164  -44.383  -65.658  -5.559 0.0000000000
114163  -44.931  -65.592  -5.631 0.0000000000
107788  -41.257  -69.391  -17.530 0.0000000000
79804  -41.403  -68.674  -17.749 0.0000000000
105326  -30.581  -64.337  -11.845 0.0000000000
105325  -30.842  -64.895  -11.022 0.0000000000
105155  -49.823  -59.740  -8.739 0.0000000000
75416  -49.332  -59.419  -8.515 0.0000000000
48179  -50.367  -59.989  -8.745 0.0000000000
105154  -49.722  -60.136  -8.236 0.0000000000
17458  -50.263  -60.383  -8.262 0.0000000000
105152  -49.623  -60.510  -7.784 0.0000000000
7955  -49.019  -60.706  -7.353 0.0000000000
105151  -50.131  -60.744  -7.905 0.0000000000
75409  -49.557  -60.929  -7.439 0.0000000000
48177  -50.707  -60.590  -8.361 0.0000000000
105150  -50.631  -60.955  -7.968 0.0000000000
17456  -51.219  -60.757  -8.457 0.0000000000
105148  -51.129  -61.091  -8.016 0.0000000000
101915  -40.522  -58.757  -7.200 0.0000000000
70016  -40.245  -59.053  -7.751 0.0000000000
46379  -40.861  -58.437  -6.733 0.0000000000
101914  -40.460  -59.254  -6.884 0.0000000000
15658  -40.834  -58.932  -6.447 0.0000000000
101912  -40.404  -59.714  -6.644 0.0000000000
7091  -39.999  -60.579  -6.919 0.0000000000
101911  -40.805  -59.422  -6.199 0.0000000000
70009  -40.344  -60.209  -6.413 0.0000000000
46377  -41.399  -58.698  -6.128 0.0000000000
101910  -41.316  -59.217  -5.910 0.0000000000
101906  -40.194  -62.900  -5.854 0.0000000000
70001  -39.817  -63.262  -6.233 0.0000000000
46374  -40.659  -62.547  -5.560 0.0000000000
101905  -40.248  -63.391  -5.768 0.0000000000
15653  -40.715  -63.053  -5.487 0.0000000000
101903  -40.316  -63.907  -5.701 0.0000000000
7088  -40.043  -64.862  -6.012 0.0000000000
101902  -40.815  -63.591  -5.448 0.0000000000
69994  -40.439  -64.470  -5.680 0.0000000000
46372  -41.317  -62.743  -5.317 0.0000000000
101901  -41.393  -63.228  -5.280 0.0000000000
15651  -41.874  -62.524  -5.229 0.0000000000
101899  -41.937  -63.019  -5.212 0.0000000000
7087  -42.104  -63.477  -5.211 0.0000000000
101898  -42.459  -62.382  -5.249 0.0000000000
69987  -42.593  -62.870  -5.214 0.0000000000
46370  -42.390  -61.875  -5.266 0.0000000000
101897  -43.054  -61.832  -5.338 0.0000000000
101893  -45.753  -63.105  -5.777 0.0000000000
69979  -45.253  -63.453  -5.668 0.0000000000
46367  -46.242  -62.823  -5.895 0.0000000000
101892  -46.301  -63.187  -5.780 0.0000000000
97595  -40.751  -61.739  -12.161 0.0000000000
62816  -40.926  -62.192  -12.786 0.0000000000
43979  -40.544  -61.375  -11.557 0.0000000000
97594  -40.707  -62.269  -11.868 0.0000000000
13258  -40.493  -61.856  -11.280 0.0000000000
97592  -40.641  -62.783  -11.536 0.0000000000
5578  -40.770  -63.718  -11.845 0.0000000000
97591  -40.409  -62.349  -10.906 0.0000000000
62809  -40.538  -63.307  -11.205 0.0000000000
43977  -40.310  -61.502  -10.609 0.0000000000
97590  -40.202  -62.044  -10.299 0.0000000000
97577  -40.612  -68.324  -6.568 0.0000000000
97576  -40.908  -67.824  -6.201 0.0000000000
93491  -45.280  -58.194  -6.747 0.0000000000
55976  -44.644  -58.104  -6.466 0.0000000000
41699  -45.885  -58.342  -7.001 0.0000000000
93490  -45.198  -58.607  -6.518 0.0000000000
10978  -45.797  -58.747  -6.768 0.0000000000
93488  -45.125  -59.032  -6.320 0.0000000000
3298  -44.433  -59.409  -5.961 0.0000000000
93487  -45.756  -59.187  -6.571 0.0000000000
55969  -45.014  -59.505  -6.168 0.0000000000
41697  -46.434  -58.902  -7.016 0.0000000000
93486  -46.374  -59.335  -6.804 0.0000000000
90748  -42.454  -58.612  -20.143 0.0000000000
90743  -43.604  -61.396  -19.353 0.0000000000
90741  -43.847  -61.282  -19.044 0.0000000000
90736  -42.949  -60.640  -16.874 0.0000000000
90734  -42.527  -59.789  -16.744 0.0000000000
90726  -41.081  -59.764  -14.399 0.0000000000
90721  -40.098  -58.336  -11.751 0.0000000000
90719  -40.005  -57.313  -11.453 0.0000000000
90714  -41.066  -53.623  -10.565 0.0000000000
90712  -41.181  -52.998  -10.952 0.0000000000
40382  -41.815  -52.214  -10.951 0.0000000000
90711  -41.355  -52.352  -11.306 0.0000000000
90696  -40.395  -56.806  -9.159 0.0000000000
90691  -42.334  -55.860  -7.535 0.0000000000
90689  -43.073  -55.306  -7.765 0.0000000000
90681  -45.158  -55.983  -7.618 0.0000000000
90676  -47.628  -56.882  -8.711 0.0000000000
90674  -48.338  -56.658  -9.409 0.0000000000
90669  -50.914  -56.238  -12.574 0.0000000000
90606  -49.931  -57.948  -10.195 0.0000000000
90601  -52.093  -58.910  -10.736 0.0000000000
90599  -52.775  -58.737  -11.106 0.0000000000
90600  -52.607  -58.964  -10.660 0.0000000000
90538  -43.573  -64.943  -17.897 0.0000000000
90533  -42.557  -67.803  -16.562 0.0000000000
90531  -42.340  -67.435  -16.075 0.0000000000
90532  -42.228  -68.356  -16.264 0.0000000000
40310  -41.978  -68.028  -15.687 0.0000000000
90530  -42.018  -67.084  -15.495 0.0000000000
161885  -41.739  -67.654  -15.105 0.0000000000
90527  -41.371  -66.903  -13.978 0.0000000000
40309  -41.540  -67.317  -14.510 0.0000000000
161882  -41.342  -67.775  -14.173 0.0000000000
90506  -39.733  -66.929  -10.468 0.0000000000
90505  -39.486  -66.515  -9.983 0.0000000000
90498  -39.341  -67.940  -8.240 0.0000000000
90497  -39.516  -68.480  -8.116 0.0000000000
90431  -45.448  -65.532  -5.538 0.0000000000
90430  -45.863  -65.473  -5.378 0.0000000000
79806  -41.540  -67.915  -17.979 0.0000000000
75719  -30.482  -63.353  -15.401 0.0000000000
75701  -31.042  -65.485  -10.270 0.0000000000
75700  -31.019  -66.091  -9.365 0.0000000000
75418  -48.827  -59.220  -8.293 0.0000000000
75413  -48.390  -61.017  -6.969 0.0000000000
75411  -48.937  -61.159  -7.024 0.0000000000
75403  -48.283  -62.600  -5.992 0.0000000000
70018  -40.093  -59.423  -8.334 0.0000000000
70013  -39.680  -61.504  -7.299 0.0000000000
70011  -39.941  -61.107  -6.734 0.0000000000
70003  -39.478  -63.662  -6.697 0.0000000000
69998  -39.834  -65.874  -6.356 0.0000000000
69996  -40.198  -65.423  -5.988 0.0000000000
69991  -42.301  -63.942  -5.248 0.0000000000
69989  -42.724  -63.337  -5.200 0.0000000000
69981  -44.777  -63.849  -5.572 0.0000000000
69976  -46.846  -63.900  -5.380 0.0000000000
143675  -47.306  -63.847  -5.282 0.0000000000
62818  -41.113  -62.594  -13.402 0.0000000000
62813  -40.923  -64.803  -12.114 0.0000000000
62811  -40.691  -64.296  -11.506 0.0000000000
62786  -41.298  -67.330  -5.879 0.0000000000
62785  -41.760  -66.854  -5.627 0.0000000000
57876  -30.308  -65.703  -12.827 0.0000000000
57871  -30.724  -68.257  -9.590 0.0000000000
55978  -44.066  -58.011  -6.255 0.0000000000
55973  -43.748  -59.863  -5.676 0.0000000000
55971  -44.404  -59.879  -5.837 0.0000000000
54336  -40.942  -61.620  -19.116 0.0000000000
53288  -42.908  -57.646  -18.914 0.0000000000
53286  -42.700  -57.467  -18.438 0.0000000000
53281  -40.326  -55.856  -13.283 0.0000000000
53279  -40.351  -54.812  -12.928 0.0000000000
22557  -40.613  -52.977  -12.926 0.0000000000
53271  -42.507  -53.757  -9.101 0.0000000000
2496  -47.823  -54.231  -10.641 0.0000000000
53266  -47.825  -54.759  -10.193 0.0000000000
53264  -48.458  -54.604  -10.975 0.0000000000
2493  -52.865  -57.097  -13.182 0.0000000000
53241  -52.707  -57.539  -12.630 0.0000000000
53239  -53.365  -57.292  -13.067 0.0000000000
53240  -53.274  -57.769  -12.564 0.0000000000
53218  -42.706  -63.805  -15.841 0.0000000000
53213  -40.809  -68.296  -12.909 0.0000000000
53214  -40.942  -68.619  -13.571 0.0000000000
22495  -41.138  -68.196  -13.866 0.0000000000
114218  -41.112  -69.154  -14.150 0.0000000000
22493  -40.801  -69.147  -13.239 0.0000000000
114217  -40.957  -69.665  -13.802 0.0000000000
53211  -40.611  -67.990  -12.348 0.0000000000
53212  -40.584  -68.830  -12.615 0.0000000000
114214  -40.592  -69.731  -12.926 0.0000000000
22491  -40.340  -68.573  -12.089 0.0000000000
114213  -40.336  -69.415  -12.378 0.0000000000
53210  -40.405  -67.792  -11.800 0.0000000000
114210  -40.113  -68.372  -11.570 0.0000000000
53207  -39.119  -66.138  -8.693 0.0000000000
22488  -39.204  -66.668  -9.258 0.0000000000
114205  -39.199  -67.273  -9.070 0.0000000000
53186  -43.356  -65.949  -5.508 0.0000000000
53185  -43.888  -65.810  -5.526 0.0000000000
48276  -29.761  -63.173  -13.217 0.0000000000
48277  -29.576  -62.425  -13.362 0.0000000000
17558  -29.243  -61.975  -13.979 0.0000000000
105331  -29.434  -61.838  -13.456 0.0000000000
17556  -30.037  -63.140  -12.666 0.0000000000
105330  -29.869  -62.471  -12.798 0.0000000000
48275  -30.170  -63.739  -12.552 0.0000000000
105327  -30.467  -63.705  -11.926 0.0000000000
48271  -30.474  -67.652  -7.023 0.0000000000
48272  -30.635  -66.930  -7.169 0.0000000000
17553  -30.921  -66.443  -7.944 0.0000000000
105322  -30.809  -66.248  -7.357 0.0000000000
17551  -30.303  -67.379  -6.514 0.0000000000
105321  -30.469  -66.644  -6.709 0.0000000000
48178  -50.873  -60.182  -8.791 0.0000000000
48176  -51.381  -60.396  -8.900 0.0000000000
120827  -51.827  -60.501  -8.894 0.0000000000
120828  -51.964  -60.149  -9.248 0.0000000000
46378  -41.454  -58.225  -6.350 0.0000000000
46373  -41.206  -62.276  -5.365 0.0000000000
46371  -41.805  -62.045  -5.243 0.0000000000
43978  -40.378  -60.990  -10.932 0.0000000000
43973  -40.226  -69.971  -7.869 0.0000000000
43974  -40.228  -70.502  -8.210 0.0000000000
13255  -39.929  -69.984  -8.323 0.0000000000
97586  -40.201  -70.954  -8.642 0.0000000000
13253  -40.538  -70.930  -8.104 0.0000000000
97585  -40.499  -71.456  -8.511 0.0000000000
43971  -40.271  -69.478  -7.421 0.0000000000
43972  -40.540  -70.447  -7.793 0.0000000000
97582  -40.882  -71.287  -8.032 0.0000000000
13251  -40.627  -69.884  -7.330 0.0000000000
97581  -40.924  -70.772  -7.698 0.0000000000
43970  -40.398  -68.840  -6.933 0.0000000000
97578  -40.773  -69.298  -6.881 0.0000000000
41698  -46.494  -58.491  -7.273 0.0000000000
161883  -41.475  -68.180  -14.744 0.0000000000
75402  -48.239  -62.854  -5.740 0.0000000000
127950  -47.222  -53.579  -10.798 0.0000000000
114219  -41.249  -68.644  -14.455 0.0000000000
114215  -40.781  -70.130  -13.436 0.0000000000
114211  -40.096  -69.173  -11.853 0.0000000000
114206  -39.273  -67.765  -9.555 0.0000000000
161855  -39.354  -67.160  -9.769 0.0000000000
105328  -30.365  -63.016  -12.078 0.0000000000
105323  -31.019  -65.723  -8.172 0.0000000000
144043  -31.060  -65.878  -8.793 0.0000000000
105319  -29.979  -67.043  -6.099 0.0000000000
120826  -51.678  -60.853  -8.505 0.0000000000
97587  -39.924  -70.479  -8.779 0.0000000000
161846  -39.733  -69.511  -8.476 0.0000000000
97583  -40.805  -71.763  -8.418 0.0000000000
97579  -41.030  -70.255  -7.240 0.0000000000
114165  -44.177  -66.199  -5.593 0.0000000000
22466  -43.673  -66.348  -5.567 0.0000000000
161773  -43.189  -66.565  -5.567 0.0000000000
127836  -42.198  -67.287  -5.650 0.0000000000
28457  -41.683  -67.747  -5.856 0.0000000000
127838  -41.308  -68.242  -6.143 0.0000000000
34332  -31.100  -65.330  -9.626 0.0000000000
144045  -31.057  -64.807  -10.445 0.0000000000
161765  -45.921  -65.830  -5.226 0.0000000000
40270  -45.578  -65.917  -5.442 0.0000000000
161767  -45.163  -65.983  -5.621 0.0000000000
40297  -39.532  -68.992  -8.612 0.0000000000
161848  -39.343  -68.429  -8.745 0.0000000000
40300  -39.546  -67.595  -10.267 0.0000000000
161857  -39.749  -67.914  -10.711 0.0000000000
13250  -40.989  -68.751  -6.493 0.0000000000
62787  -41.198  -69.696  -6.802 0.0000000000
5571  -41.487  -70.605  -7.151 0.0000000000
97580  -41.366  -71.105  -7.617 0.0000000000
127848  -41.771  -71.896  -7.989 0.0000000000
13252  -41.288  -71.601  -8.017 0.0000000000
62793  -41.848  -71.404  -7.540 0.0000000000
62794  -41.232  -72.096  -8.368 0.0000000000
5573  -41.231  -72.688  -8.803 0.0000000000
97584  -40.816  -72.266  -8.886 0.0000000000
127858  -40.791  -72.705  -9.314 0.0000000000
13254  -40.491  -71.799  -8.953 0.0000000000
62800  -41.168  -73.055  -9.249 0.0000000000
62801  -40.193  -71.351  -9.041 0.0000000000
5575  -39.898  -70.944  -9.158 0.0000000000
161847  -39.688  -69.984  -8.913 0.0000000000
7999  -29.663  -66.693  -5.765 0.0000000000
105320  -30.173  -66.277  -6.307 0.0000000000
144036  -30.406  -65.520  -6.550 0.0000000000
17552  -30.615  -65.859  -6.934 0.0000000000
75693  -29.885  -65.921  -5.985 0.0000000000
75694  -30.960  -65.458  -7.665 0.0000000000
8001  -31.159  -64.973  -8.435 0.0000000000
144044  -31.141  -65.157  -9.043 0.0000000000
17555  -30.853  -64.253  -11.181 0.0000000000
75702  -30.760  -63.525  -11.404 0.0000000000
8002  -30.655  -62.862  -11.580 0.0000000000
105329  -30.277  -62.300  -12.253 0.0000000000
144054  -30.066  -61.614  -12.436 0.0000000000
17557  -29.705  -61.709  -12.925 0.0000000000
75708  -30.597  -62.169  -11.778 0.0000000000
22465  -44.672  -66.078  -5.620 0.0000000000
114166  -44.015  -66.737  -5.666 0.0000000000
90432  -44.508  -66.580  -5.654 0.0000000000
10012  -44.367  -67.142  -5.704 0.0000000000
161774  -43.555  -66.943  -5.627 0.0000000000
161775  -43.966  -67.372  -5.737 0.0000000000
22487  -39.242  -67.856  -8.901 0.0000000000
90499  -39.297  -68.357  -9.383 0.0000000000
10021  -39.391  -68.834  -9.820 0.0000000000
161856  -39.437  -68.231  -10.042 0.0000000000
22490  -39.915  -68.246  -11.121 0.0000000000
90507  -39.855  -69.001  -11.375 0.0000000000
10022  -39.888  -69.792  -11.612 0.0000000000
114212  -40.128  -69.998  -12.115 0.0000000000
161866  -40.208  -70.915  -12.289 0.0000000000
22492  -40.384  -70.318  -12.611 0.0000000000
90513  -39.984  -70.661  -11.818 0.0000000000
90514  -40.613  -70.709  -13.118 0.0000000000
28456  -42.709  -66.898  -5.601 0.0000000000
127837  -42.191  -68.183  -5.855 0.0000000000
90437  -42.650  -67.698  -5.715 0.0000000000
5570  -42.718  -68.565  -5.866 0.0000000000
127839  -41.804  -68.687  -6.109 0.0000000000
127840  -42.305  -69.026  -6.092 0.0000000000
62788  -41.444  -69.140  -6.427 0.0000000000
28458  -41.973  -69.458  -6.363 0.0000000000
127841  -42.549  -69.802  -6.305 0.0000000000
114167  -42.800  -69.321  -6.064 0.0000000000
22467  -42.964  -70.070  -6.242 0.0000000000
62790  -42.183  -70.283  -6.671 0.0000000000
127842  -42.768  -70.464  -6.604 0.0000000000
28459  -42.549  -71.075  -6.977 0.0000000000
127843  -43.124  -71.260  -6.879 0.0000000000
53187  -43.309  -70.710  -6.531 0.0000000000
127845  -42.914  -71.795  -7.326 0.0000000000
2486  -43.573  -71.436  -6.836 0.0000000000
127844  -43.463  -71.952  -7.240 0.0000000000
161800  -43.771  -72.622  -7.679 0.0000000000
28460  -43.271  -72.480  -7.744 0.0000000000
53193  -44.013  -72.124  -7.174 0.0000000000
62792  -42.355  -71.635  -7.443 0.0000000000
127846  -42.781  -72.341  -7.828 0.0000000000
28461  -42.269  -72.141  -7.924 0.0000000000
127847  -42.702  -72.807  -8.276 0.0000000000
90459  -43.182  -72.961  -8.211 0.0000000000
5572  -43.129  -73.383  -8.622 0.0000000000
127849  -42.215  -72.644  -8.341 0.0000000000
127850  -42.679  -73.283  -8.654 0.0000000000
62795  -41.727  -72.414  -8.357 0.0000000000
28462  -42.183  -73.104  -8.693 0.0000000000
62802  -40.461  -72.284  -9.362 0.0000000000
34329  -30.086  -65.157  -6.201 0.0000000000
75695  -30.745  -65.145  -7.156 0.0000000000
144037  -30.563  -64.841  -6.736 0.0000000000
34330  -30.940  -64.343  -7.482 0.0000000000
144038  -30.754  -64.043  -7.064 0.0000000000
144035  -30.319  -64.402  -6.457 0.0000000000
144039  -31.100  -63.671  -7.756 0.0000000000
8000  -30.587  -63.634  -6.767 0.0000000000
114756  -30.981  -63.240  -7.401 0.0000000000
22794  -31.224  -62.923  -8.124 0.0000000000
75697  -31.165  -63.968  -8.223 0.0000000000
144040  -31.245  -63.267  -8.534 0.0000000000
34331  -31.261  -63.579  -8.989 0.0000000000
144041  -31.295  -62.818  -9.372 0.0000000000
53514  -31.336  -62.531  -8.879 0.0000000000
1784  -31.316  -62.038  -9.733 0.0000000000
144049  -31.252  -63.138  -9.781 0.0000000000
144050  -31.211  -62.266  -10.169 0.0000000000
144046  -31.163  -64.663  -9.882 0.0000000000
144047  -31.182  -64.477  -9.276 0.0000000000
75703  -31.019  -64.130  -10.632 0.0000000000
34333  -31.136  -64.013  -10.071 0.0000000000
144048  -31.236  -63.809  -9.519 0.0000000000
75698  -31.225  -64.296  -8.663 0.0000000000
75705  -31.123  -63.322  -10.280 0.0000000000
34334  -31.067  -62.556  -10.552 0.0000000000
144051  -31.019  -61.833  -10.821 0.0000000000
128295  -31.126  -61.453  -10.535 0.0000000000
28653  -30.878  -61.017  -11.205 0.0000000000
75707  -30.766  -61.936  -11.316 0.0000000000
144052  -30.672  -61.224  -11.594 0.0000000000
13248  -46.165  -65.678  -5.088 0.0000000000
161766  -45.659  -66.288  -5.321 0.0000000000
97574  -45.918  -66.159  -5.110 0.0000000000
5568  -45.702  -66.619  -5.182 0.0000000000
161768  -45.350  -66.357  -5.542 0.0000000000
161769  -45.487  -66.720  -5.401 0.0000000000
90433  -44.979  -66.458  -5.686 0.0000000000
40271  -45.217  -66.837  -5.584 0.0000000000
161770  -45.360  -67.221  -5.408 0.0000000000
62783  -45.523  -67.122  -5.193 0.0000000000
28454  -45.380  -67.566  -5.148 0.0000000000
90435  -45.078  -67.394  -5.588 0.0000000000
161771  -45.196  -67.759  -5.372 0.0000000000
40272  -44.947  -67.962  -5.594 0.0000000000
161772  -45.001  -68.297  -5.347 0.0000000000
127832  -45.102  -68.074  -5.089 0.0000000000
2485  -44.814  -68.644  -5.061 0.0000000000
161780  -44.838  -68.522  -5.592 0.0000000000
161781  -44.847  -68.924  -5.295 0.0000000000
90438  -43.092  -67.283  -5.659 0.0000000000
40273  -43.486  -67.682  -5.732 0.0000000000
161777  -43.844  -68.076  -5.797 0.0000000000
161778  -44.298  -67.780  -5.751 0.0000000000
40274  -44.158  -68.408  -5.801 0.0000000000
90441  -43.889  -68.834  -5.867 0.0000000000
161776  -43.496  -68.467  -5.827 0.0000000000
161779  -44.588  -68.154  -5.708 0.0000000000
90436  -44.688  -67.558  -5.681 0.0000000000
90443  -44.543  -68.763  -5.742 0.0000000000
40275  -44.762  -69.161  -5.550 0.0000000000
161782  -44.724  -69.603  -5.241 0.0000000000
53183  -44.567  -69.281  -5.021 0.0000000000
22463  -44.307  -69.908  -5.033 0.0000000000
90445  -44.657  -69.869  -5.474 0.0000000000
161783  -44.506  -70.252  -5.240 0.0000000000
40276  -44.555  -70.586  -5.467 0.0000000000
161784  -44.299  -70.936  -5.219 0.0000000000
114161  -44.065  -70.582  -5.030 0.0000000000
10011  -43.871  -71.252  -5.002 0.0000000000
161786  -44.540  -71.260  -5.489 0.0000000000
161787  -44.129  -71.596  -5.241 0.0000000000
40277  -44.370  -71.960  -5.492 0.0000000000
90448  -44.669  -71.609  -5.795 0.0000000000
161785  -44.720  -70.883  -5.727 0.0000000000
161788  -43.923  -72.300  -5.289 0.0000000000
90428  -43.657  -71.939  -5.017 0.0000000000
40269  -43.479  -72.654  -5.100 0.0000000000
90450  -44.175  -72.670  -5.619 0.0000000000
161789  -43.716  -72.968  -5.376 0.0000000000
40278  -43.866  -73.389  -5.760 0.0000000000
22473  -44.242  -72.799  -7.581 0.0000000000
90460  -43.665  -73.128  -8.140 0.0000000000
161801  -44.036  -73.328  -8.087 0.0000000000
40282  -43.898  -73.769  -8.509 0.0000000000
161802  -44.177  -74.000  -8.486 0.0000000000
114179  -44.337  -73.566  -7.969 0.0000000000
10015  -44.341  -74.181  -8.254 0.0000000000
161849  -39.484  -69.426  -9.005 0.0000000000
161850  -39.688  -70.448  -9.284 0.0000000000
90500  -39.365  -68.911  -9.192 0.0000000000
40298  -39.531  -69.923  -9.439 0.0000000000
161851  -39.688  -70.929  -9.700 0.0000000000
62805  -39.904  -71.409  -9.547 0.0000000000
90502  -39.535  -70.365  -9.868 0.0000000000
161852  -39.667  -71.249  -10.086 0.0000000000
40299  -39.549  -70.677  -10.272 0.0000000000
161853  -39.704  -71.512  -10.457 0.0000000000
161861  -39.649  -70.910  -10.676 0.0000000000
161862  -39.727  -71.750  -10.865 0.0000000000
161858  -39.542  -68.548  -10.498 0.0000000000
161859  -39.474  -69.170  -10.271 0.0000000000
90508  -39.685  -68.863  -10.912 0.0000000000
40301  -39.528  -69.477  -10.707 0.0000000000
161860  -39.498  -70.070  -10.494 0.0000000000
90503  -39.472  -69.775  -10.062 0.0000000000
90510  -39.645  -70.261  -10.924 0.0000000000
40302  -39.696  -71.095  -11.093 0.0000000000
161863  -39.851  -71.996  -11.264 0.0000000000
90512  -39.895  -71.337  -11.524 0.0000000000
161864  -39.957  -72.227  -11.735 0.0000000000
40303  -40.072  -71.600  -11.990 0.0000000000
161865  -40.098  -72.443  -12.190 0.0000000000
161867  -40.265  -71.854  -12.452 0.0000000000
90515  -40.437  -71.286  -12.775 0.0000000000
22470  -44.647  -71.239  -6.036 0.0000000000
114172  -44.482  -70.502  -5.935 0.0000000000
90446  -44.615  -70.206  -5.741 0.0000000000
22468  -43.582  -69.222  -5.919 0.0000000000
114168  -43.177  -68.866  -5.890 0.0000000000
90439  -43.098  -68.091  -5.774 0.0000000000
144034  -29.803  -64.824  -5.948 0.0000000000
91419  -30.062  -64.012  -6.200 0.0000000000
75692  -29.569  -65.594  -5.741 0.0000000000
144033  -29.225  -65.099  -5.620 0.0000000000
34328  -29.521  -64.300  -5.839 0.0000000000
34327  -28.907  -65.916  -5.353 0.0000000000
144031  -28.567  -65.438  -5.359 0.0000000000
144032  -28.872  -64.661  -5.546 0.0000000000
162952  -29.117  -63.874  -5.758 0.0000000000
158  -28.150  -64.960  -5.412 0.0000000000
41733  -28.439  -64.151  -5.595 0.0000000000
128297  -31.094  -60.713  -10.874 0.0000000000
128296  -31.326  -61.301  -10.072 0.0000000000
127831  -45.077  -67.802  -4.819 0.0000000000
53179  -44.738  -68.358  -4.764 0.0000000000
114758  -31.157  -62.529  -7.732 0.0000000000
114757  -30.800  -62.920  -7.025 0.0000000000
114178  -44.672  -73.044  -7.418 0.0000000000
90454  -44.481  -73.808  -7.791 0.0000000000
53192  -44.406  -72.337  -7.101 0.0000000000
114177  -44.600  -72.655  -6.971 0.0000000000
22472  -44.637  -73.334  -7.217 0.0000000000
22471  -44.444  -71.968  -6.706 0.0000000000
114175  -44.671  -72.306  -6.542 0.0000000000
114176  -44.601  -72.995  -6.755 0.0000000000
161794  -44.434  -73.682  -6.968 0.0000000000
10014  -44.628  -72.630  -6.285 0.0000000000
90453  -44.423  -73.336  -6.469 0.0000000000
114174  -44.616  -71.604  -6.366 0.0000000000
90447  -44.713  -71.935  -6.137 0.0000000000
53190  -44.207  -71.275  -6.439 0.0000000000
114173  -44.381  -70.880  -6.188 0.0000000000
22469  -43.965  -70.597  -6.203 0.0000000000
114171  -44.151  -70.189  -6.029 0.0000000000
10013  -44.391  -69.818  -5.904 0.0000000000
114170  -43.724  -69.922  -6.033 0.0000000000
90440  -43.996  -69.528  -5.931 0.0000000000
53188  -43.434  -70.323  -6.206 0.0000000000
114169  -43.250  -69.614  -6.029 0.0000000000
114160  -43.876  -70.213  -4.817 0.0000000000
90424  -43.666  -70.874  -4.823 0.0000000000
97573  -46.047  -65.958  -4.902 0.0000000000
62779  -45.766  -66.420  -4.922 0.0000000000
91421  -30.313  -63.232  -6.471 0.0000000000
91420  -29.771  -63.567  -6.033 0.0000000000
90511  -39.747  -70.440  -11.343 0.0000000000
90509  -39.704  -69.613  -11.162 0.0000000000
90501  -39.422  -69.407  -9.629 0.0000000000
90461  -43.550  -73.554  -8.564 0.0000000000
90456  -44.333  -74.398  -7.968 0.0000000000
90455  -44.428  -74.032  -7.511 0.0000000000
90451  -44.310  -72.996  -5.999 0.0000000000
90452  -43.995  -73.750  -6.204 0.0000000000
40279  -44.088  -74.090  -6.707 0.0000000000
90449  -44.549  -72.285  -5.877 0.0000000000
90444  -44.575  -69.500  -5.687 0.0000000000
90442  -44.288  -69.173  -5.876 0.0000000000
90434  -44.844  -66.980  -5.674 0.0000000000
90426  -43.440  -71.585  -4.809 0.0000000000
90427  -43.225  -72.326  -4.829 0.0000000000
40268  -43.066  -72.013  -4.578 0.0000000000
90425  -43.276  -71.217  -4.615 0.0000000000
75706  -30.898  -62.692  -11.045 0.0000000000
34335  -30.383  -61.372  -12.012 0.0000000000
75704  -30.982  -63.432  -10.833 0.0000000000
75696  -31.039  -64.699  -7.916 0.0000000000
75691  -29.365  -66.253  -5.584 0.0000000000
62803  -40.155  -71.846  -9.421 0.0000000000
62798  -41.593  -73.333  -9.170 0.0000000000
62796  -41.699  -72.921  -8.745 0.0000000000
62797  -42.093  -73.562  -9.075 0.0000000000
62791  -41.979  -70.874  -7.077 0.0000000000
62789  -41.672  -70.017  -6.734 0.0000000000
62781  -45.473  -66.835  -4.927 0.0000000000
62782  -45.230  -67.294  -4.868 0.0000000000
53516  -31.410  -61.795  -9.226 0.0000000000
53515  -31.322  -62.186  -8.476 0.0000000000
53191  -44.065  -71.679  -6.806 0.0000000000
53189  -43.771  -70.980  -6.478 0.0000000000
53181  -44.461  -68.987  -4.777 0.0000000000
53182  -44.162  -69.577  -4.787 0.0000000000
41731  -27.730  -64.546  -5.559 0.0000000000
41732  -27.981  -63.756  -5.758 0.0000000000
11013  -28.677  -63.419  -5.798 0.0000000000
93550  -28.291  -62.939  -5.954 0.0000000000
11011  -27.333  -64.094  -5.854 0.0000000000
93549  -27.626  -63.329  -6.012 0.0000000000
161795  -44.077  -74.464  -7.226 0.0000000000
161759  -42.894  -71.634  -4.375 0.0000000000
43967  -46.381  -65.484  -4.921 0.0000000000
93551  -28.966  -62.623  -6.001 0.0000000000
162953  -29.362  -63.121  -5.950 0.0000000000
93547  -27.033  -63.634  -6.201 0.0000000000
114759  -31.288  -61.840  -8.076 0.0000000000
22796  -31.431  -61.470  -8.821 0.0000000000
162961  -31.400  -60.944  -9.679 0.0000000000
40280  -44.142  -74.707  -7.675 0.0000000000
40666  -30.015  -62.771  -6.341 0.0000000000
162955  -30.556  -62.446  -6.798 0.0000000000
3331  -26.618  -63.177  -6.632 0.0000000000
93548  -27.249  -62.820  -6.350 0.0000000000
118440  -27.492  -62.044  -6.493 0.0000000000
11012  -27.889  -62.512  -6.161 0.0000000000
56073  -26.884  -62.387  -6.767 0.0000000000
56074  -28.556  -62.166  -6.126 0.0000000000
3333  -29.263  -61.851  -6.269 0.0000000000
162954  -29.676  -62.338  -6.249 0.0000000000
22795  -30.993  -62.169  -7.361 0.0000000000
114760  -31.462  -61.116  -8.468 0.0000000000
91422  -31.170  -61.438  -7.750 0.0000000000
10144  -31.323  -60.701  -8.196 0.0000000000
162962  -31.472  -60.690  -9.285 0.0000000000
162963  -31.470  -60.332  -8.938 0.0000000000
24429  -27.170  -61.515  -6.859 0.0000000000
56075  -28.136  -61.739  -6.339 0.0000000000
118441  -27.803  -61.207  -6.636 0.0000000000
24430  -28.420  -60.991  -6.536 0.0000000000
118442  -28.092  -60.452  -6.798 0.0000000000
118439  -27.374  -60.714  -6.980 0.0000000000
118443  -28.791  -60.202  -6.698 0.0000000000
3332  -27.731  -59.905  -7.042 0.0000000000
102084  -28.428  -59.663  -6.927 0.0000000000
15754  -29.159  -59.439  -6.965 0.0000000000
56077  -29.109  -60.748  -6.574 0.0000000000
118444  -29.471  -59.984  -6.842 0.0000000000
24431  -29.856  -60.427  -6.830 0.0000000000
118445  -30.129  -59.721  -7.170 0.0000000000
46474  -29.855  -59.245  -7.155 0.0000000000
1413  -30.390  -58.969  -7.511 0.0000000000
162959  -30.467  -60.148  -7.229 0.0000000000
162960  -30.673  -59.437  -7.608 0.0000000000
28654  -31.313  -60.475  -10.457 0.0000000000
162956  -30.324  -62.004  -6.641 0.0000000000
162957  -29.965  -61.565  -6.529 0.0000000000
91423  -30.803  -61.744  -7.123 0.0000000000
40667  -30.543  -61.360  -6.908 0.0000000000
162958  -30.211  -60.854  -6.854 0.0000000000
56078  -29.553  -61.114  -6.520 0.0000000000
91425  -30.756  -60.576  -7.344 0.0000000000
40668  -30.976  -59.906  -7.757 0.0000000000
162968  -31.105  -59.194  -8.212 0.0000000000
162969  -30.898  -58.759  -8.079 0.0000000000
91428  -31.413  -60.195  -10.075 0.0000000000
40669  -31.478  -59.849  -9.786 0.0000000000
162965  -31.536  -59.580  -9.443 0.0000000000
162966  -31.403  -59.951  -8.695 0.0000000000
40670  -31.452  -59.269  -9.086 0.0000000000
162967  -31.271  -59.577  -8.420 0.0000000000
91426  -31.152  -60.274  -7.938 0.0000000000
91433  -31.381  -58.884  -8.901 0.0000000000
40671  -31.240  -58.469  -8.678 0.0000000000
162970  -31.019  -58.081  -8.441 0.0000000000
46478  -30.611  -58.330  -7.889 0.0000000000
118438  -26.769  -60.980  -7.232 0.0000000000
70299  -27.066  -60.144  -7.292 0.0000000000
56072  -26.525  -61.811  -7.200 0.0000000000
118437  -26.258  -61.173  -7.584 0.0000000000
24428  -26.498  -60.313  -7.608 0.0000000000
24427  -25.972  -62.085  -7.543 0.0000000000
118435  -25.764  -61.336  -7.987 0.0000000000
118436  -25.924  -60.551  -8.034 0.0000000000
137430  -26.153  -59.731  -8.034 0.0000000000
1411  -25.344  -60.817  -8.435 0.0000000000
46473  -25.531  -59.935  -8.380 0.0000000000
118434  -25.358  -62.317  -8.007 0.0000000000
46467  -25.049  -61.691  -8.531 0.0000000000
56070  -25.651  -63.009  -7.533 0.0000000000
118433  -25.024  -63.376  -7.987 0.0000000000
15747  -24.697  -62.672  -8.551 0.0000000000
24426  -25.324  -63.993  -7.474 0.0000000000
118432  -24.693  -64.353  -7.961 0.0000000000
102071  -24.358  -63.669  -8.501 0.0000000000
3330  -24.015  -64.718  -8.487 0.0000000000
102086  -28.742  -58.966  -7.068 0.0000000000
102085  -28.044  -59.153  -7.114 0.0000000000
102073  -24.048  -62.996  -9.112 0.0000000000
102072  -23.745  -64.019  -9.048 0.0000000000
91424  -30.990  -61.030  -7.530 0.0000000000
70301  -27.383  -59.412  -7.323 0.0000000000
70300  -26.754  -59.536  -7.676 0.0000000000
56076  -28.847  -61.438  -6.354 0.0000000000
56071  -26.303  -62.671  -7.116 0.0000000000
56069  -25.965  -63.616  -7.033 0.0000000000
46476  -30.041  -58.552  -7.469 0.0000000000
46477  -30.310  -57.936  -7.743 0.0000000000
15758  -30.836  -57.681  -8.243 0.0000000000
102091  -30.552  -57.267  -7.987 0.0000000000
15756  -29.718  -58.093  -7.439 0.0000000000
102090  -29.917  -57.441  -7.604 0.0000000000
46475  -29.445  -58.807  -7.156 0.0000000000
102087  -29.002  -58.192  -7.213 0.0000000000
46471  -24.993  -60.051  -8.725 0.0000000000
46472  -25.279  -59.241  -8.566 0.0000000000
15753  -25.835  -59.120  -8.242 0.0000000000
102082  -25.498  -58.503  -8.346 0.0000000000
15751  -24.627  -59.404  -8.881 0.0000000000
102081  -24.842  -58.685  -8.558 0.0000000000
46469  -24.718  -60.975  -8.884 0.0000000000
46470  -24.329  -60.246  -9.153 0.0000000000
102078  -23.885  -59.630  -9.171 0.0000000000
15749  -24.085  -61.193  -9.396 0.0000000000
102077  -23.604  -60.474  -9.561 0.0000000000
46468  -24.410  -61.953  -9.043 0.0000000000
102074  -23.755  -62.237  -9.589 0.0000000000
102088  -29.316  -57.601  -7.383 0.0000000000
102083  -26.108  -58.363  -8.075 0.0000000000
137431  -26.427  -58.956  -7.929 0.0000000000
102079  -24.239  -58.960  -8.686 0.0000000000
102075  -23.384  -61.463  -9.896 0.0000000000
32040  -27.038  -58.783  -7.637 0.0000000000
137433  -27.657  -58.594  -7.366 0.0000000000
15748  -23.412  -63.350  -9.662 0.0000000000
70280  -23.055  -62.566  -10.093 0.0000000000
7146  -22.647  -61.786  -10.347 0.0000000000
102076  -22.852  -60.772  -9.977 0.0000000000
137414  -22.416  -60.401  -9.714 0.0000000000
15750  -23.194  -59.959  -9.445 0.0000000000
70286  -22.104  -61.168  -10.334 0.0000000000
70287  -23.513  -59.388  -8.927 0.0000000000
7147  -23.963  -58.758  -8.464 0.0000000000
102080  -24.528  -58.336  -8.339 0.0000000000
137424  -24.914  -57.802  -8.012 0.0000000000
15752  -25.175  -57.998  -8.242 0.0000000000
70293  -24.348  -58.256  -8.073 0.0000000000
70294  -25.843  -57.767  -8.118 0.0000000000
7149  -26.466  -57.665  -7.835 0.0000000000
137432  -26.739  -58.191  -7.785 0.0000000000
15755  -28.309  -58.424  -7.226 0.0000000000
70302  -28.664  -57.752  -7.272 0.0000000000
7150  -29.175  -57.091  -7.337 0.0000000000
102089  -29.760  -56.979  -7.484 0.0000000000
137442  -30.189  -56.332  -7.622 0.0000000000
15757  -30.309  -56.769  -7.840 0.0000000000
70308  -29.598  -56.503  -7.349 0.0000000000
32033  -21.714  -61.093  -9.968 0.0000000000
70288  -22.789  -59.865  -9.189 0.0000000000
137415  -22.132  -60.494  -9.444 0.0000000000
32034  -22.609  -59.967  -8.876 0.0000000000
137416  -22.000  -60.713  -9.096 0.0000000000
137413  -21.559  -61.181  -9.664 0.0000000000
137417  -22.510  -60.255  -8.548 0.0000000000
5667  -21.414  -61.502  -9.359 0.0000000000
97751  -21.934  -61.006  -8.773 0.0000000000
13347  -22.542  -60.453  -8.246 0.0000000000
70290  -23.150  -59.524  -8.328 0.0000000000
137418  -23.125  -59.740  -8.049 0.0000000000
32035  -23.743  -59.030  -7.882 0.0000000000
137419  -23.682  -59.267  -7.663 0.0000000000
44067  -23.076  -60.040  -7.794 0.0000000000
137421  -24.236  -58.625  -7.547 0.0000000000
630  -23.659  -59.509  -7.377 0.0000000000
137420  -24.195  -58.809  -7.302 0.0000000000
162898  -24.730  -58.298  -6.944 0.0000000000
32036  -24.703  -58.166  -7.206 0.0000000000
44073  -24.213  -59.042  -7.005 0.0000000000
70292  -24.260  -58.418  -7.790 0.0000000000
137422  -24.748  -57.992  -7.446 0.0000000000
32037  -24.837  -57.794  -7.698 0.0000000000
137423  -25.252  -57.400  -7.360 0.0000000000
91374  -25.180  -57.575  -7.135 0.0000000000
7148  -25.711  -56.947  -7.064 0.0000000000
137425  -25.341  -57.350  -7.667 0.0000000000
137426  -25.772  -56.902  -7.324 0.0000000000
70295  -25.481  -57.425  -7.952 0.0000000000
32038  -25.937  -56.946  -7.620 0.0000000000
137427  -26.376  -56.463  -7.338 0.0000000000
114729  -26.238  -56.424  -7.063 0.0000000000
22779  -26.869  -55.976  -7.073 0.0000000000
70297  -26.621  -56.654  -7.511 0.0000000000
137428  -27.126  -56.197  -7.282 0.0000000000
32039  -27.330  -56.482  -7.383 0.0000000000
137429  -27.798  -56.027  -7.191 0.0000000000
53499  -27.583  -55.640  -7.073 0.0000000000
1412  -28.353  -55.482  -6.979 0.0000000000
137437  -28.021  -56.356  -7.262 0.0000000000
137438  -28.468  -55.863  -7.106 0.0000000000
137434  -27.362  -58.096  -7.559 0.0000000000
137435  -27.080  -57.540  -7.623 0.0000000000
70303  -28.051  -57.926  -7.368 0.0000000000
32041  -27.724  -57.428  -7.425 0.0000000000
137436  -27.508  -56.908  -7.450 0.0000000000
70298  -26.840  -57.037  -7.646 0.0000000000
70305  -28.209  -56.813  -7.349 0.0000000000
32042  -28.709  -56.210  -7.214 0.0000000000
137439  -29.239  -55.603  -7.171 0.0000000000
128274  -29.003  -55.324  -7.007 0.0000000000
13353  -24.642  -58.556  -6.671 0.0000000000
91375  -25.231  -57.631  -6.864 0.0000000000
162899  -25.203  -57.808  -6.641 0.0000000000
40648  -25.671  -57.160  -6.622 0.0000000000
162900  -25.604  -57.286  -6.350 0.0000000000
97763  -25.078  -58.054  -6.361 0.0000000000
5673  -25.519  -57.345  -6.091 0.0000000000
162902  -26.125  -56.497  -6.347 0.0000000000
162903  -26.016  -56.647  -6.087 0.0000000000
40649  -26.550  -55.903  -6.102 0.0000000000
91378  -26.609  -55.867  -6.339 0.0000000000
162901  -26.128  -56.515  -6.626 0.0000000000
162904  -26.427  -55.934  -5.844 0.0000000000
63098  -25.931  -56.635  -5.832 0.0000000000
28643  -26.279  -55.935  -5.611 0.0000000000
91380  -26.913  -55.248  -5.864 0.0000000000
162905  -26.799  -55.292  -5.637 0.0000000000
40650  -27.356  -54.641  -5.661 0.0000000000
162906  -27.155  -54.526  -5.428 0.0000000000
128273  -26.580  -55.153  -5.409 0.0000000000
2527  -26.950  -54.394  -5.287 0.0000000000
162914  -27.806  -53.877  -5.510 0.0000000000
162915  -27.545  -53.753  -5.316 0.0000000000
22780  -26.662  -55.866  -6.646 0.0000000000
114730  -26.142  -56.448  -6.817 0.0000000000
91376  -25.649  -56.994  -6.824 0.0000000000
128272  -26.029  -55.804  -5.425 0.0000000000
53494  -26.364  -55.050  -5.271 0.0000000000
63097  -25.749  -56.646  -5.613 0.0000000000
128271  -25.479  -56.503  -5.417 0.0000000000
22774  -25.791  -55.719  -5.250 0.0000000000
28642  -25.128  -57.389  -5.600 0.0000000000
128270  -24.896  -57.185  -5.369 0.0000000000
114720  -25.203  -56.396  -5.239 0.0000000000
128269  -24.567  -58.052  -5.568 0.0000000000
128267  -24.316  -57.850  -5.390 0.0000000000
5672  -24.627  -57.050  -5.237 0.0000000000
63095  -24.796  -58.058  -5.841 0.0000000000
128268  -24.227  -58.689  -5.861 0.0000000000
28641  -24.046  -58.633  -5.552 0.0000000000
13352  -24.446  -58.740  -6.118 0.0000000000
97760  -23.865  -59.493  -6.146 0.0000000000
63093  -23.685  -59.373  -5.820 0.0000000000
128266  -23.719  -58.500  -5.416 0.0000000000
91359  -24.084  -57.629  -5.254 0.0000000000
63092  -23.451  -59.331  -5.582 0.0000000000
128265  -23.152  -59.089  -5.442 0.0000000000
28640  -23.469  -58.205  -5.320 0.0000000000
28639  -22.831  -59.936  -5.547 0.0000000000
128263  -22.502  -59.643  -5.431 0.0000000000
128264  -22.821  -58.765  -5.345 0.0000000000
162880  -23.051  -57.894  -5.266 0.0000000000
2526  -22.177  -59.303  -5.336 0.0000000000
53493  -22.425  -58.460  -5.304 0.0000000000
128262  -22.073  -60.592  -5.467 0.0000000000
53487  -21.755  -60.300  -5.302 0.0000000000
63090  -22.398  -60.843  -5.726 0.0000000000
128261  -21.697  -61.424  -5.604 0.0000000000
22767  -21.288  -61.234  -5.345 0.0000000000
28638  -21.950  -61.639  -5.942 0.0000000000
128260  -21.230  -62.247  -5.832 0.0000000000
114707  -20.960  -62.039  -5.464 0.0000000000
128259  -21.539  -62.313  -6.279 0.0000000000
128257  -20.791  -62.923  -6.179 0.0000000000
5670  -20.498  -62.837  -5.717 0.0000000000
63088  -22.267  -61.626  -6.383 0.0000000000
128258  -21.694  -62.311  -6.805 0.0000000000
28637  -20.981  -62.976  -6.685 0.0000000000
13350  -22.363  -61.545  -6.862 0.0000000000
97756  -21.799  -62.153  -7.271 0.0000000000
63086  -21.148  -62.878  -7.204 0.0000000000
114731  -26.706  -55.958  -6.833 0.0000000000
114722  -25.538  -55.425  -5.150 0.0000000000
114721  -24.921  -56.100  -5.138 0.0000000000
114709  -20.627  -61.791  -5.175 0.0000000000
114708  -20.255  -62.593  -5.356 0.0000000000
97762  -24.533  -58.790  -6.368 0.0000000000
63094  -25.000  -58.020  -6.095 0.0000000000
44072  -24.108  -59.307  -6.703 0.0000000000
97761  -24.015  -59.473  -6.367 0.0000000000
13351  -23.578  -60.029  -6.753 0.0000000000
97759  -23.504  -60.085  -6.430 0.0000000000
5671  -23.338  -60.187  -6.123 0.0000000000
97758  -22.989  -60.737  -6.837 0.0000000000
63087  -22.887  -60.866  -6.469 0.0000000000
44070  -23.045  -60.625  -7.130 0.0000000000
97757  -22.424  -61.389  -7.241 0.0000000000
13349  -22.527  -61.138  -7.597 0.0000000000
97755  -21.864  -61.929  -7.736 0.0000000000
5669  -21.216  -62.777  -7.777 0.0000000000
97754  -21.965  -61.634  -8.140 0.0000000000
63080  -21.321  -62.388  -8.200 0.0000000000
44068  -22.473  -60.843  -7.958 0.0000000000
97753  -21.952  -61.310  -8.454 0.0000000000
13348  -21.375  -62.062  -8.592 0.0000000000
97752  -21.399  -61.764  -8.956 0.0000000000
91379  -27.083  -55.218  -6.122 0.0000000000
91381  -27.537  -54.581  -5.940 0.0000000000
10138  -27.704  -54.663  -6.160 0.0000000000
91377  -27.167  -55.283  -6.374 0.0000000000
114732  -27.316  -55.324  -6.675 0.0000000000
114733  -27.814  -54.757  -6.443 0.0000000000
91361  -24.310  -56.754  -5.160 0.0000000000
91360  -23.689  -57.344  -5.198 0.0000000000
70304  -28.440  -57.284  -7.310 0.0000000000
70306  -28.919  -56.696  -7.274 0.0000000000
70296  -26.182  -57.174  -7.827 0.0000000000
70291  -23.817  -58.795  -8.171 0.0000000000
70289  -23.270  -59.308  -8.667 0.0000000000
63096  -25.393  -57.354  -5.827 0.0000000000
63091  -23.126  -60.141  -5.771 0.0000000000
63089  -22.655  -60.968  -6.024 0.0000000000
53501  -28.123  -55.155  -6.879 0.0000000000
53500  -27.343  -55.493  -6.879 0.0000000000
53496  -26.637  -54.240  -5.183 0.0000000000
53495  -26.084  -54.824  -5.164 0.0000000000
53491  -21.777  -59.070  -5.266 0.0000000000
53492  -22.078  -58.245  -5.307 0.0000000000
22773  -22.730  -57.635  -5.283 0.0000000000
114718  -22.372  -57.350  -5.340 0.0000000000
22771  -21.474  -58.765  -5.259 0.0000000000
114717  -21.721  -57.940  -5.356 0.0000000000
53489  -21.411  -60.061  -5.183 0.0000000000
53490  -21.047  -59.731  -5.172 0.0000000000
114714  -20.790  -59.370  -5.193 0.0000000000
22769  -20.630  -60.654  -5.103 0.0000000000
114713  -20.380  -60.306  -5.112 0.0000000000
53488  -21.026  -60.924  -5.141 0.0000000000
114710  -20.337  -61.463  -5.058 0.0000000000
44071  -23.652  -59.821  -7.053 0.0000000000
44069  -23.111  -60.313  -7.474 0.0000000000
162913  -27.975  -53.991  -5.712 0.0000000000
70307  -29.438  -56.032  -7.330 0.0000000000
114719  -23.019  -56.720  -5.249 0.0000000000
162881  -23.373  -57.046  -5.239 0.0000000000
114715  -21.106  -58.484  -5.311 0.0000000000
114711  -19.925  -61.161  -5.032 0.0000000000
162909  -28.398  -54.193  -6.235 0.0000000000
162912  -28.182  -54.047  -6.006 0.0000000000
53498  -27.247  -53.603  -5.217 0.0000000000
128275  -28.938  -54.888  -6.868 0.0000000000
114723  -25.791  -54.595  -5.135 0.0000000000
22776  -26.379  -54.025  -5.091 0.0000000000
53497  -26.945  -53.395  -5.130 0.0000000000
22781  -27.958  -54.918  -6.684 0.0000000000
162907  -28.707  -54.586  -6.667 0.0000000000
40642  -24.020  -56.439  -5.170 0.0000000000
162883  -24.591  -55.907  -5.142 0.0000000000
22768  -19.932  -62.296  -5.111 0.0000000000
91340  -19.594  -61.945  -5.003 0.0000000000
10133  -19.221  -61.648  -5.016 0.0000000000
114712  -19.656  -60.850  -5.067 0.0000000000
162865  -19.387  -60.520  -5.151 0.0000000000
22770  -20.096  -59.955  -5.150 0.0000000000
91346  -18.915  -61.354  -5.087 0.0000000000
91347  -20.492  -59.062  -5.264 0.0000000000
10134  -20.845  -58.115  -5.444 0.0000000000
114716  -21.427  -57.573  -5.412 0.0000000000
162874  -21.694  -56.741  -5.532 0.0000000000
22772  -22.044  -56.991  -5.406 0.0000000000
91353  -21.095  -57.256  -5.571 0.0000000000
91354  -22.689  -56.416  -5.335 0.0000000000
10135  -23.318  -55.845  -5.253 0.0000000000
162882  -23.617  -56.173  -5.199 0.0000000000
22775  -25.184  -55.259  -5.141 0.0000000000
114724  -26.063  -53.751  -5.082 0.0000000000
91362  -25.482  -54.349  -5.080 0.0000000000
114726  -26.655  -53.165  -5.088 0.0000000000
10136  -25.733  -53.407  -5.115 0.0000000000
114725  -26.303  -52.849  -5.097 0.0000000000
162908  -28.549  -54.355  -6.536 0.0000000000
40636  -18.633  -61.059  -5.193 0.0000000000
91348  -19.761  -59.661  -5.284 0.0000000000
162866  -19.061  -60.169  -5.344 0.0000000000
40637  -19.473  -59.279  -5.503 0.0000000000
162867  -18.760  -59.818  -5.573 0.0000000000
162864  -18.324  -60.663  -5.415 0.0000000000
162868  -19.140  -58.912  -5.787 0.0000000000
10107  -18.044  -60.281  -5.641 0.0000000000
91148  -18.452  -59.386  -5.872 0.0000000000
40557  -18.806  -58.443  -6.047 0.0000000000
91350  -19.819  -58.375  -5.690 0.0000000000
162869  -19.490  -57.985  -5.931 0.0000000000
40638  -20.194  -57.432  -5.843 0.0000000000
162870  -19.808  -57.035  -6.132 0.0000000000
162627  -19.140  -57.536  -6.244 0.0000000000
40639  -21.413  -56.431  -5.694 0.0000000000
91355  -22.301  -56.207  -5.469 0.0000000000
162875  -22.025  -55.838  -5.648 0.0000000000
40640  -22.631  -55.255  -5.547 0.0000000000
162876  -22.310  -55.019  -5.709 0.0000000000
162873  -21.685  -55.534  -5.808 0.0000000000
162884  -24.263  -55.574  -5.153 0.0000000000
162885  -23.914  -55.267  -5.186 0.0000000000
91363  -24.909  -54.949  -5.106 0.0000000000
40643  -24.558  -54.648  -5.127 0.0000000000
162886  -24.201  -54.404  -5.197 0.0000000000
91358  -23.586  -54.998  -5.293 0.0000000000
40641  -23.845  -54.170  -5.280 0.0000000000
91365  -24.834  -53.778  -5.094 0.0000000000
162887  -24.456  -53.581  -5.204 0.0000000000
91364  -25.161  -54.016  -5.115 0.0000000000
91356  -22.983  -55.557  -5.379 0.0000000000
91357  -23.234  -54.699  -5.419 0.0000000000
91351  -20.509  -57.787  -5.609 0.0000000000
91352  -20.808  -56.931  -5.767 0.0000000000
162872  -21.042  -56.057  -5.907 0.0000000000
162871  -20.397  -56.592  -6.014 0.0000000000
91349  -20.167  -58.714  -5.468 0.0000000000
91146  -17.865  -59.736  -5.905 0.0000000000
91147  -18.185  -58.833  -6.123 0.0000000000
162626  -18.580  -57.924  -6.319 0.0000000000
40556  -17.587  -59.179  -6.121 0.0000000000
162625  -17.993  -58.265  -6.391 0.0000000000
91366  -25.404  -53.197  -5.067 0.0000000000
