#!ascii label  , from subject  vox2ras=TkReg
1995
130783  -30.606  -75.767  -12.192 0.0000000000
29591  -31.427  -75.434  -12.650 0.0000000000
130782  -30.962  -76.285  -11.742 0.0000000000
75647  -30.353  -76.637  -11.259 0.0000000000
6100  -29.992  -76.114  -11.615 0.0000000000
130785  -31.063  -74.937  -13.090 0.0000000000
130786  -30.241  -75.281  -12.590 0.0000000000
29592  -30.780  -74.395  -13.461 0.0000000000
65053  -31.607  -74.146  -13.884 0.0000000000
130784  -31.906  -74.715  -13.449 0.0000000000
130787  -29.930  -74.789  -12.947 0.0000000000
105293  -29.609  -75.615  -11.951 0.0000000000
17537  -29.342  -75.114  -12.243 0.0000000000
65055  -30.583  -73.838  -13.728 0.0000000000
130788  -29.809  -74.154  -13.181 0.0000000000
29593  -30.473  -73.205  -13.949 0.0000000000
130789  -29.782  -73.455  -13.377 0.0000000000
48257  -29.277  -74.486  -12.478 0.0000000000
830  -29.324  -73.748  -12.691 0.0000000000
130797  -30.456  -72.436  -14.181 0.0000000000
130798  -29.760  -72.750  -13.592 0.0000000000
29596  -30.440  -71.734  -14.402 0.0000000000
65063  -31.267  -71.552  -14.708 0.0000000000
130796  -31.279  -72.239  -14.517 0.0000000000
130799  -29.766  -72.116  -13.794 0.0000000000
120935  -29.360  -72.994  -12.937 0.0000000000
25499  -29.329  -72.305  -13.158 0.0000000000
65065  -30.472  -71.041  -14.566 0.0000000000
130800  -29.690  -71.411  -13.987 0.0000000000
29597  -30.474  -70.379  -14.598 0.0000000000
130801  -29.739  -70.712  -14.037 0.0000000000
57857  -29.373  -71.601  -13.295 0.0000000000
3927  -29.404  -70.947  -13.316 0.0000000000
130803  -30.467  -69.701  -14.579 0.0000000000
130804  -29.875  -70.014  -14.019 0.0000000000
29598  -30.511  -68.950  -14.567 0.0000000000
65068  -31.312  -68.690  -14.891 0.0000000000
130802  -31.267  -69.424  -14.931 0.0000000000
130805  -30.021  -69.238  -14.005 0.0000000000
94619  -29.581  -70.165  -13.300 0.0000000000
11607  -29.788  -69.482  -13.282 0.0000000000
65070  -30.610  -68.260  -14.530 0.0000000000
130806  -30.146  -68.517  -14.029 0.0000000000
29595  -32.071  -71.277  -14.918 0.0000000000
130795  -32.101  -71.955  -14.792 0.0000000000
65056  -31.295  -72.841  -14.367 0.0000000000
14005  -32.343  -73.960  -14.190 0.0000000000
98935  -32.614  -74.526  -13.760 0.0000000000
65051  -32.191  -75.219  -12.987 0.0000000000
65050  -31.713  -75.909  -12.167 0.0000000000
130781  -31.227  -76.882  -11.352 0.0000000000
29590  -30.653  -77.212  -10.891 0.0000000000
29589  -31.883  -76.529  -11.735 0.0000000000
130779  -31.358  -77.509  -11.025 0.0000000000
130780  -30.833  -77.811  -10.687 0.0000000000
143978  -30.328  -78.065  -10.297 0.0000000000
148979  -31.434  -78.027  -10.796 0.0000000000
148980  -31.979  -77.063  -11.405 0.0000000000
120937  -29.179  -73.202  -12.241 0.0000000000
120936  -29.181  -73.918  -12.007 0.0000000000
105295  -29.236  -75.878  -11.215 0.0000000000
105294  -29.579  -76.397  -10.908 0.0000000000
98934  -33.280  -74.350  -14.086 0.0000000000
6099  -32.867  -75.031  -13.320 0.0000000000
98936  -33.135  -73.762  -14.447 0.0000000000
14004  -33.856  -73.667  -14.700 0.0000000000
148985  -33.439  -74.756  -13.721 0.0000000000
148986  -33.934  -74.153  -14.389 0.0000000000
94621  -29.653  -70.310  -12.477 0.0000000000
94620  -29.462  -71.026  -12.477 0.0000000000
75649  -29.915  -76.891  -10.684 0.0000000000
75648  -30.208  -77.403  -10.448 0.0000000000
65064  -31.269  -70.817  -14.869 0.0000000000
65066  -31.281  -70.138  -14.924 0.0000000000
65062  -32.038  -70.690  -15.011 0.0000000000
6101  -32.156  -72.639  -14.669 0.0000000000
65054  -31.382  -73.510  -14.196 0.0000000000
65052  -32.233  -73.293  -14.502 0.0000000000
98937  -33.037  -73.132  -14.717 0.0000000000
98938  -32.964  -72.481  -14.888 0.0000000000
65049  -32.418  -75.728  -12.529 0.0000000000
148981  -32.539  -76.199  -12.130 0.0000000000
148982  -33.028  -75.454  -12.924 0.0000000000
57859  -29.307  -71.761  -12.444 0.0000000000
57858  -29.235  -72.477  -12.372 0.0000000000
48259  -29.146  -74.644  -11.729 0.0000000000
48258  -29.076  -75.327  -11.485 0.0000000000
65069  -31.335  -67.971  -14.907 0.0000000000
44725  -33.802  -72.980  -14.981 0.0000000000
44724  -34.531  -72.929  -15.208 0.0000000000
148987  -34.579  -73.486  -15.024 0.0000000000
42328  -29.927  -69.635  -12.532 0.0000000000
42327  -30.042  -68.760  -13.319 0.0000000000
130792  -32.928  -71.816  -14.973 0.0000000000
94622  -29.862  -70.444  -11.688 0.0000000000
11609  -30.153  -69.704  -11.744 0.0000000000
42329  -30.109  -68.899  -12.591 0.0000000000
44726  -34.529  -72.226  -15.386 0.0000000000
829  -35.372  -72.149  -15.675 0.0000000000
148988  -35.363  -72.715  -15.544 0.0000000000
14006  -33.737  -72.302  -15.141 0.0000000000
115990  -35.353  -71.532  -15.786 0.0000000000
130790  -34.542  -71.538  -15.497 0.0000000000
105296  -29.057  -76.079  -10.571 0.0000000000
17539  -28.994  -75.507  -10.832 0.0000000000
143987  -28.955  -74.834  -11.073 0.0000000000
120938  -29.142  -73.326  -11.471 0.0000000000
25501  -29.274  -72.587  -11.568 0.0000000000
120940  -29.436  -71.882  -11.597 0.0000000000
143979  -29.895  -78.284  -9.909 0.0000000000
34310  -29.741  -77.649  -9.994 0.0000000000
143981  -29.477  -77.110  -10.116 0.0000000000
11608  -29.620  -71.189  -11.652 0.0000000000
94623  -30.079  -70.487  -10.905 0.0000000000
57860  -29.811  -71.244  -10.797 0.0000000000
94625  -30.322  -69.733  -10.992 0.0000000000
3929  -30.032  -71.330  -10.125 0.0000000000
94624  -30.273  -70.618  -10.108 0.0000000000
120950  -30.310  -70.647  -9.394 0.0000000000
11610  -30.454  -69.808  -10.219 0.0000000000
57866  -30.102  -71.336  -9.350 0.0000000000
42330  -30.378  -68.966  -11.844 0.0000000000
94626  -30.491  -68.996  -11.077 0.0000000000
130791  -33.756  -71.641  -15.216 0.0000000000
17538  -29.255  -76.540  -10.285 0.0000000000
105297  -28.898  -76.251  -9.961 0.0000000000
75650  -29.017  -76.797  -9.737 0.0000000000
7994  -28.873  -77.059  -9.149 0.0000000000
143988  -28.794  -75.686  -10.193 0.0000000000
143989  -28.738  -76.482  -9.339 0.0000000000
25500  -29.008  -74.087  -11.310 0.0000000000
120939  -29.158  -73.442  -10.700 0.0000000000
75655  -28.983  -74.225  -10.584 0.0000000000
3928  -28.985  -74.294  -9.855 0.0000000000
120941  -29.328  -72.699  -10.819 0.0000000000
120942  -29.163  -73.555  -9.914 0.0000000000
57861  -29.536  -71.977  -10.781 0.0000000000
25502  -29.379  -72.796  -9.978 0.0000000000
120943  -29.155  -73.609  -9.212 0.0000000000
105298  -28.952  -74.348  -9.196 0.0000000000
17540  -28.853  -74.390  -8.454 0.0000000000
57863  -29.475  -72.844  -9.284 0.0000000000
120944  -29.175  -73.591  -8.467 0.0000000000
25503  -29.484  -72.844  -8.536 0.0000000000
120945  -29.102  -73.643  -7.751 0.0000000000
48260  -28.760  -74.410  -7.730 0.0000000000
120947  -29.420  -72.941  -7.763 0.0000000000
1782  -28.617  -74.435  -7.040 0.0000000000
120946  -28.954  -73.697  -7.054 0.0000000000
144014  -28.719  -73.553  -6.404 0.0000000000
25504  -29.286  -72.888  -7.102 0.0000000000
48266  -28.393  -74.341  -6.418 0.0000000000
57865  -29.784  -72.125  -8.576 0.0000000000
120948  -29.717  -72.181  -7.814 0.0000000000
25505  -30.047  -71.434  -8.596 0.0000000000
120949  -29.947  -71.411  -7.833 0.0000000000
75677  -29.530  -72.100  -7.103 0.0000000000
3930  -29.732  -71.301  -7.078 0.0000000000
120951  -30.265  -70.668  -8.642 0.0000000000
120952  -30.141  -70.626  -7.878 0.0000000000
57868  -30.507  -69.859  -9.501 0.0000000000
25506  -30.428  -69.831  -8.716 0.0000000000
120953  -30.302  -69.747  -7.924 0.0000000000
105311  -29.924  -70.415  -7.136 0.0000000000
17547  -30.144  -69.548  -7.249 0.0000000000
57870  -30.563  -69.021  -8.757 0.0000000000
120954  -30.438  -68.920  -7.999 0.0000000000
143980  -29.453  -78.510  -9.545 0.0000000000
143982  -29.351  -77.944  -9.549 0.0000000000
75651  -29.196  -77.355  -9.593 0.0000000000
34311  -29.099  -78.161  -9.035 0.0000000000
75656  -28.861  -74.965  -10.419 0.0000000000
34313  -28.686  -75.831  -9.526 0.0000000000
143991  -28.649  -76.613  -8.687 0.0000000000
75659  -28.444  -76.699  -8.057 0.0000000000
143990  -28.651  -75.890  -8.901 0.0000000000
17546  -28.088  -74.178  -5.829 0.0000000000
75678  -29.001  -72.775  -6.391 0.0000000000
144015  -28.399  -73.395  -5.813 0.0000000000
34322  -28.663  -72.530  -5.803 0.0000000000
144016  -27.963  -73.082  -5.359 0.0000000000
105310  -27.655  -73.998  -5.350 0.0000000000
7997  -27.220  -73.642  -5.019 0.0000000000
144018  -28.250  -72.203  -5.319 0.0000000000
144019  -27.515  -72.756  -4.944 0.0000000000
34323  -27.822  -71.899  -4.945 0.0000000000
75681  -28.530  -71.357  -5.324 0.0000000000
144017  -28.943  -71.626  -5.806 0.0000000000
144020  -27.059  -72.397  -4.642 0.0000000000
75676  -26.714  -73.274  -4.682 0.0000000000
34321  -26.298  -72.894  -4.526 0.0000000000
75683  -27.396  -71.558  -4.675 0.0000000000
144021  -26.611  -72.029  -4.479 0.0000000000
34324  -26.986  -71.211  -4.512 0.0000000000
144022  -26.221  -71.706  -4.411 0.0000000000
144013  -25.831  -72.541  -4.430 0.0000000000
144023  -26.478  -70.867  -4.414 0.0000000000
1407  -25.337  -72.217  -4.442 0.0000000000
118415  -25.677  -71.349  -4.387 0.0000000000
24419  -26.055  -70.427  -4.402 0.0000000000
75685  -27.348  -70.341  -4.567 0.0000000000
144024  -26.829  -69.943  -4.484 0.0000000000
34325  -27.608  -69.458  -4.666 0.0000000000
144025  -27.193  -69.041  -4.604 0.0000000000
56057  -26.388  -69.564  -4.505 0.0000000000
3327  -26.727  -68.659  -4.632 0.0000000000
144027  -27.981  -68.532  -4.819 0.0000000000
144028  -27.519  -68.130  -4.734 0.0000000000
34326  -28.295  -67.648  -5.001 0.0000000000
75688  -28.742  -68.011  -5.174 0.0000000000
144026  -28.456  -68.870  -5.025 0.0000000000
144029  -27.912  -67.246  -4.922 0.0000000000
93539  -27.086  -67.734  -4.786 0.0000000000
11007  -27.483  -66.776  -4.965 0.0000000000
75690  -28.683  -66.755  -5.201 0.0000000000
144030  -28.208  -66.360  -5.123 0.0000000000
35999  -32.005  -77.625  -11.122 0.0000000000
148978  -31.386  -78.700  -10.762 0.0000000000
79787  -32.611  -76.694  -11.757 0.0000000000
36000  -33.132  -75.888  -12.514 0.0000000000
148984  -33.588  -75.184  -13.297 0.0000000000
36001  -34.058  -74.548  -14.048 0.0000000000
79790  -34.256  -74.907  -13.656 0.0000000000
148983  -33.729  -75.599  -12.896 0.0000000000
79792  -34.686  -73.936  -14.732 0.0000000000
36002  -35.346  -73.334  -15.367 0.0000000000
148996  -36.066  -72.698  -15.867 0.0000000000
148997  -36.047  -72.175  -16.007 0.0000000000
36005  -36.942  -72.002  -16.302 0.0000000000
79800  -36.912  -72.554  -16.150 0.0000000000
148995  -36.116  -73.198  -15.673 0.0000000000
148998  -37.004  -71.333  -16.420 0.0000000000
115989  -36.152  -71.535  -16.090 0.0000000000
36004  -36.884  -73.075  -15.999 0.0000000000
148994  -36.163  -73.684  -15.438 0.0000000000
79793  -35.429  -73.856  -15.113 0.0000000000
148993  -36.849  -73.579  -15.811 0.0000000000
148991  -36.191  -74.140  -15.143 0.0000000000
8580  -35.496  -74.275  -14.759 0.0000000000
79798  -37.666  -72.927  -16.293 0.0000000000
148992  -37.594  -73.479  -16.148 0.0000000000
36003  -36.786  -74.078  -15.564 0.0000000000
18920  -38.408  -72.734  -16.536 0.0000000000
107782  -38.298  -73.272  -16.429 0.0000000000
79796  -37.507  -73.963  -15.951 0.0000000000
148990  -36.161  -74.518  -14.815 0.0000000000
107780  -35.533  -74.660  -14.370 0.0000000000
79795  -36.781  -74.473  -15.239 0.0000000000
148989  -36.127  -74.856  -14.481 0.0000000000
18918  -35.562  -75.008  -13.968 0.0000000000
26327  -36.764  -74.826  -14.915 0.0000000000
122867  -36.116  -75.237  -14.096 0.0000000000
49638  -35.579  -75.394  -13.653 0.0000000000
18917  -34.386  -75.322  -13.284 0.0000000000
107777  -33.854  -76.008  -12.534 0.0000000000
79788  -33.221  -76.354  -12.148 0.0000000000
79785  -31.990  -78.269  -10.939 0.0000000000
148977  -31.300  -79.364  -10.795 0.0000000000
35998  -31.923  -78.898  -10.921 0.0000000000
148976  -31.174  -80.002  -10.934 0.0000000000
148975  -31.847  -79.526  -11.039 0.0000000000
148973  -31.027  -80.571  -11.299 0.0000000000
79783  -32.580  -78.479  -11.124 0.0000000000
148974  -32.474  -79.126  -11.185 0.0000000000
35997  -31.739  -80.145  -11.306 0.0000000000
18915  -33.131  -78.098  -11.421 0.0000000000
107773  -33.074  -78.780  -11.427 0.0000000000
79781  -32.358  -79.759  -11.387 0.0000000000
148972  -30.879  -81.078  -11.752 0.0000000000
79780  -31.516  -80.733  -11.778 0.0000000000
148971  -30.696  -81.572  -12.244 0.0000000000
35996  -31.343  -81.310  -12.240 0.0000000000
148970  -30.487  -82.067  -12.799 0.0000000000
148969  -31.241  -81.834  -12.664 0.0000000000
79778  -32.010  -80.997  -12.262 0.0000000000
148968  -31.863  -81.494  -12.766 0.0000000000
35995  -32.652  -80.666  -12.383 0.0000000000
148967  -32.543  -81.223  -12.827 0.0000000000
148966  -33.404  -80.300  -12.556 0.0000000000
148964  -33.263  -80.882  -12.948 0.0000000000
79776  -33.475  -79.696  -12.147 0.0000000000
148965  -34.186  -79.299  -12.382 0.0000000000
35994  -34.078  -79.942  -12.675 0.0000000000
18913  -34.267  -78.630  -12.171 0.0000000000
107769  -34.889  -78.358  -12.494 0.0000000000
79774  -34.803  -78.980  -12.630 0.0000000000
148963  -33.953  -80.501  -13.054 0.0000000000
107767  -33.181  -81.362  -13.369 0.0000000000
79773  -34.709  -79.618  -12.896 0.0000000000
148962  -34.603  -80.242  -13.268 0.0000000000
18911  -33.862  -81.030  -13.530 0.0000000000
26323  -35.365  -79.355  -13.177 0.0000000000
122857  -35.311  -79.949  -13.502 0.0000000000
49631  -34.537  -80.721  -13.704 0.0000000000
17550  -29.108  -68.380  -5.397 0.0000000000
105316  -28.806  -69.327  -5.219 0.0000000000
75686  -28.141  -69.794  -4.828 0.0000000000
17548  -29.216  -70.723  -5.889 0.0000000000
105312  -29.482  -71.075  -6.431 0.0000000000
75679  -29.231  -71.929  -6.389 0.0000000000
144012  -25.449  -73.443  -4.496 0.0000000000
46457  -25.012  -73.059  -4.474 0.0000000000
75675  -25.949  -73.772  -4.598 0.0000000000
144011  -25.086  -74.281  -4.612 0.0000000000
15737  -24.599  -73.981  -4.563 0.0000000000
34320  -25.632  -74.656  -4.702 0.0000000000
144010  -24.779  -75.124  -4.713 0.0000000000
102053  -24.214  -74.818  -4.699 0.0000000000
144009  -25.324  -75.477  -4.807 0.0000000000
144007  -24.399  -75.960  -4.829 0.0000000000
7139  -23.920  -75.623  -4.890 0.0000000000
75673  -26.047  -75.044  -4.843 0.0000000000
144008  -25.698  -75.882  -4.935 0.0000000000
17545  -26.569  -75.317  -5.082 0.0000000000
105307  -26.199  -76.110  -5.140 0.0000000000
70247  -23.552  -76.420  -5.059 0.0000000000
17541  -28.477  -75.940  -8.222 0.0000000000
105299  -28.769  -75.088  -9.075 0.0000000000
75657  -28.770  -75.074  -9.763 0.0000000000
122866  -36.057  -75.590  -13.855 0.0000000000
1999  -35.571  -75.821  -13.387 0.0000000000
122868  -36.707  -75.158  -14.591 0.0000000000
26326  -36.583  -75.567  -14.271 0.0000000000
122865  -36.025  -76.010  -13.651 0.0000000000
49632  -35.510  -76.314  -13.165 0.0000000000
59235  -36.585  -75.997  -14.059 0.0000000000
122864  -36.047  -76.541  -13.479 0.0000000000
18912  -35.507  -76.825  -13.034 0.0000000000
26325  -36.615  -76.469  -13.903 0.0000000000
122863  -36.074  -77.201  -13.369 0.0000000000
107768  -35.495  -77.397  -12.946 0.0000000000
122862  -36.633  -76.997  -13.791 0.0000000000
122860  -36.061  -77.861  -13.285 0.0000000000
4385  -35.478  -78.032  -12.905 0.0000000000
59233  -37.177  -76.442  -14.200 0.0000000000
122861  -37.205  -76.955  -14.042 0.0000000000
26324  -36.648  -77.644  -13.685 0.0000000000
12065  -37.770  -76.396  -14.489 0.0000000000
95443  -37.810  -76.901  -14.279 0.0000000000
59231  -37.239  -77.531  -13.943 0.0000000000
122859  -36.033  -78.496  -13.273 0.0000000000
79772  -35.444  -78.708  -12.931 0.0000000000
59230  -36.628  -78.280  -13.647 0.0000000000
122858  -35.992  -79.127  -13.452 0.0000000000
26322  -36.608  -78.889  -13.681 0.0000000000
122856  -35.992  -79.728  -13.718 0.0000000000
982  -35.273  -80.496  -13.878 0.0000000000
132536  -36.009  -80.260  -14.014 0.0000000000
132537  -36.665  -79.445  -13.847 0.0000000000
118417  -25.215  -70.965  -4.451 0.0000000000
118416  -24.883  -71.815  -4.468 0.0000000000
107781  -38.869  -73.220  -16.550 0.0000000000
4387  -38.138  -73.818  -16.197 0.0000000000
107783  -39.105  -72.552  -16.703 0.0000000000
18919  -39.766  -72.327  -16.791 0.0000000000
122873  -38.672  -73.693  -16.386 0.0000000000
122874  -39.533  -72.929  -16.606 0.0000000000
107779  -34.996  -75.117  -13.608 0.0000000000
79789  -34.873  -74.753  -14.003 0.0000000000
49637  -35.042  -75.533  -13.263 0.0000000000
107778  -34.465  -75.753  -12.934 0.0000000000
18916  -34.463  -76.226  -12.584 0.0000000000
107776  -33.866  -76.486  -12.231 0.0000000000
8579  -33.274  -76.825  -11.852 0.0000000000
107775  -33.818  -77.077  -11.974 0.0000000000
79782  -33.250  -77.383  -11.609 0.0000000000
49635  -34.437  -76.766  -12.333 0.0000000000
107774  -33.764  -77.701  -11.792 0.0000000000
18914  -34.384  -77.352  -12.172 0.0000000000
107772  -33.711  -78.360  -11.734 0.0000000000
8578  -32.974  -79.453  -11.590 0.0000000000
107771  -34.311  -77.984  -12.101 0.0000000000
79775  -33.588  -79.042  -11.875 0.0000000000
49633  -34.974  -77.047  -12.535 0.0000000000
107770  -34.931  -77.658  -12.434 0.0000000000
105315  -29.188  -69.623  -5.565 0.0000000000
7998  -28.516  -70.198  -5.082 0.0000000000
105317  -29.446  -68.771  -5.709 0.0000000000
17549  -29.761  -69.054  -6.158 0.0000000000
105314  -29.471  -69.929  -6.006 0.0000000000
75680  -28.844  -70.528  -5.432 0.0000000000
48268  -29.985  -69.315  -6.654 0.0000000000
105313  -29.730  -70.188  -6.527 0.0000000000
105309  -27.365  -74.747  -5.367 0.0000000000
75672  -26.909  -74.497  -5.041 0.0000000000
48265  -27.745  -74.934  -5.815 0.0000000000
105308  -27.015  -75.531  -5.394 0.0000000000
17544  -27.398  -75.760  -5.839 0.0000000000
105306  -26.672  -76.333  -5.475 0.0000000000
105305  -27.063  -76.545  -5.882 0.0000000000
48263  -27.707  -75.892  -6.378 0.0000000000
105304  -27.376  -76.667  -6.405 0.0000000000
17542  -27.978  -75.904  -7.007 0.0000000000
105302  -27.727  -76.713  -6.913 0.0000000000
105301  -28.230  -76.000  -7.588 0.0000000000
75658  -28.080  -76.826  -7.481 0.0000000000
48261  -28.470  -75.167  -7.704 0.0000000000
105300  -28.628  -75.146  -8.364 0.0000000000
102055  -23.783  -74.419  -4.685 0.0000000000
102054  -23.439  -75.199  -4.875 0.0000000000
95442  -38.381  -76.751  -14.348 0.0000000000
4384  -37.861  -77.406  -14.099 0.0000000000
95444  -38.359  -76.275  -14.599 0.0000000000
12064  -38.893  -76.098  -14.486 0.0000000000
132542  -38.403  -77.203  -14.125 0.0000000000
132543  -38.848  -76.520  -14.216 0.0000000000
93541  -26.690  -67.222  -4.961 0.0000000000
93540  -26.280  -68.156  -4.803 0.0000000000
79799  -37.761  -72.298  -16.438 0.0000000000
79801  -37.818  -71.743  -16.564 0.0000000000
8581  -38.671  -71.486  -16.768 0.0000000000
79797  -38.542  -72.114  -16.639 0.0000000000
107784  -39.308  -71.935  -16.875 0.0000000000
107785  -39.494  -71.347  -17.067 0.0000000000
79794  -37.387  -74.359  -15.668 0.0000000000
122869  -37.297  -74.696  -15.301 0.0000000000
122870  -37.955  -74.299  -15.910 0.0000000000
79791  -34.783  -74.362  -14.394 0.0000000000
79786  -32.652  -77.223  -11.458 0.0000000000
79784  -32.646  -77.811  -11.226 0.0000000000
79779  -32.185  -80.420  -11.770 0.0000000000
79777  -32.824  -80.096  -11.912 0.0000000000
75687  -29.388  -67.531  -5.581 0.0000000000
75689  -29.037  -67.143  -5.361 0.0000000000
75684  -27.754  -70.715  -4.746 0.0000000000
75682  -28.161  -71.070  -4.984 0.0000000000
75674  -26.411  -74.178  -4.780 0.0000000000
75652  -28.995  -77.605  -9.051 0.0000000000
70249  -23.089  -76.014  -5.168 0.0000000000
70248  -22.717  -76.791  -5.404 0.0000000000
59234  -37.151  -75.948  -14.410 0.0000000000
59236  -37.135  -75.447  -14.687 0.0000000000
4386  -37.743  -75.481  -15.009 0.0000000000
59232  -37.763  -75.932  -14.729 0.0000000000
95445  -38.377  -75.833  -14.880 0.0000000000
95446  -38.373  -75.402  -15.178 0.0000000000
59229  -37.237  -78.085  -13.856 0.0000000000
132538  -37.259  -78.609  -13.832 0.0000000000
132539  -37.875  -77.868  -13.958 0.0000000000
57867  -30.621  -69.008  -10.341 0.0000000000
57869  -30.611  -69.076  -9.534 0.0000000000
57864  -29.805  -72.075  -9.327 0.0000000000
57862  -29.720  -72.047  -10.114 0.0000000000
56059  -25.850  -69.200  -4.622 0.0000000000
56058  -25.517  -70.097  -4.521 0.0000000000
49636  -35.024  -75.997  -12.975 0.0000000000
49634  -35.015  -76.491  -12.734 0.0000000000
49629  -34.525  -81.171  -14.107 0.0000000000
49630  -33.816  -81.469  -13.966 0.0000000000
18909  -33.814  -81.857  -14.342 0.0000000000
132526  -34.543  -81.607  -14.469 0.0000000000
132527  -35.264  -80.951  -14.275 0.0000000000
48267  -30.371  -68.712  -7.379 0.0000000000
48269  -30.251  -68.471  -6.816 0.0000000000
48264  -28.041  -75.093  -6.405 0.0000000000
48262  -28.308  -75.171  -7.021 0.0000000000
46459  -24.552  -72.680  -4.487 0.0000000000
46458  -24.201  -73.570  -4.570 0.0000000000
79802  -37.887  -71.148  -16.681 0.0000000000
59237  -37.204  -75.061  -14.968 0.0000000000
49640  -40.049  -71.664  -16.982 0.0000000000
49639  -40.614  -71.432  -16.920 0.0000000000
122875  -40.352  -72.084  -16.659 0.0000000000
132525  -33.857  -82.239  -14.643 0.0000000000
105318  -29.722  -67.924  -5.873 0.0000000000
48270  -30.005  -68.235  -6.285 0.0000000000
42785  -38.935  -75.662  -14.804 0.0000000000
42784  -39.396  -75.351  -14.509 0.0000000000
132544  -39.317  -75.735  -14.209 0.0000000000
41728  -27.040  -66.314  -5.145 0.0000000000
41727  -27.833  -65.871  -5.184 0.0000000000
79803  -38.785  -70.875  -16.919 0.0000000000
107786  -39.645  -70.716  -17.141 0.0000000000
59238  -37.747  -75.057  -15.293 0.0000000000
95447  -38.375  -74.991  -15.482 0.0000000000
93542  -26.215  -66.763  -5.234 0.0000000000
11009  -26.559  -65.867  -5.460 0.0000000000
41729  -27.341  -65.433  -5.363 0.0000000000
42786  -39.509  -74.941  -14.868 0.0000000000
446  -39.862  -74.518  -14.432 0.0000000000
132545  -39.699  -74.891  -14.109 0.0000000000
12066  -38.979  -75.213  -15.144 0.0000000000
42788  -39.999  -74.156  -14.796 0.0000000000
42787  -39.589  -74.531  -15.230 0.0000000000
95449  -39.671  -74.124  -15.587 0.0000000000
12068  -40.097  -73.788  -15.191 0.0000000000
95448  -39.015  -74.780  -15.453 0.0000000000
161871  -40.185  -73.790  -14.233 0.0000000000
161872  -40.356  -73.403  -14.642 0.0000000000
102056  -23.309  -74.082  -4.751 0.0000000000
15739  -23.614  -73.254  -4.667 0.0000000000
137374  -23.999  -72.386  -4.632 0.0000000000
49641  -40.888  -70.734  -17.140 0.0000000000
2000  -41.341  -70.477  -16.954 0.0000000000
122876  -41.093  -71.119  -16.704 0.0000000000
18921  -40.280  -71.055  -17.173 0.0000000000
49643  -41.600  -69.794  -17.199 0.0000000000
49642  -41.113  -70.057  -17.335 0.0000000000
118418  -24.739  -70.574  -4.658 0.0000000000
24421  -25.040  -69.641  -4.776 0.0000000000
118420  -25.472  -68.640  -4.932 0.0000000000
26328  -37.781  -74.659  -15.587 0.0000000000
122871  -38.438  -74.577  -15.787 0.0000000000
137366  -22.017  -77.141  -5.812 0.0000000000
32017  -22.312  -76.452  -5.486 0.0000000000
137368  -22.667  -75.691  -5.195 0.0000000000
11008  -25.850  -67.716  -5.063 0.0000000000
93543  -25.841  -66.277  -5.670 0.0000000000
56060  -25.433  -67.221  -5.518 0.0000000000
93545  -26.237  -65.401  -5.893 0.0000000000
3329  -25.097  -66.747  -6.013 0.0000000000
93544  -25.552  -65.789  -6.175 0.0000000000
118430  -25.250  -65.429  -6.751 0.0000000000
11010  -25.891  -64.981  -6.366 0.0000000000
56066  -24.829  -66.287  -6.586 0.0000000000
41730  -26.954  -64.973  -5.670 0.0000000000
93546  -26.617  -64.542  -6.039 0.0000000000
12067  -39.101  -74.363  -15.792 0.0000000000
95450  -40.275  -73.364  -15.576 0.0000000000
59239  -39.765  -73.724  -15.931 0.0000000000
4388  -40.462  -72.900  -15.922 0.0000000000
161873  -40.565  -72.975  -15.058 0.0000000000
161874  -40.824  -72.497  -15.464 0.0000000000
15738  -22.967  -74.933  -4.936 0.0000000000
102057  -22.811  -73.722  -4.925 0.0000000000
70250  -22.482  -74.581  -5.059 0.0000000000
7141  -22.083  -74.182  -5.306 0.0000000000
137375  -23.221  -72.820  -4.861 0.0000000000
137376  -22.462  -73.279  -5.210 0.0000000000
107787  -40.476  -70.379  -17.329 0.0000000000
24420  -24.368  -71.496  -4.615 0.0000000000
118419  -24.305  -70.067  -4.958 0.0000000000
70255  -23.928  -71.025  -4.880 0.0000000000
3328  -23.522  -70.538  -5.238 0.0000000000
118421  -24.654  -69.104  -5.139 0.0000000000
118422  -23.883  -69.623  -5.379 0.0000000000
56061  -25.044  -68.190  -5.295 0.0000000000
24422  -24.302  -68.653  -5.573 0.0000000000
118423  -23.545  -69.062  -5.917 0.0000000000
102058  -23.192  -70.056  -5.731 0.0000000000
15740  -22.879  -69.464  -6.301 0.0000000000
56063  -23.945  -68.161  -6.141 0.0000000000
118424  -23.299  -68.544  -6.537 0.0000000000
24423  -23.703  -67.564  -6.819 0.0000000000
118425  -23.065  -68.020  -7.253 0.0000000000
46460  -22.645  -68.959  -7.004 0.0000000000
118427  -23.573  -67.076  -7.505 0.0000000000
1409  -22.458  -68.474  -7.791 0.0000000000
118426  -22.920  -67.511  -8.007 0.0000000000
137402  -22.729  -67.102  -8.730 0.0000000000
24424  -23.397  -66.630  -8.211 0.0000000000
46466  -22.366  -68.025  -8.534 0.0000000000
56065  -24.183  -66.680  -7.028 0.0000000000
118428  -23.975  -66.198  -7.721 0.0000000000
24425  -24.608  -65.805  -7.234 0.0000000000
118429  -24.365  -65.284  -7.827 0.0000000000
70277  -23.729  -65.693  -8.355 0.0000000000
56068  -25.652  -64.512  -6.908 0.0000000000
118431  -25.010  -64.906  -7.351 0.0000000000
122872  -38.537  -74.142  -16.112 0.0000000000
59240  -39.202  -73.943  -16.122 0.0000000000
26329  -39.342  -73.480  -16.429 0.0000000000
59242  -40.128  -72.705  -16.447 0.0000000000
26330  -40.863  -71.731  -16.459 0.0000000000
161879  -41.382  -70.861  -16.356 0.0000000000
161880  -41.578  -70.312  -16.618 0.0000000000
30232  -33.877  -82.729  -14.944 0.0000000000
66427  -34.581  -82.036  -14.733 0.0000000000
30233  -35.302  -81.417  -14.570 0.0000000000
132535  -36.027  -80.712  -14.341 0.0000000000
30236  -36.742  -79.943  -14.071 0.0000000000
66435  -36.808  -80.429  -14.308 0.0000000000
132534  -36.087  -81.179  -14.571 0.0000000000
66437  -37.308  -79.119  -13.872 0.0000000000
30237  -37.916  -78.350  -13.879 0.0000000000
132541  -38.434  -77.639  -13.944 0.0000000000
30238  -38.858  -76.911  -13.985 0.0000000000
66440  -38.892  -77.377  -13.834 0.0000000000
132540  -38.473  -78.102  -13.867 0.0000000000
66442  -39.274  -76.130  -13.954 0.0000000000
30239  -39.609  -75.285  -13.846 0.0000000000
161843  -39.864  -74.584  -13.607 0.0000000000
161844  -40.025  -74.157  -13.873 0.0000000000
137367  -21.665  -76.862  -5.928 0.0000000000
137369  -21.953  -76.192  -5.602 0.0000000000
137370  -21.331  -76.674  -6.152 0.0000000000
70251  -22.191  -75.431  -5.269 0.0000000000
32018  -21.509  -75.921  -5.789 0.0000000000
137371  -20.942  -76.382  -6.310 0.0000000000
22735  -20.433  -76.855  -6.907 0.0000000000
70253  -21.170  -75.573  -6.012 0.0000000000
137372  -20.620  -76.105  -6.571 0.0000000000
32019  -20.831  -75.301  -6.271 0.0000000000
137373  -20.319  -75.801  -6.859 0.0000000000
53455  -20.087  -76.666  -7.174 0.0000000000
1408  -19.866  -76.345  -7.468 0.0000000000
137381  -20.518  -74.913  -6.660 0.0000000000
137382  -20.052  -75.458  -7.228 0.0000000000
70256  -23.572  -71.920  -4.877 0.0000000000
32020  -22.775  -72.392  -5.168 0.0000000000
137378  -22.083  -72.854  -5.535 0.0000000000
137379  -21.743  -73.807  -5.650 0.0000000000
32021  -21.423  -73.356  -5.965 0.0000000000
70259  -21.737  -72.372  -5.930 0.0000000000
137377  -22.386  -71.931  -5.536 0.0000000000
137380  -21.107  -74.325  -6.089 0.0000000000
70254  -21.406  -74.704  -5.770 0.0000000000
70261  -20.809  -73.868  -6.477 0.0000000000
32022  -20.284  -74.448  -7.018 0.0000000000
137383  -19.781  -75.063  -7.621 0.0000000000
128212  -19.634  -76.023  -7.817 0.0000000000
28618  -19.383  -75.688  -8.229 0.0000000000
70263  -20.009  -73.981  -7.427 0.0000000000
137384  -19.578  -74.647  -8.052 0.0000000000
32023  -19.766  -73.568  -8.007 0.0000000000
137385  -19.328  -74.220  -8.560 0.0000000000
63055  -19.185  -75.219  -8.618 0.0000000000
5660  -18.877  -74.809  -9.082 0.0000000000
137387  -19.628  -73.034  -8.620 0.0000000000
137388  -19.139  -73.750  -9.124 0.0000000000
32024  -19.421  -72.737  -9.315 0.0000000000
70266  -19.990  -72.029  -8.826 0.0000000000
137386  -20.073  -72.397  -8.066 0.0000000000
137389  -18.844  -73.398  -9.682 0.0000000000
97738  -18.538  -74.439  -9.494 0.0000000000
13340  -18.127  -74.057  -9.779 0.0000000000
70268  -19.208  -72.395  -9.963 0.0000000000
137390  -18.506  -73.089  -10.112 0.0000000000
32025  -18.969  -72.110  -10.466 0.0000000000
137391  -18.255  -72.685  -10.382 0.0000000000
44060  -17.813  -73.710  -10.019 0.0000000000
137393  -18.676  -71.731  -10.714 0.0000000000
629  -17.466  -73.370  -10.126 0.0000000000
137392  -17.935  -72.298  -10.482 0.0000000000
162817  -17.657  -71.936  -10.385 0.0000000000
32026  -18.341  -71.279  -10.743 0.0000000000
44066  -17.199  -72.954  -10.111 0.0000000000
70270  -19.437  -71.134  -10.828 0.0000000000
137394  -18.991  -70.735  -10.965 0.0000000000
32027  -19.702  -70.123  -11.061 0.0000000000
137395  -19.357  -69.681  -11.151 0.0000000000
91307  -18.713  -70.243  -10.874 0.0000000000
7144  -18.983  -69.182  -11.138 0.0000000000
137397  -20.092  -69.029  -11.146 0.0000000000
137398  -19.721  -68.535  -11.251 0.0000000000
32028  -20.419  -67.873  -11.231 0.0000000000
70273  -20.824  -68.329  -10.936 0.0000000000
137396  -20.470  -69.389  -10.808 0.0000000000
137399  -19.978  -67.365  -11.353 0.0000000000
114689  -19.272  -68.080  -11.227 0.0000000000
15746  -22.131  -67.623  -9.304 0.0000000000
70278  -23.059  -66.109  -8.901 0.0000000000
137403  -22.459  -66.605  -9.483 0.0000000000
40296  -40.062  -73.860  -13.363 0.0000000000
90494  -39.884  -74.310  -13.107 0.0000000000
161842  -39.739  -75.055  -13.379 0.0000000000
161870  -40.250  -73.448  -13.676 0.0000000000
40305  -40.461  -73.037  -14.041 0.0000000000
90517  -40.491  -72.619  -13.478 0.0000000000
161869  -40.250  -73.069  -13.114 0.0000000000
90519  -40.710  -72.583  -14.435 0.0000000000
40306  -40.943  -72.080  -14.886 0.0000000000
161876  -41.145  -71.571  -15.307 0.0000000000
161877  -41.019  -71.997  -15.800 0.0000000000
40307  -41.314  -71.063  -15.673 0.0000000000
90522  -41.268  -70.619  -15.037 0.0000000000
161875  -41.070  -71.156  -14.651 0.0000000000
161878  -41.202  -71.444  -16.090 0.0000000000
59243  -40.660  -72.373  -16.230 0.0000000000
90524  -41.478  -70.523  -15.903 0.0000000000
40308  -41.677  -69.952  -16.143 0.0000000000
161888  -41.925  -69.354  -16.415 0.0000000000
161889  -41.862  -69.651  -16.898 0.0000000000
13346  -16.882  -72.576  -10.031 0.0000000000
91308  -18.005  -70.875  -10.551 0.0000000000
162818  -17.346  -71.491  -10.195 0.0000000000
40621  -17.683  -70.393  -10.320 0.0000000000
162819  -16.979  -71.027  -10.024 0.0000000000
97750  -16.555  -72.148  -9.854 0.0000000000
5666  -16.174  -71.593  -9.810 0.0000000000
162821  -17.262  -69.935  -10.240 0.0000000000
162822  -16.479  -70.617  -9.942 0.0000000000
40622  -16.793  -69.542  -10.107 0.0000000000
91311  -17.386  -68.919  -10.439 0.0000000000
162820  -17.858  -69.228  -10.561 0.0000000000
162823  -15.946  -70.176  -9.800 0.0000000000
63076  -15.587  -71.252  -9.718 0.0000000000
28630  -15.116  -70.769  -9.610 0.0000000000
91313  -16.267  -69.075  -9.785 0.0000000000
162824  -15.544  -69.696  -9.519 0.0000000000
40623  -15.898  -68.783  -9.374 0.0000000000
162825  -15.152  -69.337  -9.068 0.0000000000
128242  -14.631  -70.289  -9.334 0.0000000000
2524  -14.333  -70.103  -8.879 0.0000000000
162833  -15.713  -68.537  -8.872 0.0000000000
162834  -15.033  -69.269  -8.587 0.0000000000
40626  -15.615  -68.629  -8.267 0.0000000000
91321  -16.196  -67.968  -8.579 0.0000000000
162832  -16.273  -67.967  -9.178 0.0000000000
162835  -14.958  -69.420  -8.003 0.0000000000
53476  -14.189  -70.112  -8.313 0.0000000000
22756  -14.203  -70.250  -7.772 0.0000000000
91323  -15.726  -68.820  -7.643 0.0000000000
162836  -15.034  -69.646  -7.440 0.0000000000
40627  -15.700  -69.077  -7.140 0.0000000000
162837  -15.185  -69.817  -6.927 0.0000000000
114688  -14.322  -70.353  -7.210 0.0000000000
10128  -14.463  -70.550  -6.597 0.0000000000
162839  -15.854  -69.308  -6.445 0.0000000000
162840  -15.285  -70.032  -6.172 0.0000000000
40628  -15.924  -69.430  -5.818 0.0000000000
91326  -16.349  -68.714  -6.159 0.0000000000
162838  -16.379  -68.516  -6.772 0.0000000000
162841  -15.365  -70.139  -5.507 0.0000000000
91306  -14.639  -70.720  -5.915 0.0000000000
40620  -14.732  -70.735  -5.188 0.0000000000
91328  -15.962  -69.502  -5.124 0.0000000000
162842  -15.415  -70.090  -4.834 0.0000000000
40629  -15.882  -69.323  -4.517 0.0000000000
162843  -15.287  -69.855  -4.220 0.0000000000
162816  -14.787  -70.590  -4.504 0.0000000000
162844  -15.662  -69.061  -4.023 0.0000000000
627  -14.652  -70.280  -3.863 0.0000000000
44048  -15.059  -69.508  -3.689 0.0000000000
13328  -15.371  -68.691  -3.579 0.0000000000
91330  -16.181  -68.559  -4.376 0.0000000000
162845  -15.931  -68.290  -3.941 0.0000000000
40630  -16.386  -67.823  -4.356 0.0000000000
162846  -16.025  -67.532  -4.058 0.0000000000
97718  -15.544  -67.915  -3.668 0.0000000000
22763  -16.881  -67.938  -6.451 0.0000000000
114699  -16.833  -67.736  -7.126 0.0000000000
91324  -16.265  -68.303  -7.363 0.0000000000
40625  -16.761  -67.326  -9.000 0.0000000000
162831  -16.790  -67.424  -9.561 0.0000000000
91314  -16.557  -68.203  -9.754 0.0000000000
162830  -17.293  -66.531  -9.361 0.0000000000
162828  -17.403  -66.731  -9.977 0.0000000000
10129  -17.152  -67.555  -10.134 0.0000000000
91319  -17.240  -66.720  -8.763 0.0000000000
162829  -17.754  -65.949  -9.121 0.0000000000
40624  -17.812  -65.867  -9.734 0.0000000000
162827  -18.013  -65.887  -10.306 0.0000000000
114693  -17.662  -66.797  -10.490 0.0000000000
22758  -18.031  -68.283  -10.814 0.0000000000
114690  -18.533  -68.720  -10.961 0.0000000000
91309  -18.248  -69.806  -10.744 0.0000000000
162815  -14.103  -71.186  -4.828 0.0000000000
137333  -14.057  -70.996  -4.124 0.0000000000
91305  -13.921  -71.203  -5.565 0.0000000000
162814  -13.252  -71.597  -5.153 0.0000000000
32003  -13.306  -71.545  -4.407 0.0000000000
40619  -13.014  -71.608  -5.868 0.0000000000
162813  -12.346  -71.972  -5.406 0.0000000000
70223  -12.559  -71.933  -4.706 0.0000000000
162812  -12.063  -71.957  -6.069 0.0000000000
162810  -11.416  -72.319  -5.577 0.0000000000
7133  -11.738  -72.268  -4.914 0.0000000000
91303  -12.834  -71.489  -6.524 0.0000000000
162811  -11.909  -71.845  -6.722 0.0000000000
40618  -11.147  -72.281  -6.235 0.0000000000
22755  -12.603  -71.356  -7.173 0.0000000000
114685  -11.718  -71.883  -7.394 0.0000000000
91301  -10.906  -72.350  -6.890 0.0000000000
162809  -10.512  -72.693  -5.700 0.0000000000
102038  -10.888  -72.693  -5.033 0.0000000000
91300  -10.199  -72.751  -6.335 0.0000000000
162808  -9.693  -73.207  -5.713 0.0000000000
15728  -10.080  -73.095  -5.110 0.0000000000
40617  -9.429  -73.397  -6.307 0.0000000000
162807  -9.156  -73.844  -5.648 0.0000000000
46448  -9.464  -73.660  -5.076 0.0000000000
162806  -8.927  -74.215  -6.126 0.0000000000
162798  -8.857  -74.668  -5.408 0.0000000000
1403  -9.065  -74.309  -4.912 0.0000000000
91298  -9.315  -73.728  -6.828 0.0000000000
162805  -8.917  -74.643  -6.544 0.0000000000
40614  -8.724  -75.068  -5.890 0.0000000000
40616  -9.429  -74.165  -7.272 0.0000000000
162804  -9.182  -75.087  -6.968 0.0000000000
91291  -8.908  -75.500  -6.280 0.0000000000
162803  -9.807  -74.631  -7.751 0.0000000000
162801  -9.784  -75.450  -7.463 0.0000000000
10126  -9.396  -75.810  -6.677 0.0000000000
91296  -10.255  -73.654  -7.984 0.0000000000
162802  -10.777  -74.078  -8.413 0.0000000000
40615  -10.464  -75.020  -8.080 0.0000000000
22753  -11.232  -73.092  -8.563 0.0000000000
114681  -11.731  -73.513  -8.844 0.0000000000
91294  -11.393  -74.430  -8.628 0.0000000000
162797  -8.787  -75.422  -5.203 0.0000000000
118403  -8.892  -75.041  -4.691 0.0000000000
91290  -8.840  -75.895  -5.606 0.0000000000
162796  -8.882  -76.158  -4.901 0.0000000000
24413  -8.804  -75.743  -4.452 0.0000000000
162795  -9.082  -76.809  -4.472 0.0000000000
56048  -8.807  -76.414  -4.144 0.0000000000
22494  -41.096  -70.115  -14.408 0.0000000000
114216  -40.954  -70.679  -14.043 0.0000000000
90520  -40.936  -71.585  -14.232 0.0000000000
40304  -40.387  -72.205  -12.970 0.0000000000
161868  -40.177  -72.740  -12.648 0.0000000000
90495  -40.065  -73.550  -12.804 0.0000000000
40295  -39.793  -74.838  -12.905 0.0000000000
161841  -39.684  -75.564  -13.178 0.0000000000
66443  -39.565  -75.746  -13.629 0.0000000000
161840  -39.819  -75.378  -12.774 0.0000000000
161838  -39.761  -76.085  -13.108 0.0000000000
6377  -39.565  -76.260  -13.464 0.0000000000
90492  -39.833  -74.614  -12.449 0.0000000000
161839  -39.912  -75.181  -12.349 0.0000000000
40294  -39.952  -75.908  -12.717 0.0000000000
22484  -39.903  -74.420  -12.042 0.0000000000
114198  -39.990  -74.988  -11.977 0.0000000000
90490  -40.071  -75.721  -12.360 0.0000000000
161837  -39.934  -76.627  -13.096 0.0000000000
99770  -39.631  -76.831  -13.388 0.0000000000
90489  -40.145  -76.479  -12.768 0.0000000000
161836  -40.195  -77.185  -13.136 0.0000000000
14468  -39.824  -77.373  -13.383 0.0000000000
40293  -40.430  -76.999  -12.830 0.0000000000
161835  -40.440  -77.702  -13.215 0.0000000000
45188  -40.028  -77.896  -13.425 0.0000000000
161834  -40.755  -77.489  -12.898 0.0000000000
161826  -40.720  -78.161  -13.279 0.0000000000
983  -40.214  -78.414  -13.515 0.0000000000
90487  -40.653  -76.780  -12.467 0.0000000000
161833  -41.009  -77.251  -12.534 0.0000000000
40290  -41.079  -77.927  -12.950 0.0000000000
40292  -40.854  -76.559  -12.073 0.0000000000
161832  -41.216  -76.970  -12.113 0.0000000000
90480  -41.358  -77.654  -12.544 0.0000000000
161831  -41.024  -76.224  -11.618 0.0000000000
161829  -41.453  -76.588  -11.577 0.0000000000
10018  -41.609  -77.283  -12.045 0.0000000000
90485  -40.675  -75.828  -11.629 0.0000000000
161830  -40.855  -75.471  -11.180 0.0000000000
40291  -41.257  -75.853  -11.144 0.0000000000
22482  -40.483  -75.049  -11.230 0.0000000000
114194  -40.651  -74.726  -10.797 0.0000000000
90483  -41.031  -75.137  -10.745 0.0000000000
161828  -41.690  -76.188  -11.119 0.0000000000
114192  -41.887  -76.905  -11.520 0.0000000000
90482  -41.437  -75.454  -10.711 0.0000000000
161827  -41.870  -75.690  -10.679 0.0000000000
22480  -42.131  -76.424  -11.055 0.0000000000
28464  -41.593  -75.027  -10.289 0.0000000000
127854  -42.023  -75.199  -10.250 0.0000000000
53200  -42.315  -75.881  -10.644 0.0000000000
161825  -41.017  -78.584  -13.325 0.0000000000
116639  -40.476  -78.859  -13.569 0.0000000000
90479  -41.410  -78.314  -12.944 0.0000000000
161824  -41.334  -78.977  -13.325 0.0000000000
23657  -40.763  -79.272  -13.584 0.0000000000
40289  -41.762  -78.658  -12.954 0.0000000000
161823  -41.683  -79.316  -13.349 0.0000000000
54788  -41.077  -79.665  -13.581 0.0000000000
161822  -42.143  -78.941  -12.975 0.0000000000
161820  -42.046  -79.638  -13.345 0.0000000000
2903  -41.415  -80.045  -13.607 0.0000000000
90477  -42.123  -78.297  -12.467 0.0000000000
161821  -42.545  -78.539  -12.414 0.0000000000
40288  -42.550  -79.217  -12.915 0.0000000000
22479  -42.470  -77.877  -11.930 0.0000000000
114189  -42.958  -78.032  -11.873 0.0000000000
90475  -42.964  -78.764  -12.342 0.0000000000
161819  -42.429  -79.925  -13.279 0.0000000000
92777  -41.734  -80.388  -13.575 0.0000000000
90474  -42.914  -79.522  -12.815 0.0000000000
161818  -42.682  -80.324  -13.150 0.0000000000
10583  -42.009  -80.755  -13.497 0.0000000000
40287  -43.224  -79.858  -12.667 0.0000000000
161817  -42.851  -80.759  -12.976 0.0000000000
41303  -42.186  -81.227  -13.378 0.0000000000
161816  -43.381  -80.230  -12.453 0.0000000000
161736  -42.922  -81.242  -12.759 0.0000000000
88  -42.261  -81.724  -13.242 0.0000000000
90472  -43.578  -79.285  -12.086 0.0000000000
161815  -43.650  -79.656  -11.931 0.0000000000
40260  -43.340  -80.705  -12.262 0.0000000000
40286  -43.817  -78.653  -11.544 0.0000000000
161814  -43.818  -79.008  -11.374 0.0000000000
90405  -43.603  -80.099  -11.751 0.0000000000
161813  -43.914  -78.055  -11.045 0.0000000000
161811  -43.873  -78.434  -10.919 0.0000000000
10008  -43.745  -79.425  -11.270 0.0000000000
90470  -43.885  -77.761  -11.175 0.0000000000
161812  -44.000  -77.281  -10.657 0.0000000000
40285  -44.035  -77.598  -10.494 0.0000000000
22477  -43.846  -77.038  -10.780 0.0000000000
114185  -43.992  -76.569  -10.329 0.0000000000
90468  -44.056  -76.839  -10.201 0.0000000000
161810  -43.881  -78.000  -10.395 0.0000000000
114147  -43.788  -78.906  -10.798 0.0000000000
90467  -44.016  -77.077  -10.114 0.0000000000
161809  -43.948  -77.355  -10.026 0.0000000000
22455  -43.787  -78.311  -10.343 0.0000000000
40284  -44.049  -76.561  -9.702 0.0000000000
161808  -43.986  -76.858  -9.590 0.0000000000
53175  -43.866  -77.693  -9.930 0.0000000000
161807  -44.062  -76.072  -9.305 0.0000000000
161799  -43.985  -76.373  -9.166 0.0000000000
2484  -43.835  -77.220  -9.482 0.0000000000
90465  -44.065  -75.766  -9.407 0.0000000000
161806  -44.118  -75.296  -8.986 0.0000000000
40281  -44.105  -75.572  -8.834 0.0000000000
40283  -44.059  -75.018  -9.109 0.0000000000
161805  -44.184  -74.610  -8.716 0.0000000000
90458  -44.233  -74.818  -8.488 0.0000000000
161798  -43.963  -75.841  -8.595 0.0000000000
127821  -43.818  -76.694  -8.986 0.0000000000
90457  -44.103  -75.107  -8.247 0.0000000000
161797  -43.841  -75.451  -8.008 0.0000000000
28449  -43.665  -76.257  -8.346 0.0000000000
161735  -42.807  -81.678  -12.563 0.0000000000
139328  -42.229  -82.179  -13.043 0.0000000000
90404  -43.217  -81.088  -12.065 0.0000000000
161734  -42.611  -82.027  -12.310 0.0000000000
32702  -42.105  -82.583  -12.782 0.0000000000
40259  -43.027  -81.407  -11.836 0.0000000000
161733  -42.412  -82.337  -12.024 0.0000000000
71843  -41.896  -82.922  -12.527 0.0000000000
161732  -42.827  -81.725  -11.568 0.0000000000
161730  -42.255  -82.616  -11.710 0.0000000000
7400  -41.758  -83.184  -12.205 0.0000000000
90402  -43.279  -80.770  -11.366 0.0000000000
161731  -43.088  -81.129  -11.084 0.0000000000
40258  -42.608  -82.042  -11.229 0.0000000000
22454  -43.445  -80.193  -10.856 0.0000000000
114144  -43.197  -80.568  -10.658 0.0000000000
90400  -42.882  -81.477  -10.809 0.0000000000
161729  -42.018  -82.930  -11.321 0.0000000000
103010  -41.614  -83.454  -11.844 0.0000000000
90399  -42.389  -82.356  -10.855 0.0000000000
161728  -41.795  -83.285  -10.920 0.0000000000
16268  -41.397  -83.799  -11.448 0.0000000000
40257  -42.162  -82.765  -10.472 0.0000000000
161727  -41.587  -83.674  -10.513 0.0000000000
46988  -41.178  -84.160  -11.016 0.0000000000
161726  -41.863  -83.181  -10.073 0.0000000000
161718  -41.335  -84.079  -10.060 0.0000000000
1526  -40.976  -84.517  -10.578 0.0000000000
90397  -42.368  -82.252  -10.055 0.0000000000
161725  -42.055  -82.724  -9.660 0.0000000000
40254  -41.586  -83.589  -9.670 0.0000000000
40256  -42.480  -81.837  -9.643 0.0000000000
161724  -42.184  -82.340  -9.261 0.0000000000
90390  -41.769  -83.196  -9.286 0.0000000000
161723  -42.501  -81.405  -9.127 0.0000000000
161721  -42.269  -81.879  -8.739 0.0000000000
10006  -41.881  -82.823  -8.856 0.0000000000
90395  -42.756  -80.919  -9.504 0.0000000000
161722  -42.722  -80.454  -8.944 0.0000000000
40255  -42.480  -80.963  -8.569 0.0000000000
22452  -42.941  -79.959  -9.325 0.0000000000
114140  -42.883  -79.463  -8.820 0.0000000000
90393  -42.624  -79.994  -8.441 0.0000000000
161720  -42.172  -81.467  -8.186 0.0000000000
114138  -41.903  -82.414  -8.328 0.0000000000
90392  -42.336  -80.516  -8.041 0.0000000000
161719  -42.020  -81.050  -7.637 0.0000000000
22450  -41.840  -81.961  -7.779 0.0000000000
28446  -42.097  -80.131  -7.484 0.0000000000
127812  -41.784  -80.598  -7.124 0.0000000000
53170  -41.699  -81.494  -7.254 0.0000000000
161717  -41.091  -84.452  -9.708 0.0000000000
119159  -40.786  -84.881  -10.137 0.0000000000
90389  -41.381  -83.993  -9.306 0.0000000000
161716  -40.833  -84.825  -9.393 0.0000000000
24737  -40.493  -85.219  -9.862 0.0000000000
40253  -41.070  -84.446  -8.891 0.0000000000
161715  -40.536  -85.228  -9.013 0.0000000000
56588  -40.220  -85.545  -9.526 0.0000000000
161714  -40.743  -84.874  -8.508 0.0000000000
161712  -40.217  -85.586  -8.655 0.0000000000
3503  -39.961  -85.858  -9.149 0.0000000000
90387  -41.234  -84.045  -8.448 0.0000000000
161713  -40.923  -84.444  -8.059 0.0000000000
40252  -40.415  -85.258  -8.165 0.0000000000
22449  -41.233  -83.685  -8.008 0.0000000000
114135  -40.929  -84.019  -7.575 0.0000000000
90385  -40.572  -84.802  -7.687 0.0000000000
161711  -39.923  -85.929  -8.330 0.0000000000
93857  -39.677  -86.181  -8.783 0.0000000000
90384  -40.107  -85.569  -7.842 0.0000000000
161710  -39.664  -86.267  -8.037 0.0000000000
11183  -39.436  -86.545  -8.498 0.0000000000
40251  -39.831  -85.869  -7.540 0.0000000000
161709  -39.406  -86.591  -7.801 0.0000000000
41903  -39.198  -86.913  -8.247 0.0000000000
161708  -39.565  -86.170  -7.231 0.0000000000
161682  -39.184  -86.876  -7.486 0.0000000000
208  -38.933  -87.266  -8.025 0.0000000000
90382  -39.927  -85.437  -6.991 0.0000000000
161707  -39.612  -85.755  -6.643 0.0000000000
40242  -39.303  -86.448  -6.861 0.0000000000
40250  -40.032  -84.984  -6.465 0.0000000000
161706  -39.820  -85.287  -6.099 0.0000000000
90360  -39.458  -86.047  -6.249 0.0000000000
161705  -40.234  -84.406  -5.948 0.0000000000
161703  -40.128  -84.683  -5.604 0.0000000000
10002  -39.777  -85.546  -5.740 0.0000000000
90380  -40.469  -84.138  -6.332 0.0000000000
161704  -40.669  -83.576  -5.815 0.0000000000
40249  -40.534  -83.837  -5.459 0.0000000000
22447  -40.836  -83.341  -6.203 0.0000000000
114131  -41.009  -82.807  -5.663 0.0000000000
90378  -40.922  -83.054  -5.300 0.0000000000
161702  -40.461  -84.100  -5.124 0.0000000000
114120  -40.108  -84.909  -5.291 0.0000000000
90377  -40.830  -83.336  -4.958 0.0000000000
161701  -40.919  -83.533  -4.636 0.0000000000
22440  -40.519  -84.313  -4.845 0.0000000000
40248  -41.223  -82.816  -4.462 0.0000000000
161700  -41.316  -83.041  -4.112 0.0000000000
53160  -41.011  -83.737  -4.311 0.0000000000
161699  -41.503  -82.326  -3.845 0.0000000000
161691  -41.663  -82.500  -3.494 0.0000000000
2482  -41.411  -83.210  -3.748 0.0000000000
90375  -41.359  -82.069  -4.174 0.0000000000
161698  -41.572  -81.578  -3.625 0.0000000000
40245  -41.759  -81.779  -3.284 0.0000000000
40247  -41.389  -81.343  -3.944 0.0000000000
161697  -41.558  -80.845  -3.492 0.0000000000
90368  -41.775  -81.042  -3.149 0.0000000000
161696  -41.333  -80.649  -3.837 0.0000000000
161694  -41.496  -80.133  -3.456 0.0000000000
10003  -41.754  -80.318  -3.092 0.0000000000
90373  -41.221  -81.118  -4.335 0.0000000000
161695  -41.194  -80.347  -4.235 0.0000000000
40246  -41.305  -79.878  -3.827 0.0000000000
22445  -41.130  -80.846  -4.747 0.0000000000
114127  -41.109  -79.989  -4.662 0.0000000000
90371  -41.217  -79.517  -4.213 0.0000000000
161693  -41.479  -79.327  -3.487 0.0000000000
114125  -41.674  -79.657  -3.124 0.0000000000
90370  -41.327  -79.012  -3.859 0.0000000000
161692  -41.459  -78.626  -3.493 0.0000000000
22443  -41.639  -78.967  -3.081 0.0000000000
28442  -41.359  -78.262  -3.859 0.0000000000
127802  -41.490  -77.834  -3.494 0.0000000000
53163  -41.568  -78.282  -3.076 0.0000000000
161690  -41.950  -81.991  -2.945 0.0000000000
127800  -41.804  -82.736  -3.149 0.0000000000
90367  -41.975  -81.245  -2.801 0.0000000000
161689  -42.221  -81.505  -2.459 0.0000000000
28440  -42.138  -82.258  -2.628 0.0000000000
40244  -42.194  -80.748  -2.387 0.0000000000
161688  -42.412  -80.988  -2.011 0.0000000000
62760  -42.410  -81.754  -2.075 0.0000000000
161687  -42.297  -80.382  -2.042 0.0000000000
161685  -42.455  -80.601  -1.633 0.0000000000
5560  -42.630  -81.264  -1.602 0.0000000000
90365  -42.107  -80.178  -2.397 0.0000000000
161686  -42.132  -79.790  -2.099 0.0000000000
40243  -42.291  -80.007  -1.676 0.0000000000
22442  -41.959  -79.592  -2.415 0.0000000000
114122  -41.946  -79.213  -2.081 0.0000000000
90363  -42.099  -79.429  -1.684 0.0000000000
161681  -38.998  -87.128  -7.119 0.0000000000
129182  -38.757  -87.499  -7.714 0.0000000000
90359  -39.215  -86.708  -6.466 0.0000000000
161680  -38.849  -87.380  -6.752 0.0000000000
29000  -38.567  -87.747  -7.377 0.0000000000
40241  -39.161  -86.938  -6.098 0.0000000000
161679  -38.739  -87.593  -6.358 0.0000000000
63788  -38.353  -88.021  -7.029 0.0000000000
161678  -39.123  -87.128  -5.753 0.0000000000
161676  -38.632  -87.778  -5.948 0.0000000000
5846  -38.226  -88.196  -6.598 0.0000000000
90357  -39.490  -86.469  -5.517 0.0000000000
161677  -39.532  -86.608  -5.229 0.0000000000
40240  -39.114  -87.281  -5.341 0.0000000000
22439  -39.851  -85.867  -5.105 0.0000000000
114117  -39.951  -86.029  -4.814 0.0000000000
90355  -39.565  -86.743  -4.878 0.0000000000
161675  -38.535  -87.898  -5.537 0.0000000000
98177  -38.056  -88.298  -6.207 0.0000000000
90354  -39.032  -87.366  -4.908 0.0000000000
161674  -38.371  -87.871  -5.095 0.0000000000
13583  -37.856  -88.322  -5.819 0.0000000000
40239  -38.902  -87.384  -4.463 0.0000000000
161673  -38.212  -87.754  -4.639 0.0000000000
44303  -37.628  -88.229  -5.398 0.0000000000
161672  -38.795  -87.290  -3.985 0.0000000000
161664  -38.047  -87.555  -4.173 0.0000000000
688  -37.438  -88.009  -4.914 0.0000000000
90352  -39.445  -86.928  -3.913 0.0000000000
161671  -39.312  -86.876  -3.447 0.0000000000
40236  -38.629  -87.091  -3.529 0.0000000000
40238  -39.905  -86.459  -3.482 0.0000000000
161670  -39.852  -86.467  -3.024 0.0000000000
90345  -39.195  -86.735  -2.982 0.0000000000
161669  -40.412  -86.019  -3.039 0.0000000000
161667  -40.352  -86.088  -2.582 0.0000000000
10000  -39.749  -86.432  -2.550 0.0000000000
90350  -40.453  -85.895  -3.465 0.0000000000
161668  -40.949  -85.436  -2.966 0.0000000000
40237  -40.911  -85.604  -2.560 0.0000000000
22437  -40.933  -85.213  -3.370 0.0000000000
114113  -41.440  -84.741  -2.806 0.0000000000
90348  -41.510  -85.030  -2.412 0.0000000000
161666  -40.850  -85.714  -2.107 0.0000000000
114111  -40.272  -86.116  -2.105 0.0000000000
90347  -41.431  -85.249  -2.038 0.0000000000
161665  -41.334  -85.431  -1.578 0.0000000000
22435  -40.752  -85.863  -1.581 0.0000000000
161663  -37.859  -87.253  -3.740 0.0000000000
115400  -37.243  -87.718  -4.460 0.0000000000
90344  -38.479  -86.868  -3.084 0.0000000000
161662  -37.738  -86.927  -3.315 0.0000000000
23126  -37.063  -87.355  -4.062 0.0000000000
40235  -38.364  -86.656  -2.651 0.0000000000
161661  -37.643  -86.609  -2.891 0.0000000000
53903  -36.940  -86.977  -3.656 0.0000000000
161660  -38.233  -86.478  -2.231 0.0000000000
161658  -37.490  -86.370  -2.502 0.0000000000
2608  -36.818  -86.619  -3.246 0.0000000000
90342  -38.935  -86.478  -2.092 0.0000000000
161659  -38.814  -86.325  -1.662 0.0000000000
40234  -38.057  -86.293  -1.841 0.0000000000
161657  -37.271  -86.149  -2.126 0.0000000000
92246  -36.692  -86.296  -2.839 0.0000000000
139327  -41.435  -83.194  -13.194 0.0000000000
41299  -41.526  -82.782  -13.480 0.0000000000
71842  -41.324  -83.531  -12.935 0.0000000000
139326  -40.650  -84.100  -13.439 0.0000000000
10579  -40.726  -83.743  -13.696 0.0000000000
32701  -40.551  -84.414  -13.150 0.0000000000
139325  -39.883  -84.981  -13.568 0.0000000000
92769  -39.914  -84.629  -13.948 0.0000000000
139324  -39.875  -85.275  -13.213 0.0000000000
139322  -39.174  -85.727  -13.790 0.0000000000
2899  -39.178  -85.426  -14.148 0.0000000000
71840  -40.453  -84.722  -12.766 0.0000000000
139323  -39.828  -85.541  -12.851 0.0000000000
32700  -39.077  -86.007  -13.369 0.0000000000
16267  -40.366  -84.986  -12.372 0.0000000000
103007  -39.620  -85.832  -12.462 0.0000000000
71838  -38.960  -86.254  -12.999 0.0000000000
139321  -38.342  -86.328  -13.945 0.0000000000
54774  -38.420  -86.048  -14.345 0.0000000000
71837  -38.243  -86.593  -13.541 0.0000000000
139320  -37.592  -86.921  -14.008 0.0000000000
23649  -37.638  -86.645  -14.426 0.0000000000
32699  -37.481  -87.168  -13.587 0.0000000000
139319  -36.761  -87.591  -14.063 0.0000000000
116619  -36.846  -87.332  -14.476 0.0000000000
139318  -36.565  -87.811  -13.635 0.0000000000
71835  -37.266  -87.391  -13.177 0.0000000000
139317  -36.322  -87.993  -13.192 0.0000000000
32698  -37.028  -87.550  -12.736 0.0000000000
139316  -36.089  -88.111  -12.720 0.0000000000
139315  -36.748  -87.668  -12.250 0.0000000000
139313  -35.817  -88.223  -12.163 0.0000000000
71833  -37.691  -87.123  -12.219 0.0000000000
139314  -37.418  -87.219  -11.735 0.0000000000
32697  -36.496  -87.781  -11.696 0.0000000000
16265  -38.375  -86.690  -11.681 0.0000000000
103003  -38.105  -86.813  -11.223 0.0000000000
71831  -37.178  -87.342  -11.213 0.0000000000
139312  -35.513  -88.386  -11.594 0.0000000000
71830  -36.206  -87.985  -11.140 0.0000000000
139311  -35.204  -88.603  -11.021 0.0000000000
24734  -35.942  -88.250  -10.602 0.0000000000
119150  -35.030  -88.895  -10.491 0.0000000000
15745  -21.050  -68.809  -10.411 0.0000000000
102067  -20.702  -69.784  -10.209 0.0000000000
70271  -20.057  -70.465  -10.624 0.0000000000
15743  -20.456  -71.429  -8.307 0.0000000000
102063  -20.587  -71.786  -7.545 0.0000000000
70264  -20.285  -72.896  -7.406 0.0000000000
15741  -22.070  -71.415  -5.977 0.0000000000
102059  -22.795  -70.985  -5.601 0.0000000000
70257  -23.161  -71.483  -5.156 0.0000000000
137332  -13.362  -71.300  -3.795 0.0000000000
44044  -14.022  -70.623  -3.532 0.0000000000
70222  -12.703  -71.735  -4.016 0.0000000000
137331  -12.694  -71.493  -3.417 0.0000000000
13324  -13.350  -70.889  -3.199 0.0000000000
32002  -12.052  -71.901  -3.621 0.0000000000
137330  -11.985  -71.550  -2.997 0.0000000000
97710  -12.628  -71.026  -2.864 0.0000000000
137329  -11.324  -72.021  -3.168 0.0000000000
137327  -11.241  -71.551  -2.593 0.0000000000
5644  -11.868  -71.038  -2.484 0.0000000000
70220  -11.330  -72.389  -3.830 0.0000000000
137328  -10.643  -72.474  -3.291 0.0000000000
32001  -10.616  -72.044  -2.725 0.0000000000
15727  -10.638  -72.794  -3.914 0.0000000000
102035  -10.045  -72.929  -3.321 0.0000000000
70218  -9.975  -72.496  -2.765 0.0000000000
137326  -10.488  -71.482  -2.288 0.0000000000
63009  -11.098  -70.985  -2.167 0.0000000000
70217  -9.910  -71.991  -2.317 0.0000000000
137325  -9.788  -71.414  -1.978 0.0000000000
28590  -10.368  -70.883  -1.899 0.0000000000
32000  -9.232  -71.877  -1.914 0.0000000000
137324  -9.140  -71.319  -1.641 0.0000000000
128148  -9.697  -70.827  -1.627 0.0000000000
14467  -38.959  -77.898  -13.755 0.0000000000
99767  -38.534  -78.639  -13.841 0.0000000000
66438  -37.979  -78.863  -13.868 0.0000000000
30235  -36.833  -80.897  -14.538 0.0000000000
132533  -36.114  -81.652  -14.705 0.0000000000
66428  -35.364  -81.908  -14.786 0.0000000000
132532  -36.821  -81.372  -14.599 0.0000000000
132530  -36.110  -82.130  -14.775 0.0000000000
6375  -35.363  -82.475  -14.902 0.0000000000
66433  -37.556  -80.655  -14.349 0.0000000000
132531  -37.606  -81.171  -14.420 0.0000000000
30234  -36.857  -81.885  -14.684 0.0000000000
14465  -38.271  -80.459  -14.137 0.0000000000
99763  -38.406  -80.949  -14.235 0.0000000000
66431  -37.739  -81.675  -14.551 0.0000000000
132529  -36.159  -82.685  -14.930 0.0000000000
99761  -35.387  -83.021  -15.100 0.0000000000
66430  -36.962  -82.441  -14.822 0.0000000000
132528  -36.226  -83.245  -15.152 0.0000000000
14463  -35.444  -83.527  -15.333 0.0000000000
23654  -37.076  -83.000  -15.014 0.0000000000
116630  -36.327  -83.777  -15.370 0.0000000000
45183  -35.515  -83.983  -15.594 0.0000000000
129181  -38.150  -88.151  -7.817 0.0000000000
41899  -38.345  -87.928  -8.084 0.0000000000
63787  -37.909  -88.463  -7.490 0.0000000000
129180  -37.436  -88.864  -7.916 0.0000000000
11179  -37.644  -88.604  -8.196 0.0000000000
28999  -37.241  -89.016  -7.603 0.0000000000
129179  -36.774  -89.416  -7.917 0.0000000000
93849  -36.955  -89.250  -8.180 0.0000000000
129178  -36.510  -89.453  -7.604 0.0000000000
129176  -36.006  -89.828  -7.904 0.0000000000
3499  -36.256  -89.814  -8.209 0.0000000000
63785  -37.051  -89.041  -7.259 0.0000000000
129177  -36.243  -89.370  -7.300 0.0000000000
28998  -35.721  -89.740  -7.603 0.0000000000
13582  -36.749  -89.039  -6.932 0.0000000000
98174  -35.950  -89.199  -6.989 0.0000000000
63783  -35.416  -89.544  -7.317 0.0000000000
129175  -35.142  -90.128  -7.856 0.0000000000
56574  -35.426  -90.205  -8.170 0.0000000000
63782  -34.808  -89.890  -7.611 0.0000000000
129174  -34.122  -90.262  -7.872 0.0000000000
24729  -34.469  -90.498  -8.093 0.0000000000
28997  -33.765  -89.970  -7.646 0.0000000000
129173  -33.062  -90.408  -7.805 0.0000000000
119139  -33.382  -90.651  -8.101 0.0000000000
129172  -32.687  -90.142  -7.530 0.0000000000
63780  -33.409  -89.649  -7.393 0.0000000000
129171  -32.251  -89.871  -7.246 0.0000000000
28996  -32.985  -89.319  -7.146 0.0000000000
129170  -31.832  -89.605  -6.969 0.0000000000
129169  -32.612  -89.034  -6.901 0.0000000000
129167  -31.478  -89.332  -6.694 0.0000000000
63778  -33.706  -88.955  -6.898 0.0000000000
129168  -33.408  -88.608  -6.640 0.0000000000
28995  -32.274  -88.779  -6.639 0.0000000000
13580  -34.411  -88.621  -6.526 0.0000000000
98170  -34.132  -88.241  -6.211 0.0000000000
63776  -33.105  -88.308  -6.335 0.0000000000
129166  -31.161  -89.140  -6.398 0.0000000000
63775  -31.938  -88.528  -6.303 0.0000000000
129165  -30.878  -88.950  -6.072 0.0000000000
23123  -31.647  -88.326  -5.941 0.0000000000
115391  -30.634  -88.767  -5.718 0.0000000000
128241  -14.207  -71.324  -9.433 0.0000000000
53472  -13.685  -70.991  -9.083 0.0000000000
63075  -14.691  -71.861  -9.585 0.0000000000
128240  -13.700  -72.402  -9.320 0.0000000000
22752  -13.188  -71.953  -9.181 0.0000000000
28629  -14.160  -72.857  -9.510 0.0000000000
128239  -13.187  -73.383  -9.257 0.0000000000
114680  -12.727  -72.929  -9.150 0.0000000000
5665  -12.300  -73.895  -9.012 0.0000000000
128150  -10.293  -70.188  -1.634 0.0000000000
1402  -9.062  -70.714  -1.355 0.0000000000
128149  -9.601  -70.161  -1.432 0.0000000000
127853  -42.200  -74.649  -9.816 0.0000000000
2487  -42.490  -75.307  -10.177 0.0000000000
127855  -41.785  -74.492  -9.886 0.0000000000
28463  -41.952  -74.015  -9.477 0.0000000000
127852  -42.380  -74.142  -9.402 0.0000000000
53194  -42.666  -74.776  -9.725 0.0000000000
127820  -43.497  -77.125  -8.684 0.0000000000
53171  -43.607  -77.594  -9.285 0.0000000000
62774  -43.315  -76.693  -8.072 0.0000000000
127819  -43.143  -77.566  -8.358 0.0000000000
22451  -43.286  -78.010  -8.958 0.0000000000
28448  -42.911  -77.156  -7.750 0.0000000000
127818  -42.793  -78.039  -8.033 0.0000000000
114139  -43.003  -78.479  -8.628 0.0000000000
127817  -42.541  -77.674  -7.480 0.0000000000
127815  -42.461  -78.607  -7.725 0.0000000000
5564  -42.716  -79.008  -8.286 0.0000000000
62772  -42.690  -76.834  -7.247 0.0000000000
127816  -42.280  -77.370  -6.937 0.0000000000
28447  -42.170  -78.254  -7.151 0.0000000000
13244  -42.481  -76.408  -6.672 0.0000000000
97566  -42.069  -76.936  -6.383 0.0000000000
62770  -41.881  -77.945  -6.577 0.0000000000
127814  -42.106  -79.198  -7.332 0.0000000000
90391  -42.415  -79.569  -7.910 0.0000000000
62769  -41.810  -78.855  -6.782 0.0000000000
127813  -41.784  -79.737  -6.954 0.0000000000
28445  -41.505  -79.354  -6.412 0.0000000000
127811  -41.499  -80.245  -6.599 0.0000000000
2483  -41.516  -81.017  -6.757 0.0000000000
127810  -41.347  -79.784  -6.035 0.0000000000
53164  -41.363  -80.629  -6.151 0.0000000000
62767  -41.354  -78.896  -5.880 0.0000000000
127809  -41.229  -79.301  -5.486 0.0000000000
22444  -41.235  -80.161  -5.630 0.0000000000
28444  -41.345  -78.429  -5.339 0.0000000000
127808  -41.203  -78.783  -4.976 0.0000000000
114126  -41.098  -79.625  -5.085 0.0000000000
127807  -41.399  -77.932  -4.886 0.0000000000
127805  -41.286  -78.302  -4.566 0.0000000000
5562  -41.144  -79.137  -4.604 0.0000000000
62765  -41.516  -77.490  -5.211 0.0000000000
127806  -41.550  -77.015  -4.827 0.0000000000
28443  -41.460  -77.461  -4.561 0.0000000000
13242  -41.712  -76.536  -5.112 0.0000000000
97562  -41.706  -76.161  -4.805 0.0000000000
62763  -41.611  -76.624  -4.514 0.0000000000
127804  -41.361  -77.870  -4.216 0.0000000000
90369  -41.242  -78.675  -4.226 0.0000000000
62762  -41.520  -77.032  -4.202 0.0000000000
127803  -41.461  -77.426  -3.864 0.0000000000
28441  -41.573  -76.632  -3.959 0.0000000000
127801  -41.512  -77.057  -3.561 0.0000000000
1374  -41.499  -77.519  -3.143 0.0000000000
137010  -41.437  -76.743  -3.254 0.0000000000
137011  -41.520  -76.325  -3.651 0.0000000000
127799  -41.941  -83.006  -2.784 0.0000000000
53156  -41.551  -83.466  -3.324 0.0000000000
62759  -42.270  -82.532  -2.228 0.0000000000
127798  -42.055  -83.291  -2.414 0.0000000000
22436  -41.675  -83.735  -2.948 0.0000000000
28439  -42.401  -82.775  -1.816 0.0000000000
127797  -42.159  -83.535  -1.993 0.0000000000
114112  -41.782  -84.007  -2.620 0.0000000000
127796  -42.527  -82.993  -1.404 0.0000000000
127794  -42.245  -83.793  -1.588 0.0000000000
5559  -41.854  -84.309  -2.197 0.0000000000
28438  -42.603  -83.279  -1.054 0.0000000000
127793  -42.317  -84.069  -1.219 0.0000000000
90346  -41.899  -84.579  -1.801 0.0000000000
119158  -40.047  -85.601  -10.274 0.0000000000
46984  -40.285  -85.317  -10.640 0.0000000000
56587  -39.788  -85.887  -9.916 0.0000000000
119157  -39.362  -86.099  -10.321 0.0000000000
16264  -39.577  -85.882  -10.745 0.0000000000
24736  -39.109  -86.367  -9.906 0.0000000000
119156  -38.477  -86.721  -10.305 0.0000000000
103002  -38.753  -86.489  -10.737 0.0000000000
119155  -38.224  -86.998  -9.893 0.0000000000
119153  -37.549  -87.192  -10.279 0.0000000000
3502  -37.832  -86.979  -10.752 0.0000000000
56585  -38.853  -86.719  -9.507 0.0000000000
119154  -38.037  -87.353  -9.473 0.0000000000
24735  -37.364  -87.616  -9.816 0.0000000000
11182  -38.594  -87.147  -9.145 0.0000000000
93854  -37.787  -87.872  -9.177 0.0000000000
56583  -37.169  -88.110  -9.451 0.0000000000
119152  -36.668  -87.901  -10.207 0.0000000000
71829  -36.889  -87.577  -10.688 0.0000000000
56582  -36.489  -88.316  -9.778 0.0000000000
119151  -35.761  -88.568  -10.123 0.0000000000
24733  -35.611  -89.018  -9.790 0.0000000000
119149  -34.863  -89.281  -10.084 0.0000000000
119148  -34.727  -89.711  -9.783 0.0000000000
56580  -35.455  -89.463  -9.522 0.0000000000
119147  -34.610  -90.132  -9.564 0.0000000000
24732  -35.279  -89.881  -9.309 0.0000000000
119146  -34.435  -90.482  -9.348 0.0000000000
119145  -35.122  -90.241  -9.059 0.0000000000
119143  -34.236  -90.739  -9.090 0.0000000000
56578  -35.920  -89.638  -8.995 0.0000000000
119144  -35.818  -89.981  -8.751 0.0000000000
24731  -34.970  -90.459  -8.760 0.0000000000
11180  -36.566  -89.358  -8.697 0.0000000000
93850  -36.425  -89.639  -8.458 0.0000000000
56576  -35.651  -90.160  -8.475 0.0000000000
119142  -34.024  -90.875  -8.757 0.0000000000
56575  -34.769  -90.558  -8.428 0.0000000000
119141  -33.695  -90.820  -8.422 0.0000000000
118402  -8.809  -75.311  -3.942 0.0000000000
46444  -9.025  -74.623  -4.242 0.0000000000
56047  -8.712  -75.983  -3.710 0.0000000000
118401  -8.604  -75.507  -3.215 0.0000000000
15724  -8.836  -74.846  -3.453 0.0000000000
24412  -8.437  -76.128  -2.910 0.0000000000
118400  -8.272  -75.609  -2.526 0.0000000000
102030  -8.513  -75.000  -2.743 0.0000000000
118399  -7.957  -76.206  -2.277 0.0000000000
118397  -7.730  -75.630  -1.900 0.0000000000
3322  -8.080  -75.084  -2.094 0.0000000000
24411  -7.376  -76.216  -1.693 0.0000000000
118396  -7.152  -75.579  -1.293 0.0000000000
70209  -7.518  -75.038  -1.478 0.0000000000
116638  -40.152  -79.677  -13.714 0.0000000000
45184  -39.913  -79.200  -13.678 0.0000000000
54787  -40.429  -80.113  -13.732 0.0000000000
116637  -39.764  -80.505  -13.854 0.0000000000
14464  -39.563  -80.020  -13.800 0.0000000000
23656  -39.992  -80.945  -13.923 0.0000000000
116636  -39.251  -81.249  -14.146 0.0000000000
99762  -39.107  -80.758  -14.026 0.0000000000
116635  -39.429  -81.770  -14.248 0.0000000000
116633  -38.628  -81.981  -14.537 0.0000000000
2902  -38.502  -81.447  -14.408 0.0000000000
54785  -40.241  -81.356  -14.009 0.0000000000
116634  -39.593  -82.318  -14.387 0.0000000000
23655  -38.766  -82.553  -14.646 0.0000000000
10582  -40.459  -81.826  -14.080 0.0000000000
92774  -39.768  -82.852  -14.500 0.0000000000
54783  -38.886  -83.168  -14.758 0.0000000000
116632  -37.936  -82.762  -14.925 0.0000000000
66429  -37.857  -82.196  -14.721 0.0000000000
54782  -38.111  -83.401  -14.983 0.0000000000
116631  -37.157  -83.545  -15.152 0.0000000000
23653  -37.251  -84.077  -15.249 0.0000000000
116629  -36.489  -84.269  -15.535 0.0000000000
981  -35.710  -84.439  -15.803 0.0000000000
116628  -36.569  -84.821  -15.706 0.0000000000
45177  -35.835  -84.949  -15.964 0.0000000000
54780  -37.455  -84.647  -15.347 0.0000000000
116627  -36.667  -85.356  -15.745 0.0000000000
23652  -37.527  -85.150  -15.378 0.0000000000
116626  -36.745  -85.839  -15.669 0.0000000000
116625  -37.590  -85.608  -15.303 0.0000000000
116623  -36.787  -86.262  -15.499 0.0000000000
54778  -38.385  -84.977  -15.083 0.0000000000
116624  -38.440  -85.373  -14.937 0.0000000000
23651  -37.660  -86.011  -15.122 0.0000000000
10580  -39.153  -84.667  -14.741 0.0000000000
92770  -39.130  -85.073  -14.464 0.0000000000
54776  -38.445  -85.723  -14.695 0.0000000000
116622  -36.829  -86.624  -15.209 0.0000000000
54775  -37.635  -86.331  -14.838 0.0000000000
116621  -36.850  -86.978  -14.869 0.0000000000
115399  -36.384  -87.666  -4.701 0.0000000000
44299  -36.570  -88.056  -5.057 0.0000000000
53902  -36.186  -87.307  -4.325 0.0000000000
115398  -35.558  -87.647  -4.991 0.0000000000
13579  -35.751  -88.002  -5.381 0.0000000000
23125  -35.333  -87.253  -4.573 0.0000000000
115397  -34.618  -87.560  -5.250 0.0000000000
98169  -34.830  -87.934  -5.636 0.0000000000
115396  -34.361  -87.245  -4.861 0.0000000000
115394  -33.604  -87.619  -5.476 0.0000000000
2607  -33.873  -87.916  -5.852 0.0000000000
53900  -35.103  -86.931  -4.191 0.0000000000
115395  -34.102  -86.976  -4.472 0.0000000000
23124  -33.304  -87.344  -5.090 0.0000000000
10287  -34.942  -86.615  -3.797 0.0000000000
92243  -33.937  -86.733  -4.050 0.0000000000
53898  -33.059  -87.154  -4.691 0.0000000000
115393  -32.507  -87.806  -5.612 0.0000000000
63774  -32.809  -88.068  -5.983 0.0000000000
53897  -32.222  -87.607  -5.229 0.0000000000
115392  -31.395  -88.157  -5.568 0.0000000000
23122  -31.220  -88.009  -5.169 0.0000000000
115390  -30.430  -88.650  -5.327 0.0000000000
158731  -30.613  -88.302  -4.861 0.0000000000
114698  -17.324  -67.007  -7.482 0.0000000000
10130  -16.801  -67.534  -7.734 0.0000000000
114700  -17.355  -67.150  -6.906 0.0000000000
22762  -17.751  -66.461  -7.347 0.0000000000
114697  -17.707  -66.277  -7.889 0.0000000000
91318  -17.280  -66.848  -8.162 0.0000000000
22759  -18.416  -66.088  -10.828 0.0000000000
114692  -18.187  -67.218  -10.886 0.0000000000
91310  -17.562  -67.883  -10.522 0.0000000000
53478  -18.929  -66.512  -11.213 0.0000000000
114691  -18.784  -67.588  -11.176 0.0000000000
22757  -19.532  -66.908  -11.368 0.0000000000
114687  -13.435  -70.896  -7.495 0.0000000000
91302  -13.587  -70.954  -6.892 0.0000000000
53475  -13.388  -70.795  -8.029 0.0000000000
114686  -12.570  -71.390  -7.757 0.0000000000
22754  -12.673  -71.422  -8.328 0.0000000000
114684  -11.739  -72.018  -7.964 0.0000000000
10127  -10.773  -72.536  -7.549 0.0000000000
114683  -11.943  -72.194  -8.533 0.0000000000
91295  -10.934  -72.763  -8.068 0.0000000000
53473  -12.765  -71.640  -8.822 0.0000000000
114682  -12.111  -72.514  -8.907 0.0000000000
114197  -40.101  -74.856  -11.612 0.0000000000
10019  -40.185  -75.567  -11.979 0.0000000000
114199  -39.938  -74.261  -11.646 0.0000000000
22483  -40.034  -74.110  -11.276 0.0000000000
114196  -40.218  -74.633  -11.237 0.0000000000
90484  -40.356  -75.367  -11.611 0.0000000000
53202  -40.085  -73.825  -10.855 0.0000000000
114195  -40.332  -74.290  -10.838 0.0000000000
22481  -40.183  -73.484  -10.480 0.0000000000
114193  -40.447  -73.968  -10.439 0.0000000000
5574  -40.780  -74.416  -10.375 0.0000000000
127860  -40.567  -73.601  -10.049 0.0000000000
127861  -40.237  -73.130  -10.113 0.0000000000
114191  -42.308  -77.175  -11.457 0.0000000000
90476  -42.021  -77.609  -11.991 0.0000000000
53199  -42.592  -76.599  -11.001 0.0000000000
114190  -42.828  -77.325  -11.447 0.0000000000
22478  -43.059  -76.723  -10.941 0.0000000000
114188  -43.309  -77.438  -11.371 0.0000000000
10017  -43.388  -78.167  -11.773 0.0000000000
114187  -43.557  -76.863  -10.862 0.0000000000
90469  -43.715  -77.540  -11.241 0.0000000000
53197  -43.294  -76.112  -10.524 0.0000000000
114186  -43.708  -76.303  -10.439 0.0000000000
22476  -43.491  -75.591  -10.057 0.0000000000
114184  -43.848  -75.778  -9.977 0.0000000000
10016  -44.018  -76.026  -9.915 0.0000000000
114183  -43.621  -75.059  -9.604 0.0000000000
90462  -43.892  -75.251  -9.579 0.0000000000
53195  -43.208  -74.903  -9.608 0.0000000000
114182  -43.362  -74.452  -9.259 0.0000000000
22475  -43.733  -74.580  -9.204 0.0000000000
22474  -42.885  -74.313  -9.339 0.0000000000
114180  -43.084  -73.863  -8.980 0.0000000000
114181  -43.519  -73.957  -8.933 0.0000000000
114146  -43.660  -79.255  -10.642 0.0000000000
90401  -43.621  -79.822  -11.120 0.0000000000
53174  -43.685  -78.617  -10.207 0.0000000000
114145  -43.472  -79.647  -10.429 0.0000000000
22453  -43.537  -79.013  -9.947 0.0000000000
114143  -43.259  -80.034  -10.179 0.0000000000
10007  -42.986  -80.935  -10.365 0.0000000000
114142  -43.201  -79.478  -9.656 0.0000000000
90394  -43.031  -80.419  -9.867 0.0000000000
53172  -43.393  -78.504  -9.481 0.0000000000
114141  -43.097  -78.965  -9.170 0.0000000000
114137  -41.578  -82.851  -7.888 0.0000000000
90386  -41.549  -83.310  -8.425 0.0000000000
53169  -41.527  -82.398  -7.330 0.0000000000
114136  -41.278  -83.225  -7.439 0.0000000000
22448  -41.279  -82.771  -6.938 0.0000000000
114134  -41.002  -83.575  -7.036 0.0000000000
10005  -40.642  -84.319  -7.156 0.0000000000
114133  -41.049  -83.085  -6.564 0.0000000000
90379  -40.731  -83.860  -6.684 0.0000000000
53167  -41.259  -82.268  -6.459 0.0000000000
114132  -41.111  -82.559  -6.048 0.0000000000
22446  -41.273  -81.760  -5.905 0.0000000000
114130  -41.212  -82.073  -5.485 0.0000000000
10004  -41.176  -82.332  -5.107 0.0000000000
114129  -41.231  -81.372  -5.324 0.0000000000
90372  -41.199  -81.619  -4.895 0.0000000000
53165  -41.280  -81.012  -5.732 0.0000000000
114128  -41.134  -80.508  -5.186 0.0000000000
114124  -41.797  -79.304  -2.738 0.0000000000
90364  -41.899  -79.943  -2.751 0.0000000000
53162  -41.672  -78.667  -2.703 0.0000000000
114123  -41.787  -78.985  -2.384 0.0000000000
22441  -41.602  -78.307  -2.340 0.0000000000
114121  -41.745  -78.603  -2.000 0.0000000000
7080  -41.884  -78.866  -1.626 0.0000000000
136998  -41.622  -78.170  -1.571 0.0000000000
136999  -41.506  -77.893  -1.939 0.0000000000
114119  -40.152  -85.101  -4.996 0.0000000000
90356  -39.794  -85.708  -5.411 0.0000000000
53159  -40.609  -84.509  -4.522 0.0000000000
114118  -40.262  -85.278  -4.682 0.0000000000
22438  -40.714  -84.716  -4.167 0.0000000000
114116  -40.342  -85.482  -4.294 0.0000000000
10001  -39.958  -86.223  -4.338 0.0000000000
114115  -40.829  -84.944  -3.792 0.0000000000
90349  -40.403  -85.690  -3.880 0.0000000000
53157  -41.208  -84.202  -3.560 0.0000000000
114114  -41.332  -84.467  -3.178 0.0000000000
114110  -40.147  -86.186  -1.584 0.0000000000
90341  -39.629  -86.384  -2.073 0.0000000000
103009  -40.915  -84.383  -11.893 0.0000000000
71839  -41.046  -84.095  -12.298 0.0000000000
46987  -40.724  -84.708  -11.461 0.0000000000
103008  -40.263  -85.223  -11.980 0.0000000000
16266  -40.030  -85.516  -11.550 0.0000000000
103006  -39.470  -86.016  -12.043 0.0000000000
7399  -38.815  -86.463  -12.568 0.0000000000
103005  -39.284  -86.166  -11.621 0.0000000000
71832  -38.637  -86.625  -12.105 0.0000000000
46985  -39.802  -85.701  -11.156 0.0000000000
103004  -39.041  -86.302  -11.207 0.0000000000
102066  -20.811  -70.057  -9.441 0.0000000000
7143  -20.257  -70.795  -9.907 0.0000000000
102068  -21.253  -69.139  -9.681 0.0000000000
15744  -21.371  -69.478  -8.884 0.0000000000
102065  -20.824  -70.439  -8.590 0.0000000000
70265  -20.351  -71.018  -9.103 0.0000000000
46463  -21.343  -69.959  -8.081 0.0000000000
102064  -20.931  -70.838  -7.787 0.0000000000
15742  -21.525  -70.362  -7.278 0.0000000000
102062  -21.123  -71.301  -7.067 0.0000000000
7142  -20.803  -72.331  -6.925 0.0000000000
102061  -21.768  -70.900  -6.617 0.0000000000
70258  -21.446  -71.829  -6.454 0.0000000000
46461  -22.184  -69.911  -6.772 0.0000000000
102060  -22.461  -70.494  -6.128 0.0000000000
102037  -10.441  -73.003  -4.520 0.0000000000
70219  -11.197  -72.568  -4.470 0.0000000000
46447  -9.770  -73.452  -4.565 0.0000000000
102036  -10.013  -73.272  -3.938 0.0000000000
15726  -9.482  -73.720  -3.901 0.0000000000
102034  -9.560  -73.400  -3.279 0.0000000000
7132  -9.486  -72.945  -2.698 0.0000000000
102033  -9.117  -73.871  -3.183 0.0000000000
70212  -9.059  -73.410  -2.579 0.0000000000
46445  -9.089  -74.262  -3.785 0.0000000000
102032  -8.770  -74.402  -3.011 0.0000000000
15725  -8.660  -73.900  -2.482 0.0000000000
102031  -8.352  -74.455  -2.298 0.0000000000
137319  -8.166  -73.849  -1.803 0.0000000000
70211  -7.855  -74.446  -1.635 0.0000000000
99769  -39.412  -77.677  -13.566 0.0000000000
66439  -39.319  -77.127  -13.645 0.0000000000
45187  -39.547  -78.213  -13.539 0.0000000000
99768  -39.045  -78.446  -13.702 0.0000000000
14466  -39.183  -78.952  -13.723 0.0000000000
99766  -38.630  -79.197  -13.849 0.0000000000
6376  -38.050  -79.417  -13.935 0.0000000000
99765  -38.771  -79.739  -13.897 0.0000000000
66432  -38.153  -79.944  -14.042 0.0000000000
45185  -39.351  -79.468  -13.772 0.0000000000
99764  -38.950  -80.252  -13.940 0.0000000000
99760  -34.588  -83.622  -15.444 0.0000000000
66424  -34.586  -83.129  -15.175 0.0000000000
45182  -34.687  -84.102  -15.780 0.0000000000
99759  -33.897  -84.197  -15.845 0.0000000000
14462  -33.883  -83.755  -15.551 0.0000000000
98176  -37.302  -88.690  -6.393 0.0000000000
63784  -37.568  -88.676  -6.730 0.0000000000
44302  -37.007  -88.550  -6.018 0.0000000000
98175  -36.470  -88.878  -6.569 0.0000000000
13581  -36.208  -88.616  -6.182 0.0000000000
98173  -35.619  -88.932  -6.664 0.0000000000
5845  -35.064  -89.237  -7.074 0.0000000000
98172  -35.351  -88.633  -6.349 0.0000000000
63777  -34.733  -88.936  -6.809 0.0000000000
44300  -35.957  -88.323  -5.758 0.0000000000
98171  -35.085  -88.301  -6.010 0.0000000000
97749  -16.091  -73.173  -9.668 0.0000000000
63072  -15.725  -72.701  -9.589 0.0000000000
44065  -16.495  -73.576  -9.749 0.0000000000
97740  -17.860  -75.001  -9.588 0.0000000000
97739  -18.327  -75.344  -9.454 0.0000000000
97712  -13.245  -70.309  -2.701 0.0000000000
97711  -12.481  -70.436  -2.372 0.0000000000
97565  -41.960  -76.495  -5.886 0.0000000000
5563  -41.713  -77.451  -6.059 0.0000000000
97567  -42.354  -76.039  -6.180 0.0000000000
13243  -42.272  -75.678  -5.746 0.0000000000
97564  -41.946  -76.063  -5.420 0.0000000000
62764  -41.632  -76.967  -5.532 0.0000000000
43962  -42.241  -75.288  -5.383 0.0000000000
97563  -41.927  -75.681  -5.106 0.0000000000
13241  -42.258  -74.966  -5.073 0.0000000000
97561  -41.997  -75.389  -4.816 0.0000000000
5561  -41.816  -75.807  -4.534 0.0000000000
137016  -41.950  -75.030  -4.521 0.0000000000
137017  -42.187  -74.614  -4.747 0.0000000000
93856  -39.052  -86.868  -8.814 0.0000000000
56584  -39.287  -86.494  -9.127 0.0000000000
41902  -38.822  -87.282  -8.577 0.0000000000
93855  -38.312  -87.634  -8.911 0.0000000000
11181  -38.087  -88.020  -8.659 0.0000000000
93853  -37.549  -88.356  -8.923 0.0000000000
3501  -36.956  -88.629  -9.199 0.0000000000
93852  -37.338  -88.727  -8.692 0.0000000000
56577  -36.717  -89.021  -8.940 0.0000000000
41900  -37.872  -88.345  -8.414 0.0000000000
93851  -37.137  -89.017  -8.439 0.0000000000
92776  -41.282  -81.295  -13.786 0.0000000000
54784  -41.016  -80.870  -13.809 0.0000000000
41302  -41.447  -81.805  -13.725 0.0000000000
92775  -40.635  -82.320  -14.101 0.0000000000
10581  -40.770  -82.829  -14.063 0.0000000000
92773  -39.931  -83.334  -14.503 0.0000000000
2901  -39.033  -83.714  -14.831 0.0000000000
92772  -39.984  -83.806  -14.403 0.0000000000
54777  -39.127  -84.228  -14.837 0.0000000000
41300  -40.756  -83.327  -13.941 0.0000000000
92771  -39.967  -84.243  -14.221 0.0000000000
10288  -36.453  -86.068  -2.480 0.0000000000
92245  -35.739  -86.254  -3.124 0.0000000000
53899  -35.937  -86.515  -3.466 0.0000000000
41007  -35.546  -86.012  -2.807 0.0000000000
92244  -34.804  -86.313  -3.408 0.0000000000
10286  -34.559  -86.063  -3.079 0.0000000000
92242  -33.706  -86.481  -3.670 0.0000000000
2606  -32.866  -86.954  -4.262 0.0000000000
158736  -32.987  -86.505  -3.644 0.0000000000
158737  -33.859  -86.016  -3.095 0.0000000000
91329  -16.355  -68.753  -4.882 0.0000000000
91331  -16.635  -68.027  -4.762 0.0000000000
10131  -16.797  -68.144  -5.301 0.0000000000
91327  -16.384  -68.802  -5.516 0.0000000000
91325  -16.847  -68.146  -5.912 0.0000000000
114701  -17.322  -67.426  -6.295 0.0000000000
114702  -17.237  -67.449  -5.733 0.0000000000
91322  -16.195  -68.052  -7.993 0.0000000000
91320  -16.720  -67.391  -8.385 0.0000000000
22761  -17.733  -66.115  -8.480 0.0000000000
91312  -16.975  -68.518  -10.177 0.0000000000
91304  -13.735  -71.147  -6.274 0.0000000000
91299  -9.962  -72.948  -6.958 0.0000000000
91297  -9.981  -73.228  -7.488 0.0000000000
90523  -41.464  -70.085  -15.381 0.0000000000
90525  -41.615  -69.591  -15.655 0.0000000000
10024  -41.484  -69.133  -15.013 0.0000000000
90521  -41.262  -69.630  -14.686 0.0000000000
10023  -40.784  -71.199  -13.669 0.0000000000
90518  -40.730  -72.100  -13.851 0.0000000000
90516  -40.571  -71.671  -13.295 0.0000000000
10020  -39.995  -73.272  -12.357 0.0000000000
90493  -39.917  -74.070  -12.591 0.0000000000
90491  -39.908  -73.858  -12.158 0.0000000000
114200  -39.907  -73.651  -11.733 0.0000000000
114201  -39.961  -73.046  -11.915 0.0000000000
90488  -40.310  -76.265  -12.414 0.0000000000
90486  -40.509  -76.091  -12.023 0.0000000000
90481  -41.180  -74.755  -10.330 0.0000000000
127856  -41.381  -74.271  -9.953 0.0000000000
127857  -40.950  -73.990  -9.993 0.0000000000
90478  -41.705  -77.983  -12.499 0.0000000000
90473  -43.372  -79.006  -12.219 0.0000000000
90471  -43.686  -78.379  -11.668 0.0000000000
90466  -44.076  -76.285  -9.819 0.0000000000
90464  -44.032  -75.481  -9.519 0.0000000000
90463  -43.934  -74.759  -9.205 0.0000000000
161804  -44.016  -74.376  -8.830 0.0000000000
161803  -43.784  -74.155  -8.883 0.0000000000
90403  -43.456  -80.413  -11.611 0.0000000000
90398  -42.645  -81.838  -10.444 0.0000000000
90396  -42.783  -81.329  -10.007 0.0000000000
90388  -41.499  -83.636  -8.873 0.0000000000
90383  -40.233  -85.128  -7.328 0.0000000000
90381  -40.322  -84.654  -6.818 0.0000000000
90376  -41.161  -82.570  -4.791 0.0000000000
90374  -41.256  -81.838  -4.522 0.0000000000
90366  -41.976  -80.522  -2.745 0.0000000000
90358  -39.438  -86.304  -5.848 0.0000000000
90353  -39.578  -86.888  -4.383 0.0000000000
90351  -39.942  -86.366  -3.904 0.0000000000
28437  -41.898  -84.812  -1.400 0.0000000000
90343  -39.054  -86.620  -2.532 0.0000000000
22434  -39.501  -86.335  -1.596 0.0000000000
71841  -41.188  -83.836  -12.650 0.0000000000
71836  -38.126  -86.828  -13.135 0.0000000000
71834  -37.963  -87.035  -12.684 0.0000000000
70269  -19.613  -71.462  -10.297 0.0000000000
70267  -19.862  -71.642  -9.574 0.0000000000
70262  -20.472  -73.370  -6.869 0.0000000000
70260  -21.104  -72.840  -6.406 0.0000000000
70252  -21.762  -75.047  -5.498 0.0000000000
70221  -11.967  -72.172  -4.305 0.0000000000
70216  -9.349  -72.462  -2.310 0.0000000000
70214  -8.993  -72.909  -2.158 0.0000000000
70215  -8.759  -72.322  -1.804 0.0000000000
70213  -8.548  -73.330  -1.900 0.0000000000
31999  -8.465  -72.828  -1.646 0.0000000000
66441  -39.270  -76.572  -13.766 0.0000000000
66436  -37.404  -79.632  -14.019 0.0000000000
66434  -37.487  -80.140  -14.190 0.0000000000
66426  -34.594  -82.592  -14.943 0.0000000000
66425  -33.901  -83.262  -15.248 0.0000000000
63786  -37.755  -88.605  -7.110 0.0000000000
63781  -34.461  -89.582  -7.389 0.0000000000
63779  -34.093  -89.261  -7.165 0.0000000000
63074  -15.209  -72.188  -9.603 0.0000000000
63011  -11.628  -70.421  -2.112 0.0000000000
63010  -10.929  -70.308  -1.868 0.0000000000
62773  -43.110  -76.310  -7.530 0.0000000000
62775  -43.479  -75.859  -7.768 0.0000000000
5565  -43.340  -75.581  -7.178 0.0000000000
62771  -42.932  -75.986  -6.934 0.0000000000
97568  -42.808  -75.607  -6.439 0.0000000000
97569  -43.267  -75.250  -6.687 0.0000000000
62768  -41.571  -78.437  -6.249 0.0000000000
62766  -41.446  -77.947  -5.716 0.0000000000
62761  -41.680  -76.220  -4.251 0.0000000000
137012  -41.639  -75.888  -4.011 0.0000000000
137013  -41.756  -75.448  -4.271 0.0000000000
62758  -42.563  -82.001  -1.678 0.0000000000
62756  -42.758  -81.489  -1.253 0.0000000000
62757  -42.734  -82.232  -1.288 0.0000000000
59241  -39.934  -73.254  -16.214 0.0000000000
56586  -39.531  -86.157  -9.506 0.0000000000
56581  -36.308  -88.826  -9.491 0.0000000000
56579  -36.103  -89.252  -9.239 0.0000000000
56064  -24.398  -67.213  -6.429 0.0000000000
56062  -24.695  -67.644  -5.837 0.0000000000
54786  -40.725  -80.487  -13.784 0.0000000000
54781  -38.225  -83.974  -15.063 0.0000000000
54779  -38.274  -84.500  -15.141 0.0000000000
53901  -36.013  -86.939  -3.919 0.0000000000
53896  -32.006  -87.445  -4.817 0.0000000000
158732  -31.411  -87.696  -4.587 0.0000000000
158733  -32.224  -87.105  -4.151 0.0000000000
53474  -13.505  -70.815  -8.624 0.0000000000
53201  -39.974  -72.964  -10.547 0.0000000000
53203  -39.940  -73.248  -10.937 0.0000000000
2488  -39.826  -72.387  -10.674 0.0000000000
127862  -40.007  -72.621  -10.181 0.0000000000
127863  -39.830  -72.080  -10.300 0.0000000000
53198  -42.802  -76.006  -10.582 0.0000000000
53196  -43.000  -75.437  -10.113 0.0000000000
53173  -43.670  -78.090  -9.747 0.0000000000
53168  -41.449  -81.900  -6.855 0.0000000000
53166  -41.360  -81.396  -6.350 0.0000000000
53161  -41.524  -77.976  -2.723 0.0000000000
137000  -41.423  -77.559  -2.352 0.0000000000
137001  -41.405  -77.168  -2.820 0.0000000000
53158  -41.106  -83.947  -3.971 0.0000000000
46986  -40.484  -85.053  -11.022 0.0000000000
46464  -21.903  -68.957  -8.306 0.0000000000
46465  -21.798  -68.555  -9.098 0.0000000000
102069  -21.633  -68.176  -9.874 0.0000000000
46462  -22.013  -69.417  -7.543 0.0000000000
46446  -9.296  -73.986  -4.466 0.0000000000
45186  -39.708  -78.703  -13.621 0.0000000000
44301  -36.764  -88.339  -5.567 0.0000000000
44064  -16.802  -73.926  -9.771 0.0000000000
44062  -17.071  -74.328  -9.720 0.0000000000
44061  -17.434  -74.660  -9.658 0.0000000000
44046  -14.498  -69.841  -3.378 0.0000000000
44047  -14.855  -69.021  -3.259 0.0000000000
97717  -15.107  -68.132  -3.322 0.0000000000
13326  -14.313  -69.314  -2.945 0.0000000000
97716  -14.540  -68.476  -2.946 0.0000000000
44045  -13.933  -70.100  -3.046 0.0000000000
97713  -13.679  -69.554  -2.611 0.0000000000
43961  -42.530  -74.595  -5.307 0.0000000000
43963  -42.611  -74.980  -5.625 0.0000000000
616  -42.856  -74.239  -5.499 0.0000000000
137018  -42.447  -74.225  -4.946 0.0000000000
137019  -42.791  -73.886  -5.070 0.0000000000
41901  -38.559  -87.658  -8.335 0.0000000000
41301  -41.525  -82.296  -13.635 0.0000000000
162847  -16.791  -67.243  -4.688 0.0000000000
162848  -16.490  -67.033  -4.373 0.0000000000
161887  -41.917  -68.946  -15.971 0.0000000000
137323  -8.695  -71.783  -1.533 0.0000000000
53204  -39.916  -73.516  -11.355 0.0000000000
127851  -42.605  -73.734  -9.019 0.0000000000
102070  -21.897  -67.161  -10.081 0.0000000000
70272  -21.396  -67.727  -10.546 0.0000000000
97714  -13.994  -68.751  -2.639 0.0000000000
43964  -42.702  -75.311  -5.996 0.0000000000
56067  -26.324  -64.044  -6.523 0.0000000000
114703  -17.131  -67.460  -5.102 0.0000000000
161793  -43.680  -74.871  -6.946 0.0000000000
161796  -43.720  -75.139  -7.407 0.0000000000
43965  -43.023  -74.640  -5.814 0.0000000000
161763  -43.228  -73.450  -5.197 0.0000000000
161790  -43.342  -73.827  -5.622 0.0000000000
13245  -43.153  -74.939  -6.227 0.0000000000
161791  -43.506  -74.204  -6.003 0.0000000000
53205  -39.864  -72.633  -11.076 0.0000000000
22485  -39.875  -72.827  -11.514 0.0000000000
128151  -10.711  -69.627  -1.625 0.0000000000
28592  -11.411  -69.719  -1.830 0.0000000000
128153  -12.231  -69.721  -2.050 0.0000000000
161886  -41.731  -68.609  -15.356 0.0000000000
161792  -43.631  -74.533  -6.466 0.0000000000
13325  -12.995  -69.669  -2.316 0.0000000000
63012  -13.421  -68.973  -2.350 0.0000000000
53483  -17.738  -66.614  -6.730 0.0000000000
22764  -17.700  -66.713  -6.063 0.0000000000
114704  -17.587  -66.793  -5.579 0.0000000000
62799  -41.505  -73.802  -9.546 0.0000000000
28465  -41.072  -73.521  -9.618 0.0000000000
127859  -40.722  -73.157  -9.700 0.0000000000
28466  -40.376  -72.732  -9.743 0.0000000000
62804  -40.076  -72.273  -9.812 0.0000000000
28467  -39.847  -71.779  -9.937 0.0000000000
162583  -9.510  -69.483  -1.234 0.0000000000
28591  -10.074  -69.560  -1.430 0.0000000000
53411  -8.980  -70.071  -1.220 0.0000000000
128152  -11.310  -68.982  -1.571 0.0000000000
91112  -10.639  -68.877  -1.370 0.0000000000
63013  -12.760  -69.031  -2.059 0.0000000000
128154  -12.045  -69.034  -1.808 0.0000000000
31881  -41.324  -76.795  -2.427 0.0000000000
69959  -41.303  -77.165  -1.991 0.0000000000
137009  -41.384  -76.403  -2.864 0.0000000000
31884  -41.403  -76.015  -3.307 0.0000000000
69967  -41.336  -75.594  -2.919 0.0000000000
137008  -41.256  -76.007  -2.497 0.0000000000
69969  -41.514  -75.562  -3.669 0.0000000000
31885  -41.647  -75.099  -3.973 0.0000000000
137015  -41.813  -74.660  -4.234 0.0000000000
31886  -42.061  -74.253  -4.432 0.0000000000
69972  -41.949  -73.840  -4.134 0.0000000000
137014  -41.716  -74.216  -3.873 0.0000000000
69974  -42.326  -73.875  -4.610 0.0000000000
31887  -42.630  -73.505  -4.772 0.0000000000
161762  -43.041  -73.063  -4.921 0.0000000000
87900  -30.865  -87.925  -4.359 0.0000000000
39259  -31.617  -87.287  -3.993 0.0000000000
158735  -32.369  -86.628  -3.573 0.0000000000
39260  -33.195  -85.975  -3.099 0.0000000000
87903  -32.536  -86.031  -3.038 0.0000000000
158734  -31.774  -86.727  -3.465 0.0000000000
22691  -8.884  -69.360  -1.021 0.0000000000
91113  -9.989  -68.800  -1.183 0.0000000000
162584  -9.363  -68.719  -1.007 0.0000000000
21620  -31.981  -86.066  -2.928 0.0000000000
112644  -31.285  -86.767  -3.261 0.0000000000
87901  -31.142  -87.441  -3.777 0.0000000000
15644  -41.799  -73.436  -3.838 0.0000000000
101886  -41.529  -73.834  -3.552 0.0000000000
69970  -41.536  -74.641  -3.587 0.0000000000
31883  -41.196  -75.211  -2.490 0.0000000000
137007  -41.103  -75.606  -2.035 0.0000000000
69960  -41.188  -76.398  -2.046 0.0000000000
112643  -30.712  -86.884  -3.042 0.0000000000
9674  -30.617  -87.520  -3.504 0.0000000000
112645  -31.398  -86.185  -2.761 0.0000000000
21619  -30.827  -86.239  -2.532 0.0000000000
112642  -30.198  -86.945  -2.742 0.0000000000
87895  -30.116  -87.625  -3.188 0.0000000000
52338  -30.314  -86.154  -2.247 0.0000000000
112641  -29.723  -86.876  -2.376 0.0000000000
21618  -29.664  -87.665  -2.837 0.0000000000
21617  -29.777  -86.160  -1.932 0.0000000000
112639  -29.286  -86.866  -2.002 0.0000000000
112640  -29.313  -87.668  -2.419 0.0000000000
158725  -29.251  -88.444  -2.828 0.0000000000
5285  -28.955  -87.675  -2.005 0.0000000000
87894  -28.983  -88.455  -2.375 0.0000000000
126651  -28.895  -86.917  -1.603 0.0000000000
126652  -29.289  -86.148  -1.644 0.0000000000
101885  -41.459  -73.472  -3.215 0.0000000000
7082  -41.425  -74.306  -3.254 0.0000000000
101887  -41.659  -73.066  -3.536 0.0000000000
15643  -41.546  -72.701  -3.197 0.0000000000
101884  -41.307  -73.090  -2.838 0.0000000000
69964  -41.297  -73.926  -2.858 0.0000000000
46362  -41.336  -72.370  -2.855 0.0000000000
101883  -41.061  -72.747  -2.382 0.0000000000
15642  -41.118  -73.572  -2.436 0.0000000000
15641  -41.082  -72.067  -2.370 0.0000000000
101881  -40.788  -72.437  -1.922 0.0000000000
101882  -40.809  -73.213  -1.892 0.0000000000
87899  -30.455  -88.111  -3.997 0.0000000000
87897  -29.968  -88.247  -3.662 0.0000000000
87896  -29.571  -88.395  -3.240 0.0000000000
87892  -28.683  -88.398  -1.877 0.0000000000
27945  -28.402  -89.143  -1.732 0.0000000000
126647  -28.272  -88.437  -1.403 0.0000000000
126648  -28.556  -87.701  -1.531 0.0000000000
69973  -42.175  -73.499  -4.299 0.0000000000
69975  -42.490  -73.163  -4.462 0.0000000000
7083  -42.318  -72.776  -4.205 0.0000000000
69971  -42.068  -73.084  -4.058 0.0000000000
101888  -41.924  -72.770  -3.772 0.0000000000
101889  -42.199  -72.430  -3.943 0.0000000000
69968  -41.439  -75.141  -3.300 0.0000000000
69966  -41.311  -74.760  -2.899 0.0000000000
69965  -41.153  -74.393  -2.458 0.0000000000
137006  -41.007  -74.807  -1.982 0.0000000000
137005  -40.894  -74.015  -1.947 0.0000000000
46361  -41.377  -71.754  -2.767 0.0000000000
46363  -41.629  -72.045  -3.171 0.0000000000
1375  -41.705  -71.390  -3.099 0.0000000000
118286  -41.117  -71.400  -2.305 0.0000000000
118287  -41.440  -71.009  -2.697 0.0000000000
161761  -42.858  -72.761  -4.631 0.0000000000
126645  -28.144  -89.845  -1.590 0.0000000000
126646  -27.992  -89.195  -1.230 0.0000000000
46364  -41.806  -72.378  -3.497 0.0000000000
118285  -40.790  -71.767  -1.912 0.0000000000
46365  -41.925  -71.692  -3.458 0.0000000000
15645  -42.080  -72.073  -3.729 0.0000000000
161760  -42.713  -72.434  -4.356 0.0000000000
24363  -41.154  -70.635  -2.311 0.0000000000
55964  -40.806  -71.072  -1.909 0.0000000000
126644  -27.667  -89.880  -1.129 0.0000000000
27944  -27.475  -89.306  -0.794 0.0000000000
61935  -27.783  -88.571  -0.941 0.0000000000
27946  -28.088  -87.769  -1.069 0.0000000000
126650  -28.438  -86.983  -1.124 0.0000000000
27947  -28.860  -86.230  -1.176 0.0000000000
126643  -27.141  -89.978  -0.695 0.0000000000
52330  -27.378  -90.534  -1.019 0.0000000000
61934  -27.237  -88.626  -0.461 0.0000000000
61936  -27.553  -87.841  -0.549 0.0000000000
5284  -27.016  -87.877  -0.063 0.0000000000
61932  -26.671  -88.602  0.019 0.0000000000
61933  -26.924  -89.313  -0.345 0.0000000000
126649  -27.929  -87.066  -0.614 0.0000000000
97065  -27.407  -87.118  -0.126 0.0000000000
