#!ascii label  , from subject  vox2ras=TkReg
1512
148813  -10.669  -96.136  -9.945 0.0000000000
35944  -10.211  -95.894  -10.131 0.0000000000
79648  -10.608  -96.115  -10.535 0.0000000000
148814  -10.266  -95.878  -9.476 0.0000000000
148812  -11.045  -96.366  -10.362 0.0000000000
35943  -11.223  -96.306  -9.710 0.0000000000
148811  -10.904  -96.012  -9.208 0.0000000000
148815  -9.821  -95.629  -9.693 0.0000000000
8558  -10.478  -95.737  -8.873 0.0000000000
79628  -9.896  -95.553  -9.082 0.0000000000
35936  -9.461  -95.347  -9.349 0.0000000000
79650  -9.904  -95.559  -10.249 0.0000000000
148816  -9.528  -95.327  -9.875 0.0000000000
35945  -9.715  -95.155  -10.344 0.0000000000
148817  -9.326  -94.977  -10.004 0.0000000000
148790  -9.136  -95.147  -9.617 0.0000000000
148818  -9.618  -94.728  -10.349 0.0000000000
443  -8.900  -94.873  -9.784 0.0000000000
137334  -9.177  -94.633  -10.092 0.0000000000
32004  -9.551  -94.318  -10.303 0.0000000000
79652  -10.010  -94.843  -10.669 0.0000000000
148819  -10.040  -94.368  -10.560 0.0000000000
35946  -10.410  -94.507  -10.924 0.0000000000
148820  -10.526  -94.068  -10.617 0.0000000000
70224  -10.077  -93.995  -10.391 0.0000000000
7134  -10.646  -93.661  -10.342 0.0000000000
148822  -10.889  -94.170  -10.854 0.0000000000
148823  -11.071  -93.723  -10.498 0.0000000000
35947  -11.430  -93.815  -10.680 0.0000000000
79655  -11.252  -94.283  -11.087 0.0000000000
148821  -10.752  -94.637  -11.159 0.0000000000
148824  -11.667  -93.369  -10.217 0.0000000000
102039  -11.290  -93.280  -10.147 0.0000000000
15729  -11.859  -93.011  -9.724 0.0000000000
79657  -12.125  -93.484  -10.344 0.0000000000
148825  -12.335  -93.065  -9.781 0.0000000000
35948  -12.752  -93.080  -9.936 0.0000000000
148826  -12.973  -92.716  -9.344 0.0000000000
46449  -12.490  -92.693  -9.266 0.0000000000
1404  -13.097  -92.364  -8.817 0.0000000000
148834  -13.445  -92.761  -9.498 0.0000000000
148835  -13.658  -92.412  -8.871 0.0000000000
35951  -14.137  -92.508  -9.038 0.0000000000
79665  -13.915  -92.823  -9.689 0.0000000000
148833  -13.189  -93.110  -10.146 0.0000000000
148836  -14.289  -92.095  -8.449 0.0000000000
118404  -13.793  -92.021  -8.377 0.0000000000
24414  -14.461  -91.648  -7.990 0.0000000000
79667  -14.782  -92.201  -8.516 0.0000000000
148837  -14.944  -91.749  -8.021 0.0000000000
35952  -15.465  -91.867  -8.069 0.0000000000
148838  -15.712  -91.353  -7.732 0.0000000000
56049  -15.186  -91.217  -7.707 0.0000000000
3324  -16.029  -90.684  -7.396 0.0000000000
148840  -16.308  -91.419  -7.764 0.0000000000
148841  -16.651  -90.796  -7.389 0.0000000000
35953  -17.226  -90.863  -7.542 0.0000000000
79670  -16.908  -91.452  -7.938 0.0000000000
148839  -16.037  -91.912  -8.172 0.0000000000
148842  -17.648  -90.126  -7.164 0.0000000000
93534  -17.006  -90.056  -7.067 0.0000000000
11004  -17.950  -89.357  -7.016 0.0000000000
79672  -18.343  -90.144  -7.478 0.0000000000
148843  -18.637  -89.379  -7.239 0.0000000000
35954  -19.400  -89.374  -7.668 0.0000000000
148844  -19.636  -88.717  -7.481 0.0000000000
41724  -18.907  -88.615  -7.120 0.0000000000
87  -19.867  -88.014  -7.449 0.0000000000
148924  -20.421  -88.534  -8.003 0.0000000000
148925  -20.605  -88.002  -7.948 0.0000000000
35981  -21.265  -87.912  -8.553 0.0000000000
79740  -21.095  -88.421  -8.674 0.0000000000
148923  -20.152  -89.172  -8.261 0.0000000000
148926  -21.379  -87.423  -8.502 0.0000000000
143949  -20.720  -87.478  -7.971 0.0000000000
34299  -21.476  -86.902  -8.528 0.0000000000
79742  -21.924  -87.314  -9.135 0.0000000000
148927  -22.046  -86.826  -9.061 0.0000000000
35982  -22.470  -86.641  -9.763 0.0000000000
148928  -22.532  -86.172  -9.762 0.0000000000
75624  -22.106  -86.297  -9.120 0.0000000000
7989  -22.535  -85.661  -9.862 0.0000000000
148930  -22.851  -85.927  -10.488 0.0000000000
148931  -22.871  -85.485  -10.473 0.0000000000
35983  -23.051  -85.315  -11.173 0.0000000000
79745  -23.056  -85.706  -11.197 0.0000000000
148929  -22.797  -86.363  -10.538 0.0000000000
18902  -23.039  -86.126  -11.298 0.0000000000
107750  -22.708  -86.859  -10.656 0.0000000000
79743  -22.381  -87.117  -9.875 0.0000000000
35980  -20.813  -88.949  -8.990 0.0000000000
148922  -19.833  -89.811  -8.579 0.0000000000
79673  -19.091  -90.075  -7.939 0.0000000000
148921  -20.500  -89.584  -9.218 0.0000000000
148919  -19.471  -90.522  -8.833 0.0000000000
8564  -18.741  -90.728  -8.267 0.0000000000
79738  -21.378  -88.775  -9.716 0.0000000000
148920  -21.094  -89.415  -9.925 0.0000000000
35979  -20.157  -90.348  -9.362 0.0000000000
18900  -21.846  -88.589  -10.460 0.0000000000
107746  -21.665  -89.145  -10.619 0.0000000000
79736  -20.883  -90.103  -10.067 0.0000000000
148918  -19.162  -91.279  -9.030 0.0000000000
107708  -18.374  -91.420  -8.621 0.0000000000
79735  -19.950  -91.022  -9.539 0.0000000000
148917  -18.912  -92.000  -9.294 0.0000000000
18878  -18.054  -92.104  -8.966 0.0000000000
35978  -19.823  -91.752  -9.692 0.0000000000
148916  -18.743  -92.737  -9.562 0.0000000000
49598  -17.784  -92.810  -9.332 0.0000000000
148915  -19.694  -92.473  -9.880 0.0000000000
148907  -18.660  -93.416  -9.841 0.0000000000
1994  -17.728  -93.465  -9.698 0.0000000000
79733  -20.704  -91.398  -10.123 0.0000000000
148914  -20.615  -92.069  -10.294 0.0000000000
35975  -19.616  -93.166  -10.166 0.0000000000
35977  -21.501  -90.990  -10.649 0.0000000000
148913  -21.431  -91.640  -10.770 0.0000000000
79726  -20.565  -92.747  -10.545 0.0000000000
148912  -22.139  -90.613  -11.158 0.0000000000
148910  -22.097  -91.217  -11.265 0.0000000000
8571  -21.368  -92.275  -11.016 0.0000000000
79731  -22.178  -90.030  -11.238 0.0000000000
148911  -22.753  -89.714  -11.722 0.0000000000
35976  -22.704  -90.225  -11.605 0.0000000000
18898  -22.710  -89.275  -11.867 0.0000000000
107742  -23.266  -89.022  -12.389 0.0000000000
79729  -23.301  -89.444  -12.240 0.0000000000
148909  -22.702  -90.788  -11.713 0.0000000000
107740  -22.056  -91.809  -11.514 0.0000000000
79728  -23.277  -89.850  -12.091 0.0000000000
148908  -23.299  -90.414  -12.063 0.0000000000
18896  -22.650  -91.382  -11.939 0.0000000000
26314  -23.901  -89.504  -12.534 0.0000000000
122836  -23.931  -90.015  -12.395 0.0000000000
49616  -23.253  -90.989  -12.266 0.0000000000
148906  -18.655  -94.010  -10.283 0.0000000000
122813  -17.684  -94.087  -10.138 0.0000000000
79725  -19.596  -93.799  -10.696 0.0000000000
148905  -18.627  -94.545  -10.879 0.0000000000
26303  -17.666  -94.631  -10.685 0.0000000000
35974  -19.533  -94.330  -11.281 0.0000000000
148904  -18.528  -95.056  -11.536 0.0000000000
59198  -17.566  -95.125  -11.281 0.0000000000
148903  -19.437  -94.815  -11.919 0.0000000000
148901  -18.401  -95.529  -12.221 0.0000000000
4373  -17.483  -95.615  -11.897 0.0000000000
79723  -20.382  -93.926  -11.660 0.0000000000
148902  -20.245  -94.401  -12.282 0.0000000000
35973  -19.258  -95.237  -12.589 0.0000000000
18895  -21.157  -93.397  -11.999 0.0000000000
107737  -20.961  -93.842  -12.606 0.0000000000
79721  -20.086  -94.770  -12.930 0.0000000000
148900  -18.266  -95.908  -12.911 0.0000000000
95423  -17.369  -96.057  -12.552 0.0000000000
79720  -19.082  -95.590  -13.284 0.0000000000
148899  -18.121  -96.202  -13.626 0.0000000000
12053  -17.236  -96.338  -13.266 0.0000000000
35972  -18.925  -95.904  -13.975 0.0000000000
148898  -17.999  -96.416  -14.291 0.0000000000
42773  -17.177  -96.513  -13.960 0.0000000000
148897  -18.839  -96.140  -14.595 0.0000000000
148871  -17.949  -96.661  -14.848 0.0000000000
444  -17.177  -96.748  -14.550 0.0000000000
79718  -19.732  -95.451  -14.283 0.0000000000
148896  -19.603  -95.763  -14.853 0.0000000000
35963  -18.736  -96.432  -15.149 0.0000000000
35971  -20.420  -94.878  -14.502 0.0000000000
148895  -20.288  -95.243  -15.034 0.0000000000
79696  -19.559  -96.055  -15.407 0.0000000000
148894  -21.095  -94.318  -14.716 0.0000000000
148892  -21.029  -94.676  -15.211 0.0000000000
8567  -20.330  -95.597  -15.551 0.0000000000
79716  -21.213  -93.995  -14.181 0.0000000000
148893  -21.802  -93.519  -14.390 0.0000000000
35970  -21.700  -93.852  -14.911 0.0000000000
18893  -21.979  -93.193  -13.878 0.0000000000
107733  -22.594  -92.737  -14.112 0.0000000000
79714  -22.428  -93.129  -14.623 0.0000000000
148891  -21.661  -94.285  -15.391 0.0000000000
107722  -20.969  -95.155  -15.668 0.0000000000
79713  -22.308  -93.555  -15.119 0.0000000000
148890  -22.288  -94.099  -15.619 0.0000000000
18886  -21.683  -94.837  -15.840 0.0000000000
35969  -23.046  -93.257  -15.366 0.0000000000
148889  -23.055  -93.839  -15.814 0.0000000000
49606  -22.339  -94.660  -16.056 0.0000000000
148888  -23.866  -93.105  -15.494 0.0000000000
148880  -23.881  -93.663  -15.885 0.0000000000
1995  -23.117  -94.404  -16.170 0.0000000000
79711  -23.932  -92.585  -15.060 0.0000000000
148887  -24.741  -92.468  -15.150 0.0000000000
35966  -24.712  -93.003  -15.555 0.0000000000
35968  -24.803  -91.954  -14.724 0.0000000000
148886  -25.555  -91.822  -14.807 0.0000000000
79704  -25.550  -92.358  -15.235 0.0000000000
148885  -25.622  -91.376  -14.361 0.0000000000
148883  -26.374  -91.229  -14.444 0.0000000000
8568  -26.333  -91.724  -14.837 0.0000000000
79709  -24.877  -91.567  -14.233 0.0000000000
148884  -25.743  -90.820  -13.899 0.0000000000
35967  -26.466  -90.696  -14.090 0.0000000000
148882  -27.162  -90.605  -14.351 0.0000000000
107727  -27.093  -91.161  -14.654 0.0000000000
148879  -24.670  -93.545  -15.951 0.0000000000
122824  -24.006  -94.270  -16.239 0.0000000000
79703  -25.513  -92.907  -15.637 0.0000000000
148878  -25.502  -93.470  -15.974 0.0000000000
26308  -24.797  -94.119  -16.254 0.0000000000
35965  -26.282  -92.819  -15.638 0.0000000000
148877  -26.332  -93.373  -15.848 0.0000000000
59206  -25.646  -94.024  -16.169 0.0000000000
148876  -27.060  -92.704  -15.497 0.0000000000
148874  -27.124  -93.287  -15.575 0.0000000000
4376  -26.447  -93.945  -15.920 0.0000000000
148870  -17.942  -96.965  -15.309 0.0000000000
132488  -17.236  -97.016  -15.034 0.0000000000
79695  -18.779  -96.778  -15.635 0.0000000000
148869  -18.079  -97.326  -15.703 0.0000000000
30218  -17.329  -97.400  -15.328 0.0000000000
35962  -18.958  -97.207  -16.012 0.0000000000
148868  -18.294  -97.708  -15.855 0.0000000000
66398  -17.543  -97.720  -15.532 0.0000000000
148867  -19.146  -97.648  -16.105 0.0000000000
148865  -18.558  -98.057  -15.855 0.0000000000
6368  -17.800  -98.044  -15.577 0.0000000000
79693  -19.751  -96.901  -16.105 0.0000000000
148866  -20.010  -97.392  -16.262 0.0000000000
35961  -19.389  -97.993  -16.069 0.0000000000
18885  -20.517  -96.560  -16.187 0.0000000000
107719  -20.763  -97.068  -16.313 0.0000000000
79691  -20.180  -97.810  -16.197 0.0000000000
148864  -18.862  -98.374  -15.736 0.0000000000
99743  -18.097  -98.347  -15.435 0.0000000000
79690  -19.632  -98.337  -15.920 0.0000000000
148863  -19.171  -98.721  -15.451 0.0000000000
14453  -18.444  -98.619  -15.186 0.0000000000
35960  -19.886  -98.697  -15.628 0.0000000000
148862  -19.436  -99.014  -15.073 0.0000000000
45173  -18.717  -98.897  -14.829 0.0000000000
148861  -20.114  -98.970  -15.184 0.0000000000
148853  -19.704  -99.220  -14.571 0.0000000000
978  -18.974  -99.148  -14.375 0.0000000000
79688  -20.593  -98.559  -15.695 0.0000000000
148860  -20.834  -98.778  -15.200 0.0000000000
35957  -20.342  -99.191  -14.618 0.0000000000
35959  -21.306  -98.343  -15.720 0.0000000000
148859  -21.536  -98.587  -15.197 0.0000000000
79681  -21.058  -98.965  -14.564 0.0000000000
148858  -22.013  -98.097  -15.760 0.0000000000
148856  -22.205  -98.351  -15.219 0.0000000000
8565  -21.755  -98.790  -14.552 0.0000000000
79686  -21.809  -97.762  -16.135 0.0000000000
148857  -22.513  -97.512  -16.191 0.0000000000
35958  -22.683  -97.799  -15.745 0.0000000000
18883  -22.300  -97.119  -16.466 0.0000000000
107715  -22.986  -96.860  -16.396 0.0000000000
79684  -23.149  -97.222  -16.050 0.0000000000
148855  -22.805  -98.032  -15.151 0.0000000000
107713  -22.351  -98.544  -14.524 0.0000000000
79683  -23.283  -97.508  -15.546 0.0000000000
148854  -23.320  -97.702  -14.898 0.0000000000
18881  -22.821  -98.217  -14.378 0.0000000000
26305  -23.883  -97.128  -15.242 0.0000000000
122815  -23.838  -97.293  -14.578 0.0000000000
49601  -23.256  -97.809  -14.153 0.0000000000
148852  -19.985  -99.354  -13.881 0.0000000000
116618  -19.377  -99.291  -13.747 0.0000000000
79680  -20.588  -99.321  -13.907 0.0000000000
148851  -20.271  -99.404  -13.060 0.0000000000
23648  -19.689  -99.388  -12.980 0.0000000000
35956  -20.876  -99.319  -13.052 0.0000000000
148850  -20.551  -99.439  -12.142 0.0000000000
54773  -19.975  -99.434  -12.128 0.0000000000
148849  -21.134  -99.308  -12.093 0.0000000000
148847  -20.812  -99.471  -11.124 0.0000000000
2898  -20.278  -99.458  -11.155 0.0000000000
79678  -21.479  -99.121  -13.015 0.0000000000
148848  -21.677  -99.073  -12.009 0.0000000000
35955  -21.398  -99.274  -11.057 0.0000000000
18880  -22.013  -98.886  -12.989 0.0000000000
107710  -22.075  -98.790  -11.887 0.0000000000
79676  -21.867  -99.052  -10.992 0.0000000000
148846  -21.056  -99.407  -10.038 0.0000000000
92768  -20.503  -99.410  -10.022 0.0000000000
79675  -21.649  -99.269  -10.093 0.0000000000
148845  -21.251  -99.453  -8.991 0.0000000000
10578  -20.693  -99.437  -8.956 0.0000000000
18877  -16.660  -91.972  -8.412 0.0000000000
107705  -15.812  -92.311  -8.783 0.0000000000
79668  -15.278  -92.261  -8.612 0.0000000000
35950  -13.646  -93.202  -10.403 0.0000000000
148832  -12.944  -93.510  -10.826 0.0000000000
79658  -12.457  -93.450  -10.555 0.0000000000
148831  -13.404  -93.628  -11.088 0.0000000000
148829  -12.751  -93.997  -11.459 0.0000000000
8562  -12.243  -93.920  -11.180 0.0000000000
79663  -14.110  -93.330  -10.565 0.0000000000
148830  -13.955  -93.797  -11.184 0.0000000000
35949  -13.295  -94.058  -11.664 0.0000000000
18875  -14.648  -93.550  -10.610 0.0000000000
107701  -14.554  -94.052  -11.193 0.0000000000
79661  -13.887  -94.273  -11.759 0.0000000000
148828  -12.651  -94.462  -11.998 0.0000000000
107699  -12.133  -94.413  -11.700 0.0000000000
79660  -13.206  -94.577  -12.196 0.0000000000
148827  -12.634  -94.978  -12.420 0.0000000000
18873  -12.094  -94.887  -12.159 0.0000000000
26300  -13.205  -95.085  -12.644 0.0000000000
122804  -12.707  -95.511  -12.730 0.0000000000
49593  -12.157  -95.419  -12.460 0.0000000000
18872  -11.178  -94.791  -11.418 0.0000000000
107696  -10.759  -95.166  -11.263 0.0000000000
79653  -10.371  -94.991  -10.972 0.0000000000
18870  -10.982  -96.321  -10.930 0.0000000000
107692  -11.414  -96.588  -10.817 0.0000000000
79646  -11.579  -96.522  -10.176 0.0000000000
148810  -11.531  -96.008  -9.001 0.0000000000
107681  -11.191  -95.699  -8.623 0.0000000000
79645  -11.843  -96.280  -9.428 0.0000000000
148809  -12.202  -95.914  -8.722 0.0000000000
18863  -11.906  -95.603  -8.355 0.0000000000
35942  -12.533  -96.204  -9.168 0.0000000000
148808  -12.932  -95.778  -8.428 0.0000000000
49583  -12.628  -95.432  -8.055 0.0000000000
148807  -13.276  -96.071  -8.889 0.0000000000
148799  -13.757  -95.529  -8.081 0.0000000000
1992  -13.450  -95.247  -7.671 0.0000000000
79643  -12.835  -96.499  -9.645 0.0000000000
148806  -13.567  -96.371  -9.343 0.0000000000
35939  -14.048  -95.844  -8.511 0.0000000000
35941  -13.112  -96.783  -10.132 0.0000000000
148805  -13.844  -96.652  -9.824 0.0000000000
79636  -14.365  -96.152  -8.941 0.0000000000
148804  -13.399  -97.004  -10.671 0.0000000000
148802  -14.090  -96.881  -10.391 0.0000000000
8559  -14.599  -96.487  -9.507 0.0000000000
79641  -12.715  -97.103  -10.902 0.0000000000
148803  -13.025  -97.241  -11.661 0.0000000000
35940  -13.688  -97.165  -11.324 0.0000000000
18868  -12.575  -97.136  -11.749 0.0000000000
107688  -13.002  -97.243  -12.393 0.0000000000
79639  -13.462  -97.307  -12.208 0.0000000000
148801  -14.358  -97.086  -10.939 0.0000000000
107686  -14.785  -96.754  -10.040 0.0000000000
79638  -14.066  -97.321  -11.830 0.0000000000
148800  -14.691  -97.282  -11.454 0.0000000000
18866  -15.042  -97.013  -10.547 0.0000000000
26296  -14.453  -97.431  -12.416 0.0000000000
122794  -15.037  -97.462  -11.993 0.0000000000
49586  -15.311  -97.268  -11.039 0.0000000000
148798  -14.560  -95.350  -7.726 0.0000000000
122792  -14.302  -95.039  -7.272 0.0000000000
79635  -14.828  -95.682  -8.143 0.0000000000
148797  -15.324  -95.229  -7.317 0.0000000000
26294  -15.108  -94.890  -6.841 0.0000000000
35938  -15.584  -95.597  -7.713 0.0000000000
148796  -16.093  -95.204  -6.710 0.0000000000
59183  -15.849  -94.823  -6.271 0.0000000000
148795  -16.327  -95.567  -7.280 0.0000000000
148793  -16.619  -95.361  -5.973 0.0000000000
4368  -16.430  -94.985  -5.473 0.0000000000
79633  -15.784  -95.939  -8.219 0.0000000000
148794  -16.414  -95.929  -7.724 0.0000000000
35937  -16.789  -95.752  -6.491 0.0000000000
18865  -15.981  -96.279  -8.701 0.0000000000
107683  -16.593  -96.324  -8.097 0.0000000000
79631  -16.881  -96.149  -6.965 0.0000000000
148792  -16.918  -95.680  -5.122 0.0000000000
95414  -16.783  -95.274  -4.628 0.0000000000
79630  -16.987  -96.109  -5.630 0.0000000000
148791  -16.941  -96.153  -4.210 0.0000000000
12048  -16.875  -95.746  -3.745 0.0000000000
30209  -16.910  -96.625  -4.692 0.0000000000
132461  -16.482  -96.784  -3.318 0.0000000000
42768  -16.440  -96.330  -2.884 0.0000000000
148789  -9.084  -95.118  -9.145 0.0000000000
44049  -8.768  -94.934  -9.398 0.0000000000
79627  -9.490  -95.272  -8.818 0.0000000000
148788  -9.196  -95.024  -8.661 0.0000000000
13329  -8.781  -94.872  -8.966 0.0000000000
35935  -9.751  -95.149  -8.244 0.0000000000
148787  -9.555  -94.858  -8.050 0.0000000000
97719  -8.986  -94.771  -8.450 0.0000000000
148786  -10.237  -94.862  -7.606 0.0000000000
148784  -10.083  -94.552  -7.434 0.0000000000
5649  -9.376  -94.550  -7.881 0.0000000000
79625  -10.487  -95.130  -7.851 0.0000000000
148785  -11.043  -94.750  -7.221 0.0000000000
35934  -10.830  -94.482  -6.996 0.0000000000
18862  -11.292  -95.019  -7.538 0.0000000000
107678  -11.905  -94.539  -6.922 0.0000000000
79623  -11.671  -94.253  -6.628 0.0000000000
148783  -10.614  -94.173  -6.806 0.0000000000
63024  -9.831  -94.259  -7.287 0.0000000000
79622  -11.451  -93.959  -6.372 0.0000000000
148782  -11.225  -93.643  -6.152 0.0000000000
28599  -10.413  -93.846  -6.553 0.0000000000
35933  -12.134  -93.373  -5.729 0.0000000000
148781  -11.954  -93.096  -5.384 0.0000000000
128169  -11.031  -93.357  -5.786 0.0000000000
148780  -12.896  -92.823  -4.946 0.0000000000
148772  -12.783  -92.530  -4.530 0.0000000000
1991  -11.835  -92.789  -4.980 0.0000000000
79620  -13.083  -93.070  -5.246 0.0000000000
148779  -13.862  -92.566  -4.356 0.0000000000
35930  -13.738  -92.292  -3.993 0.0000000000
35932  -14.146  -92.782  -4.631 0.0000000000
148778  -14.687  -92.482  -3.635 0.0000000000
79613  -14.469  -92.289  -3.313 0.0000000000
148777  -14.902  -92.700  -3.900 0.0000000000
148775  -15.280  -92.519  -2.818 0.0000000000
8556  -15.072  -92.356  -2.521 0.0000000000
79618  -14.272  -93.097  -4.982 0.0000000000
148776  -15.036  -93.019  -4.243 0.0000000000
35931  -15.466  -92.764  -3.115 0.0000000000
18860  -14.428  -93.389  -5.304 0.0000000000
107674  -15.150  -93.347  -4.627 0.0000000000
79616  -15.603  -93.083  -3.457 0.0000000000
148774  -15.617  -92.705  -1.948 0.0000000000
107672  -15.420  -92.574  -1.580 0.0000000000
79615  -15.866  -92.954  -2.235 0.0000000000
148773  -15.605  -93.158  -0.925 0.0000000000
18858  -15.427  -92.930  -0.620 0.0000000000
26291  -15.767  -93.458  -1.215 0.0000000000
122783  -15.417  -93.695  0.011 0.0000000000
49578  -15.262  -93.394  0.305 0.0000000000
148771  -13.616  -92.077  -3.537 0.0000000000
53424  -12.659  -92.267  -4.125 0.0000000000
79612  -14.288  -92.076  -2.936 0.0000000000
148770  -14.092  -91.843  -2.555 0.0000000000
22704  -13.440  -91.885  -3.157 0.0000000000
35929  -14.589  -91.929  -1.897 0.0000000000
148769  -14.341  -91.648  -1.464 0.0000000000
114594  -13.833  -91.612  -2.159 0.0000000000
148768  -14.670  -91.843  -0.632 0.0000000000
148766  -14.457  -91.551  -0.205 0.0000000000
8555  -14.141  -91.364  -0.930 0.0000000000
79610  -14.905  -92.127  -0.988 0.0000000000
148767  -14.626  -92.219  0.250 0.0000000000
35928  -14.432  -91.844  0.628 0.0000000000
18857  -14.932  -92.497  -0.038 0.0000000000
107669  -14.477  -92.618  1.165 0.0000000000
79608  -14.237  -92.247  1.504 0.0000000000
148765  -14.176  -91.581  1.039 0.0000000000
91149  -14.167  -91.301  0.247 0.0000000000
143951  -20.776  -86.889  -8.065 0.0000000000
143950  -19.975  -87.391  -7.616 0.0000000000
137336  -9.016  -94.266  -10.111 0.0000000000
137335  -8.701  -94.519  -9.851 0.0000000000
132487  -16.699  -97.255  -14.967 0.0000000000
42769  -16.544  -96.968  -14.721 0.0000000000
66397  -16.907  -97.594  -15.157 0.0000000000
132486  -16.332  -97.464  -14.860 0.0000000000
12049  -16.101  -97.144  -14.690 0.0000000000
30217  -16.590  -97.801  -14.924 0.0000000000
132485  -16.082  -97.676  -14.638 0.0000000000
95415  -15.810  -97.363  -14.595 0.0000000000
132484  -16.326  -98.009  -14.524 0.0000000000
132482  -15.868  -97.874  -14.153 0.0000000000
4369  -15.602  -97.554  -14.284 0.0000000000
66395  -16.926  -98.160  -14.841 0.0000000000
132483  -16.664  -98.292  -14.342 0.0000000000
30216  -16.155  -98.145  -13.964 0.0000000000
14452  -17.284  -98.433  -14.636 0.0000000000
99740  -17.047  -98.505  -14.073 0.0000000000
66393  -16.505  -98.342  -13.731 0.0000000000
132481  -15.715  -97.968  -13.559 0.0000000000
59184  -15.431  -97.685  -13.763 0.0000000000
66392  -16.049  -98.138  -13.282 0.0000000000
132480  -15.655  -97.902  -12.872 0.0000000000
26295  -15.320  -97.752  -13.186 0.0000000000
30215  -16.063  -98.035  -12.515 0.0000000000
132479  -15.825  -97.812  -12.047 0.0000000000
122793  -15.387  -97.660  -12.449 0.0000000000
132478  -16.266  -97.955  -11.614 0.0000000000
132470  -16.052  -97.680  -11.095 0.0000000000
977  -15.565  -97.539  -11.542 0.0000000000
66390  -16.475  -98.181  -12.049 0.0000000000
132477  -16.631  -98.127  -11.042 0.0000000000
30212  -16.513  -97.839  -10.613 0.0000000000
30214  -16.765  -98.387  -11.450 0.0000000000
132476  -16.907  -98.290  -10.423 0.0000000000
66383  -16.858  -97.995  -10.036 0.0000000000
132475  -17.008  -98.528  -10.755 0.0000000000
132473  -17.094  -98.458  -9.740 0.0000000000
6366  -17.079  -98.174  -9.358 0.0000000000
66388  -17.030  -98.605  -11.804 0.0000000000
132474  -17.237  -98.747  -11.096 0.0000000000
30213  -17.160  -98.719  -10.014 0.0000000000
14450  -17.436  -98.786  -12.115 0.0000000000
99736  -17.630  -98.928  -11.363 0.0000000000
66386  -17.407  -98.923  -10.325 0.0000000000
132472  -17.139  -98.695  -9.001 0.0000000000
99734  -17.095  -98.442  -8.554 0.0000000000
66385  -17.271  -98.967  -9.257 0.0000000000
132471  -17.025  -99.168  -8.220 0.0000000000
14448  -16.846  -98.949  -7.836 0.0000000000
23645  -17.336  -99.275  -8.512 0.0000000000
116609  -16.889  -99.681  -7.505 0.0000000000
45168  -16.544  -99.515  -7.137 0.0000000000
132469  -16.334  -97.484  -10.108 0.0000000000
49584  -15.849  -97.323  -10.571 0.0000000000
66382  -16.765  -97.665  -9.528 0.0000000000
132468  -16.707  -97.229  -9.082 0.0000000000
18864  -16.276  -97.059  -9.676 0.0000000000
30211  -17.044  -97.472  -8.332 0.0000000000
132467  -17.014  -97.018  -7.903 0.0000000000
107682  -16.675  -96.763  -8.595 0.0000000000
132466  -17.009  -97.447  -7.093 0.0000000000
132464  -16.994  -97.022  -6.584 0.0000000000
6365  -17.017  -96.580  -7.367 0.0000000000
66380  -16.988  -97.875  -7.500 0.0000000000
132465  -16.766  -97.962  -6.283 0.0000000000
30210  -16.784  -97.549  -5.763 0.0000000000
14447  -16.709  -98.376  -6.781 0.0000000000
99731  -16.291  -98.578  -5.584 0.0000000000
66378  -16.358  -98.157  -4.973 0.0000000000
132463  -16.819  -97.114  -5.222 0.0000000000
79629  -17.002  -96.565  -6.106 0.0000000000
66377  -16.403  -97.752  -4.356 0.0000000000
132462  -16.448  -97.304  -3.786 0.0000000000
30208  -15.824  -97.856  -3.115 0.0000000000
132460  -15.853  -97.383  -2.570 0.0000000000
442  -15.827  -96.923  -2.092 0.0000000000
158550  -15.091  -97.597  -1.516 0.0000000000
158551  -15.105  -98.036  -2.067 0.0000000000
128171  -10.173  -93.491  -6.129 0.0000000000
128170  -10.914  -92.962  -5.318 0.0000000000
122835  -24.525  -89.604  -12.736 0.0000000000
1996  -23.863  -90.564  -12.550 0.0000000000
122837  -24.497  -89.180  -12.934 0.0000000000
26313  -25.108  -88.933  -13.222 0.0000000000
122834  -25.156  -89.328  -13.062 0.0000000000
49610  -24.510  -90.168  -12.793 0.0000000000
122823  -24.166  -94.859  -16.454 0.0000000000
49602  -23.257  -94.962  -16.434 0.0000000000
59205  -24.978  -94.701  -16.355 0.0000000000
122822  -24.303  -95.392  -16.446 0.0000000000
18882  -23.466  -95.512  -16.520 0.0000000000
26307  -25.184  -95.280  -16.277 0.0000000000
122821  -24.447  -95.888  -16.232 0.0000000000
107714  -23.608  -96.082  -16.421 0.0000000000
122820  -25.303  -95.762  -16.024 0.0000000000
122818  -24.553  -96.307  -15.921 0.0000000000
4375  -23.741  -96.554  -16.177 0.0000000000
59203  -25.978  -95.110  -15.970 0.0000000000
122819  -26.077  -95.563  -15.689 0.0000000000
26306  -25.333  -96.113  -15.612 0.0000000000
12055  -26.664  -95.037  -15.544 0.0000000000
95425  -26.707  -95.512  -15.177 0.0000000000
59201  -26.011  -95.969  -15.213 0.0000000000
122817  -24.588  -96.624  -15.481 0.0000000000
79682  -23.852  -96.924  -15.828 0.0000000000
59200  -25.261  -96.414  -15.086 0.0000000000
122816  -24.463  -96.857  -14.856 0.0000000000
26304  -25.136  -96.637  -14.471 0.0000000000
122814  -24.363  -96.979  -14.153 0.0000000000
1523  -23.748  -97.391  -13.820 0.0000000000
139265  -24.208  -97.021  -13.431 0.0000000000
139266  -24.983  -96.756  -13.769 0.0000000000
122812  -16.713  -94.513  -10.577 0.0000000000
49594  -16.788  -93.959  -10.102 0.0000000000
59197  -16.674  -94.992  -11.175 0.0000000000
122811  -15.852  -94.682  -11.167 0.0000000000
18874  -15.869  -94.225  -10.614 0.0000000000
26302  -15.829  -95.130  -11.727 0.0000000000
122810  -15.112  -94.758  -11.796 0.0000000000
107700  -15.142  -94.335  -11.218 0.0000000000
122809  -15.116  -95.212  -12.321 0.0000000000
122807  -14.448  -95.015  -12.306 0.0000000000
4372  -14.479  -94.553  -11.772 0.0000000000
59195  -15.821  -95.530  -12.289 0.0000000000
122808  -15.184  -95.561  -12.885 0.0000000000
26301  -14.522  -95.408  -12.860 0.0000000000
12052  -15.861  -95.829  -12.896 0.0000000000
95420  -15.229  -95.912  -13.400 0.0000000000
59193  -14.635  -95.765  -13.349 0.0000000000
122806  -13.852  -95.268  -12.777 0.0000000000
79659  -13.798  -94.774  -12.310 0.0000000000
59192  -13.976  -95.722  -13.239 0.0000000000
122805  -13.299  -95.580  -13.025 0.0000000000
26299  -13.519  -96.027  -13.331 0.0000000000
122803  -12.897  -95.934  -13.005 0.0000000000
1993  -12.331  -95.856  -12.665 0.0000000000
122802  -13.109  -96.370  -13.244 0.0000000000
49587  -12.530  -96.310  -12.837 0.0000000000
59190  -13.708  -96.428  -13.585 0.0000000000
122801  -13.323  -96.750  -13.456 0.0000000000
18867  -12.750  -96.785  -12.974 0.0000000000
26298  -13.918  -96.772  -13.749 0.0000000000
122800  -13.587  -97.072  -13.544 0.0000000000
107687  -13.087  -97.121  -13.065 0.0000000000
122799  -14.183  -97.014  -13.754 0.0000000000
122797  -13.997  -97.259  -13.374 0.0000000000
4370  -13.477  -97.270  -12.951 0.0000000000
59188  -14.492  -96.808  -13.982 0.0000000000
122798  -14.739  -97.094  -14.070 0.0000000000
26297  -14.545  -97.285  -13.692 0.0000000000
12050  -15.046  -96.891  -14.195 0.0000000000
95416  -15.290  -97.232  -14.311 0.0000000000
59186  -15.111  -97.369  -13.925 0.0000000000
122796  -14.437  -97.421  -13.157 0.0000000000
79637  -13.940  -97.354  -12.711 0.0000000000
59185  -14.945  -97.520  -13.478 0.0000000000
122795  -14.912  -97.543  -12.841 0.0000000000
122791  -14.902  -94.547  -6.356 0.0000000000
49579  -14.034  -94.743  -6.851 0.0000000000
59182  -15.618  -94.495  -5.787 0.0000000000
122790  -15.434  -94.136  -5.346 0.0000000000
18859  -14.716  -94.151  -5.997 0.0000000000
26293  -16.020  -94.287  -4.600 0.0000000000
122789  -15.848  -93.870  -4.211 0.0000000000
107673  -15.289  -93.725  -4.988 0.0000000000
122788  -16.268  -94.161  -3.362 0.0000000000
122786  -16.086  -93.708  -2.970 0.0000000000
4367  -15.693  -93.447  -3.846 0.0000000000
59180  -16.487  -94.551  -3.779 0.0000000000
122787  -16.356  -94.596  -2.432 0.0000000000
26292  -16.126  -94.190  -1.970 0.0000000000
12047  -16.584  -95.014  -2.861 0.0000000000
95411  -16.028  -95.197  -1.547 0.0000000000
59178  -15.874  -94.749  -1.054 0.0000000000
122785  -15.939  -93.764  -1.628 0.0000000000
79614  -15.968  -93.278  -2.589 0.0000000000
59177  -15.742  -94.372  -0.719 0.0000000000
122784  -15.573  -94.027  -0.336 0.0000000000
26290  -15.239  -94.678  0.500 0.0000000000
122782  -15.094  -94.305  0.860 0.0000000000
1990  -14.952  -93.955  1.198 0.0000000000
158514  -14.362  -94.691  1.957 0.0000000000
158515  -14.513  -95.078  1.682 0.0000000000
118406  -13.906  -91.509  -7.957 0.0000000000
118405  -13.146  -91.896  -8.332 0.0000000000
116617  -19.111  -99.299  -12.808 0.0000000000
45169  -18.771  -99.170  -13.535 0.0000000000
54772  -19.408  -99.390  -11.982 0.0000000000
116616  -18.764  -99.231  -11.799 0.0000000000
14449  -18.477  -99.134  -12.593 0.0000000000
23647  -19.011  -99.256  -10.947 0.0000000000
116615  -18.408  -99.160  -10.757 0.0000000000
99735  -18.180  -99.076  -11.547 0.0000000000
116614  -18.613  -99.196  -9.845 0.0000000000
116612  -18.064  -99.154  -9.685 0.0000000000
2897  -17.857  -99.050  -10.538 0.0000000000
54770  -19.225  -99.231  -9.940 0.0000000000
116613  -18.760  -99.188  -8.785 0.0000000000
23646  -18.275  -99.216  -8.706 0.0000000000
10577  -19.430  -99.246  -8.888 0.0000000000
92765  -18.927  -99.453  -7.925 0.0000000000
54768  -18.325  -99.604  -7.870 0.0000000000
116611  -17.747  -99.279  -8.663 0.0000000000
66384  -17.599  -99.097  -9.466 0.0000000000
54767  -17.799  -99.677  -7.843 0.0000000000
116610  -17.308  -99.715  -7.741 0.0000000000
23644  -17.273  -100.224  -7.023 0.0000000000
116608  -16.708  -100.297  -6.810 0.0000000000
976  -16.260  -100.060  -6.514 0.0000000000
158568  -16.138  -100.702  -6.053 0.0000000000
158569  -16.748  -100.798  -6.290 0.0000000000
114596  -13.257  -91.575  -2.574 0.0000000000
114595  -13.689  -91.232  -1.423 0.0000000000
107749  -22.608  -87.379  -10.878 0.0000000000
8573  -22.264  -87.602  -10.008 0.0000000000
107751  -22.974  -86.617  -11.515 0.0000000000
18901  -22.817  -87.186  -11.727 0.0000000000
107748  -22.434  -87.932  -11.060 0.0000000000
79737  -22.072  -88.110  -10.209 0.0000000000
49620  -22.688  -87.769  -11.862 0.0000000000
107747  -22.251  -88.441  -11.198 0.0000000000
18899  -22.617  -88.307  -11.984 0.0000000000
107745  -22.168  -88.965  -11.247 0.0000000000
8572  -21.580  -89.700  -10.681 0.0000000000
107744  -22.637  -88.832  -11.947 0.0000000000
79730  -22.149  -89.515  -11.236 0.0000000000
49618  -22.992  -88.141  -12.662 0.0000000000
107743  -23.153  -88.607  -12.543 0.0000000000
18897  -23.450  -87.942  -13.238 0.0000000000
107741  -23.566  -88.486  -13.161 0.0000000000
4380  -23.740  -88.814  -12.936 0.0000000000
122842  -24.117  -88.280  -13.702 0.0000000000
122843  -23.934  -87.827  -13.796 0.0000000000
107739  -21.957  -92.366  -11.861 0.0000000000
79722  -21.334  -92.881  -11.455 0.0000000000
49615  -22.562  -91.973  -12.318 0.0000000000
107738  -21.779  -92.879  -12.388 0.0000000000
18894  -22.392  -92.455  -12.751 0.0000000000
107736  -21.582  -93.321  -12.969 0.0000000000
8570  -20.775  -94.228  -13.274 0.0000000000
107735  -22.177  -92.845  -13.315 0.0000000000
79715  -21.372  -93.691  -13.607 0.0000000000
49613  -22.905  -91.968  -13.119 0.0000000000
107734  -22.760  -92.354  -13.600 0.0000000000
18892  -23.632  -91.538  -13.280 0.0000000000
107732  -23.459  -91.927  -13.832 0.0000000000
8569  -23.290  -92.371  -14.361 0.0000000000
107731  -24.393  -91.193  -13.521 0.0000000000
79708  -24.235  -91.672  -14.051 0.0000000000
49611  -24.467  -90.690  -13.080 0.0000000000
107730  -25.157  -90.418  -13.313 0.0000000000
18891  -25.046  -91.000  -13.716 0.0000000000
107721  -21.056  -95.697  -16.057 0.0000000000
79692  -20.370  -96.057  -15.921 0.0000000000
49605  -21.733  -95.409  -16.221 0.0000000000
107720  -21.228  -96.246  -16.307 0.0000000000
18884  -21.920  -95.978  -16.445 0.0000000000
107718  -21.450  -96.804  -16.428 0.0000000000
8566  -20.952  -97.568  -16.244 0.0000000000
107717  -22.114  -96.542  -16.531 0.0000000000
79685  -21.618  -97.345  -16.339 0.0000000000
49603  -22.653  -95.721  -16.529 0.0000000000
107716  -22.833  -96.297  -16.537 0.0000000000
107712  -22.399  -98.584  -13.687 0.0000000000
79677  -21.934  -98.891  -13.837 0.0000000000
49600  -22.801  -98.166  -13.502 0.0000000000
107711  -22.399  -98.497  -12.766 0.0000000000
18879  -22.780  -98.045  -12.554 0.0000000000
107709  -22.423  -98.337  -11.765 0.0000000000
7391  -22.254  -98.738  -10.903 0.0000000000
139253  -22.617  -98.324  -10.761 0.0000000000
139254  -22.750  -97.897  -11.563 0.0000000000
107707  -17.328  -92.061  -8.686 0.0000000000
79669  -17.607  -91.464  -8.228 0.0000000000
49597  -17.041  -92.689  -9.172 0.0000000000
107706  -16.397  -92.477  -9.007 0.0000000000
18876  -16.202  -93.075  -9.565 0.0000000000
107704  -15.578  -92.791  -9.433 0.0000000000
8563  -15.038  -92.620  -9.282 0.0000000000
107703  -15.382  -93.369  -10.066 0.0000000000
79662  -14.800  -93.033  -10.004 0.0000000000
49595  -16.038  -93.667  -10.083 0.0000000000
107702  -15.232  -93.865  -10.624 0.0000000000
107698  -11.593  -94.895  -11.742 0.0000000000
79654  -11.659  -94.369  -11.359 0.0000000000
49592  -11.652  -95.370  -12.069 0.0000000000
107697  -11.176  -95.308  -11.623 0.0000000000
18871  -11.328  -95.770  -11.823 0.0000000000
107695  -10.874  -95.665  -11.365 0.0000000000
8561  -10.459  -95.485  -10.991 0.0000000000
107694  -11.100  -96.131  -11.469 0.0000000000
79647  -10.621  -95.954  -10.963 0.0000000000
49590  -11.538  -96.203  -11.955 0.0000000000
107693  -11.392  -96.490  -11.445 0.0000000000
18869  -11.803  -96.617  -11.969 0.0000000000
107691  -11.772  -96.771  -11.311 0.0000000000
8560  -11.881  -96.785  -10.618 0.0000000000
107690  -12.161  -96.916  -11.858 0.0000000000
79640  -12.206  -96.975  -11.121 0.0000000000
49588  -12.242  -96.699  -12.500 0.0000000000
107689  -12.599  -97.044  -12.454 0.0000000000
107685  -15.523  -96.652  -9.675 0.0000000000
79632  -15.312  -96.339  -9.163 0.0000000000
49585  -15.739  -96.990  -10.170 0.0000000000
107684  -16.166  -96.652  -9.172 0.0000000000
107680  -11.557  -95.259  -7.986 0.0000000000
79624  -10.799  -95.391  -8.254 0.0000000000
49582  -12.359  -95.107  -7.661 0.0000000000
107679  -12.128  -94.818  -7.271 0.0000000000
18861  -12.982  -94.567  -6.924 0.0000000000
107677  -12.812  -94.247  -6.566 0.0000000000
8557  -12.542  -93.950  -6.278 0.0000000000
107676  -13.711  -93.972  -6.137 0.0000000000
79617  -13.473  -93.664  -5.846 0.0000000000
49580  -13.835  -94.344  -6.503 0.0000000000
107675  -14.573  -93.741  -5.646 0.0000000000
107671  -15.208  -92.725  -0.323 0.0000000000
79609  -15.181  -92.368  -1.288 0.0000000000
49577  -15.055  -93.147  0.592 0.0000000000
107670  -14.771  -92.927  0.893 0.0000000000
18856  -14.389  -93.409  1.756 0.0000000000
107668  -14.133  -93.062  2.053 0.0000000000
8554  -13.932  -92.671  2.382 0.0000000000
158502  -13.502  -93.270  3.118 0.0000000000
158503  -13.662  -93.624  2.789 0.0000000000
102041  -11.237  -92.919  -9.706 0.0000000000
102040  -10.632  -93.280  -10.034 0.0000000000
99742  -17.809  -98.545  -14.880 0.0000000000
66394  -17.467  -98.288  -15.104 0.0000000000
45172  -18.157  -98.782  -14.573 0.0000000000
99741  -17.619  -98.640  -14.336 0.0000000000
14451  -17.898  -98.817  -13.923 0.0000000000
99739  -17.374  -98.632  -13.656 0.0000000000
6367  -16.877  -98.486  -13.283 0.0000000000
99738  -17.654  -98.793  -13.103 0.0000000000
66387  -17.183  -98.638  -12.728 0.0000000000
45170  -18.191  -98.998  -13.307 0.0000000000
99737  -17.924  -98.968  -12.384 0.0000000000
99733  -16.772  -98.709  -7.302 0.0000000000
66379  -17.052  -98.190  -8.019 0.0000000000
45167  -16.360  -99.311  -6.674 0.0000000000
99732  -16.267  -98.992  -6.153 0.0000000000
14446  -15.778  -99.660  -5.528 0.0000000000
99730  -15.732  -99.275  -4.957 0.0000000000
6364  -15.769  -98.792  -4.348 0.0000000000
158556  -15.110  -99.538  -3.922 0.0000000000
158557  -15.116  -99.983  -4.518 0.0000000000
97721  -8.510  -94.608  -8.693 0.0000000000
97720  -8.713  -94.496  -8.180 0.0000000000
95424  -27.253  -95.301  -14.619 0.0000000000
4374  -26.666  -95.823  -14.716 0.0000000000
95426  -27.272  -94.893  -15.006 0.0000000000
95422  -16.569  -96.120  -12.992 0.0000000000
59194  -16.605  -95.840  -12.271 0.0000000000
42772  -16.504  -96.393  -13.640 0.0000000000
95421  -15.864  -96.142  -13.453 0.0000000000
12051  -15.872  -96.470  -13.965 0.0000000000
95419  -15.246  -96.246  -13.847 0.0000000000
4371  -14.760  -96.163  -13.767 0.0000000000
95418  -15.397  -96.651  -14.165 0.0000000000
59187  -14.863  -96.538  -14.007 0.0000000000
42770  -15.895  -96.808  -14.379 0.0000000000
95417  -15.577  -97.019  -14.418 0.0000000000
95413  -16.760  -95.410  -3.245 0.0000000000
59179  -16.688  -94.948  -4.142 0.0000000000
42767  -16.358  -95.942  -2.433 0.0000000000
95412  -16.226  -95.581  -1.975 0.0000000000
12046  -15.660  -96.150  -1.158 0.0000000000
95410  -15.473  -95.849  -0.649 0.0000000000
4366  -15.376  -95.410  -0.206 0.0000000000
158520  -14.706  -96.197  0.551 0.0000000000
158521  -14.796  -96.525  0.040 0.0000000000
93536  -17.191  -89.177  -6.979 0.0000000000
93535  -16.345  -89.852  -7.121 0.0000000000
92767  -20.090  -99.350  -8.918 0.0000000000
54769  -19.879  -99.305  -10.002 0.0000000000
79741  -21.809  -87.790  -9.284 0.0000000000
79739  -21.640  -88.290  -9.448 0.0000000000
79734  -20.860  -90.739  -10.016 0.0000000000
79732  -21.565  -90.319  -10.621 0.0000000000
79727  -23.849  -89.125  -12.723 0.0000000000
122838  -24.412  -88.832  -13.185 0.0000000000
122839  -24.297  -88.555  -13.433 0.0000000000
79724  -20.475  -93.369  -11.066 0.0000000000
79719  -19.893  -95.118  -13.627 0.0000000000
79717  -20.590  -94.539  -13.923 0.0000000000
79712  -23.139  -92.824  -14.876 0.0000000000
79710  -24.050  -92.126  -14.575 0.0000000000
79702  -26.312  -92.253  -15.293 0.0000000000
79700  -27.059  -91.691  -14.965 0.0000000000
79701  -27.061  -92.185  -15.272 0.0000000000
79694  -19.632  -96.444  -15.818 0.0000000000
79689  -20.377  -98.198  -16.007 0.0000000000
79687  -21.120  -97.997  -16.045 0.0000000000
79679  -21.268  -99.116  -13.817 0.0000000000
79674  -22.089  -99.077  -10.063 0.0000000000
32675  -21.882  -99.347  -9.043 0.0000000000
139249  -22.319  -99.182  -9.095 0.0000000000
139250  -22.498  -98.779  -9.951 0.0000000000
79671  -17.931  -90.852  -7.825 0.0000000000
79666  -14.617  -92.570  -9.117 0.0000000000
79664  -14.385  -92.890  -9.889 0.0000000000
79656  -11.812  -93.883  -10.904 0.0000000000
79651  -10.091  -95.297  -10.695 0.0000000000
79649  -10.301  -95.764  -10.684 0.0000000000
79644  -12.171  -96.550  -9.893 0.0000000000
79642  -12.433  -96.842  -10.374 0.0000000000
79634  -15.088  -96.021  -8.598 0.0000000000
79626  -10.069  -95.437  -8.529 0.0000000000
79621  -12.330  -93.649  -5.982 0.0000000000
79619  -13.276  -93.346  -5.535 0.0000000000
79611  -14.822  -92.200  -2.185 0.0000000000
79606  -13.747  -92.334  2.744 0.0000000000
79607  -14.031  -91.903  1.895 0.0000000000
75626  -22.033  -85.735  -9.288 0.0000000000
75625  -21.461  -86.333  -8.612 0.0000000000
70226  -10.031  -93.656  -10.147 0.0000000000
70225  -9.468  -93.996  -10.130 0.0000000000
66396  -17.166  -97.947  -15.263 0.0000000000
66391  -16.416  -98.267  -12.899 0.0000000000
66389  -16.751  -98.417  -12.414 0.0000000000
66381  -17.065  -97.859  -8.852 0.0000000000
66376  -15.782  -98.311  -3.726 0.0000000000
158552  -15.097  -98.517  -2.711 0.0000000000
158553  -15.111  -99.029  -3.330 0.0000000000
63026  -9.073  -94.247  -7.678 0.0000000000
63025  -9.580  -93.889  -6.967 0.0000000000
59204  -25.828  -94.600  -16.132 0.0000000000
59202  -26.570  -94.505  -15.799 0.0000000000
95427  -27.252  -94.393  -15.352 0.0000000000
95428  -27.193  -93.867  -15.527 0.0000000000
59199  -25.933  -96.234  -14.644 0.0000000000
139267  -25.793  -96.430  -14.012 0.0000000000
139268  -26.560  -96.044  -14.135 0.0000000000
59196  -16.629  -95.436  -11.716 0.0000000000
59191  -14.133  -96.129  -13.582 0.0000000000
59189  -14.302  -96.491  -13.824 0.0000000000
59181  -16.244  -94.637  -5.038 0.0000000000
59176  -15.322  -95.022  0.161 0.0000000000
158516  -14.629  -95.442  1.336 0.0000000000
158517  -14.643  -95.803  0.959 0.0000000000
56051  -15.476  -90.504  -7.379 0.0000000000
56050  -14.670  -91.068  -7.681 0.0000000000
54771  -19.643  -99.330  -11.057 0.0000000000
2896  -18.348  -100.019  -7.064 0.0000000000
54766  -17.785  -100.153  -7.063 0.0000000000
158570  -17.363  -100.736  -6.382 0.0000000000
158571  -17.818  -100.599  -6.289 0.0000000000
53426  -11.825  -92.456  -4.454 0.0000000000
53425  -12.636  -91.991  -3.592 0.0000000000
49619  -22.985  -87.596  -12.568 0.0000000000
49621  -23.042  -87.006  -12.415 0.0000000000
1997  -23.313  -86.814  -13.069 0.0000000000
49617  -23.351  -87.390  -13.215 0.0000000000
49614  -23.120  -91.528  -12.621 0.0000000000
49612  -23.764  -91.083  -12.844 0.0000000000
18890  -25.186  -89.849  -13.048 0.0000000000
49604  -22.454  -95.197  -16.365 0.0000000000
49599  -23.202  -97.742  -13.256 0.0000000000
139255  -23.104  -97.621  -12.317 0.0000000000
139256  -23.590  -97.359  -12.988 0.0000000000
49596  -16.908  -93.342  -9.639 0.0000000000
49591  -11.815  -95.810  -12.279 0.0000000000
49589  -12.016  -96.245  -12.418 0.0000000000
49581  -13.176  -94.933  -7.301 0.0000000000
49576  -14.701  -93.665  1.476 0.0000000000
158504  -13.893  -93.961  2.558 0.0000000000
158505  -14.150  -94.313  2.247 0.0000000000
46451  -12.507  -92.297  -8.748 0.0000000000
46450  -11.844  -92.605  -9.267 0.0000000000
45171  -18.425  -99.022  -14.138 0.0000000000
45166  -15.954  -99.899  -6.070 0.0000000000
158558  -15.347  -100.314  -5.169 0.0000000000
158559  -15.647  -100.494  -5.682 0.0000000000
44051  -8.487  -94.686  -9.503 0.0000000000
44050  -8.417  -94.666  -9.143 0.0000000000
42771  -16.482  -96.664  -14.224 0.0000000000
42766  -15.751  -96.516  -1.654 0.0000000000
158522  -14.882  -96.844  -0.502 0.0000000000
158523  -14.978  -97.185  -1.018 0.0000000000
41726  -19.073  -87.846  -7.259 0.0000000000
41725  -18.142  -88.509  -7.071 0.0000000000
49622  -23.106  -86.429  -12.241 0.0000000000
91151  -13.929  -90.984  -0.372 0.0000000000
158499  -13.368  -92.896  3.501 0.0000000000
139271  -27.212  -95.617  -14.208 0.0000000000
92764  -18.990  -99.876  -7.072 0.0000000000
158574  -18.471  -100.466  -6.283 0.0000000000
93537  -17.453  -88.306  -7.195 0.0000000000
11006  -18.343  -87.711  -7.364 0.0000000000
162709  -19.231  -87.251  -7.575 0.0000000000
97722  -8.111  -94.417  -8.921 0.0000000000
13331  -8.135  -94.422  -9.272 0.0000000000
162655  -8.277  -94.361  -9.618 0.0000000000
102042  -11.152  -92.500  -9.308 0.0000000000
15731  -11.755  -92.156  -8.877 0.0000000000
137345  -12.437  -91.782  -8.399 0.0000000000
49623  -23.287  -86.296  -12.900 0.0000000000
114597  -12.536  -91.647  -2.928 0.0000000000
22706  -11.797  -92.147  -3.853 0.0000000000
162637  -11.028  -92.678  -4.716 0.0000000000
118407  -14.097  -90.966  -7.665 0.0000000000
24416  -14.902  -90.317  -7.386 0.0000000000
118409  -15.746  -89.698  -7.171 0.0000000000
128172  -9.294  -93.618  -6.480 0.0000000000
28601  -8.818  -93.934  -7.322 0.0000000000
128174  -8.497  -94.174  -8.003 0.0000000000
137337  -8.931  -93.913  -10.074 0.0000000000
32006  -9.419  -93.616  -10.051 0.0000000000
137339  -10.002  -93.284  -9.943 0.0000000000
143952  -20.771  -86.304  -8.309 0.0000000000
34301  -21.432  -85.808  -8.901 0.0000000000
11005  -16.612  -88.874  -7.065 0.0000000000
93538  -17.707  -87.672  -7.572 0.0000000000
56052  -16.881  -88.231  -7.383 0.0000000000
3326  -17.214  -87.668  -7.928 0.0000000000
162710  -18.577  -87.125  -7.794 0.0000000000
162711  -18.036  -87.192  -8.133 0.0000000000
13330  -8.220  -94.344  -8.458 0.0000000000
97723  -7.758  -94.168  -9.209 0.0000000000
63027  -7.739  -94.157  -8.782 0.0000000000
5651  -7.455  -93.898  -9.110 0.0000000000
162656  -7.888  -94.144  -9.532 0.0000000000
162657  -7.536  -93.888  -9.532 0.0000000000
15730  -10.565  -92.899  -9.699 0.0000000000
102043  -11.144  -91.996  -8.964 0.0000000000
70227  -10.530  -92.417  -9.394 0.0000000000
7136  -10.548  -91.854  -9.204 0.0000000000
137346  -11.791  -91.594  -8.552 0.0000000000
137347  -11.238  -91.431  -8.755 0.0000000000
162631  -13.484  -90.848  -0.979 0.0000000000
22705  -13.090  -91.193  -1.994 0.0000000000
114598  -11.663  -91.765  -3.344 0.0000000000
91152  -12.339  -91.236  -2.540 0.0000000000
10108  -11.495  -91.277  -2.905 0.0000000000
162638  -10.921  -92.326  -4.150 0.0000000000
162639  -10.766  -91.880  -3.684 0.0000000000
24415  -13.240  -91.364  -8.006 0.0000000000
118408  -14.261  -90.050  -7.505 0.0000000000
70232  -13.409  -90.663  -7.824 0.0000000000
3325  -13.683  -89.808  -7.720 0.0000000000
118410  -15.186  -89.418  -7.307 0.0000000000
118411  -14.585  -89.140  -7.604 0.0000000000
56053  -16.002  -88.834  -7.183 0.0000000000
24417  -15.525  -88.537  -7.541 0.0000000000
118412  -14.951  -88.385  -7.977 0.0000000000
102044  -14.082  -88.953  -7.992 0.0000000000
15732  -14.477  -88.300  -8.449 0.0000000000
56055  -15.796  -87.970  -8.059 0.0000000000
118413  -15.260  -87.869  -8.557 0.0000000000
24418  -16.121  -87.520  -8.717 0.0000000000
118414  -15.697  -87.412  -9.142 0.0000000000
46452  -14.891  -87.790  -9.013 0.0000000000
1406  -15.317  -87.374  -9.598 0.0000000000
162716  -16.465  -87.020  -9.335 0.0000000000
162717  -16.068  -86.902  -9.718 0.0000000000
59215  -25.015  -88.624  -13.495 0.0000000000
28600  -10.057  -93.197  -5.583 0.0000000000
128173  -8.626  -93.659  -6.777 0.0000000000
91157  -9.313  -93.314  -5.875 0.0000000000
5650  -8.533  -93.320  -6.221 0.0000000000
128175  -8.206  -93.911  -7.668 0.0000000000
128176  -7.924  -93.580  -7.086 0.0000000000
63028  -7.924  -94.043  -8.274 0.0000000000
28602  -7.680  -93.733  -7.872 0.0000000000
128177  -7.396  -93.385  -7.310 0.0000000000
114599  -7.818  -93.218  -6.516 0.0000000000
22707  -7.140  -93.018  -6.771 0.0000000000
63030  -7.209  -93.460  -8.150 0.0000000000
128178  -6.843  -93.151  -7.596 0.0000000000
28603  -6.759  -93.151  -8.504 0.0000000000
128179  -6.367  -92.816  -8.057 0.0000000000
53427  -6.558  -92.727  -7.121 0.0000000000
2518  -6.087  -92.408  -7.391 0.0000000000
162662  -6.388  -92.771  -8.939 0.0000000000
162663  -5.966  -92.453  -8.409 0.0000000000
32005  -8.543  -94.177  -9.895 0.0000000000
137338  -8.912  -93.541  -10.035 0.0000000000
91172  -8.463  -93.819  -10.018 0.0000000000
7135  -8.463  -93.412  -10.100 0.0000000000
137340  -9.398  -93.216  -9.938 0.0000000000
137341  -8.931  -93.105  -10.028 0.0000000000
70228  -9.985  -92.839  -9.703 0.0000000000
32007  -9.450  -92.748  -9.832 0.0000000000
137342  -8.974  -92.593  -10.038 0.0000000000
114608  -8.519  -92.955  -10.192 0.0000000000
22712  -8.609  -92.426  -10.315 0.0000000000
70230  -9.444  -92.165  -9.743 0.0000000000
137343  -9.023  -91.928  -10.054 0.0000000000
32008  -9.595  -91.379  -9.694 0.0000000000
137344  -9.231  -91.093  -10.159 0.0000000000
53432  -8.686  -91.662  -10.521 0.0000000000
1405  -8.904  -90.876  -10.730 0.0000000000
137352  -9.874  -90.511  -9.760 0.0000000000
137353  -9.525  -90.296  -10.355 0.0000000000
70233  -12.531  -91.150  -8.148 0.0000000000
32009  -12.061  -90.923  -8.378 0.0000000000
137349  -11.518  -90.685  -8.670 0.0000000000
137350  -10.713  -91.166  -9.060 0.0000000000
32010  -11.089  -90.349  -9.009 0.0000000000
70236  -11.902  -89.843  -8.739 0.0000000000
137348  -12.368  -90.144  -8.369 0.0000000000
137351  -10.281  -90.787  -9.303 0.0000000000
70231  -10.024  -91.654  -9.418 0.0000000000
70238  -10.677  -90.020  -9.429 0.0000000000
32011  -10.298  -89.761  -10.038 0.0000000000
137354  -9.938  -89.587  -10.696 0.0000000000
128180  -9.170  -90.182  -10.939 0.0000000000
28604  -9.486  -89.631  -11.255 0.0000000000
70240  -10.694  -89.149  -10.420 0.0000000000
137355  -10.328  -89.093  -11.068 0.0000000000
32012  -11.122  -88.641  -10.875 0.0000000000
137356  -10.778  -88.579  -11.511 0.0000000000
63032  -9.968  -89.014  -11.612 0.0000000000
5652  -10.348  -88.358  -12.012 0.0000000000
137358  -11.586  -88.143  -11.378 0.0000000000
137359  -11.128  -87.981  -11.976 0.0000000000
32013  -12.021  -87.552  -11.983 0.0000000000
70243  -12.501  -87.745  -11.330 0.0000000000
137357  -11.967  -88.249  -10.759 0.0000000000
137360  -11.451  -87.367  -12.515 0.0000000000
97724  -10.583  -87.717  -12.424 0.0000000000
13332  -10.765  -86.957  -12.806 0.0000000000
70245  -12.389  -86.984  -12.533 0.0000000000
137361  -11.674  -86.591  -12.958 0.0000000000
32014  -12.699  -86.282  -13.023 0.0000000000
137362  -11.938  -85.740  -13.257 0.0000000000
44052  -10.993  -86.111  -13.104 0.0000000000
628  -11.229  -85.245  -13.147 0.0000000000
162734  -12.945  -85.376  -13.204 0.0000000000
162735  -12.238  -84.847  -13.351 0.0000000000
32676  -22.780  -98.954  -9.017 0.0000000000
139252  -22.879  -98.428  -9.788 0.0000000000
32677  -22.909  -97.906  -10.548 0.0000000000
71782  -23.038  -97.491  -11.322 0.0000000000
32678  -23.450  -97.222  -12.017 0.0000000000
139264  -24.003  -96.987  -12.661 0.0000000000
32681  -24.750  -96.752  -13.039 0.0000000000
71792  -25.616  -96.554  -13.316 0.0000000000
32682  -26.413  -96.204  -13.512 0.0000000000
139270  -27.158  -95.799  -13.662 0.0000000000
34300  -20.015  -86.797  -7.862 0.0000000000
143953  -20.802  -85.870  -8.710 0.0000000000
91217  -20.073  -86.313  -8.277 0.0000000000
39182  -12.990  -93.884  3.817 0.0000000000
158501  -12.880  -93.515  4.173 0.0000000000
87710  -13.134  -94.245  3.547 0.0000000000
39183  -13.311  -94.624  3.285 0.0000000000
158513  -13.529  -95.030  2.937 0.0000000000
39186  -13.696  -95.443  2.692 0.0000000000
87718  -12.811  -95.753  3.579 0.0000000000
158512  -12.670  -95.325  3.882 0.0000000000
87720  -13.838  -95.834  2.424 0.0000000000
39187  -13.871  -96.224  2.049 0.0000000000
158519  -13.880  -96.594  1.623 0.0000000000
39188  -13.929  -96.914  1.149 0.0000000000
87723  -13.085  -97.297  2.113 0.0000000000
158518  -13.066  -97.002  2.599 0.0000000000
87725  -13.992  -97.190  0.576 0.0000000000
39189  -14.024  -97.519  0.046 0.0000000000
158549  -14.111  -97.872  -0.514 0.0000000000
39198  -14.223  -98.257  -1.095 0.0000000000
87748  -13.230  -98.494  -0.207 0.0000000000
158548  -13.171  -98.155  0.409 0.0000000000
87750  -14.307  -98.715  -1.712 0.0000000000
39199  -14.338  -99.277  -2.401 0.0000000000
158555  -14.404  -99.773  -2.986 0.0000000000
39200  -14.383  -100.212  -3.546 0.0000000000
87753  -13.692  -100.273  -2.787 0.0000000000
158554  -13.560  -99.813  -2.183 0.0000000000
87755  -14.639  -100.587  -4.201 0.0000000000
39201  -15.008  -100.882  -4.803 0.0000000000
158567  -15.440  -101.096  -5.275 0.0000000000
39204  -16.002  -101.304  -5.527 0.0000000000
87763  -15.270  -101.655  -4.732 0.0000000000
158566  -14.755  -101.441  -4.455 0.0000000000
87765  -16.721  -101.269  -5.627 0.0000000000
39205  -17.320  -101.178  -5.622 0.0000000000
158573  -17.905  -101.052  -5.592 0.0000000000
39206  -18.523  -100.871  -5.555 0.0000000000
87768  -17.993  -101.325  -4.825 0.0000000000
158572  -17.380  -101.577  -4.877 0.0000000000
158575  -19.118  -100.296  -6.248 0.0000000000
91158  -10.128  -92.885  -4.997 0.0000000000
40561  -10.043  -92.457  -4.464 0.0000000000
162641  -9.793  -92.001  -3.950 0.0000000000
162642  -10.562  -91.357  -3.233 0.0000000000
40562  -9.669  -91.476  -3.500 0.0000000000
91161  -8.957  -92.115  -4.236 0.0000000000
162640  -9.185  -92.537  -4.708 0.0000000000
162643  -10.533  -90.824  -2.801 0.0000000000
91156  -11.368  -90.765  -2.495 0.0000000000
91173  -8.101  -94.043  -9.792 0.0000000000
40567  -7.731  -93.834  -9.821 0.0000000000
162659  -7.356  -93.541  -9.863 0.0000000000
162660  -7.202  -93.524  -9.467 0.0000000000
40568  -6.974  -93.146  -9.777 0.0000000000
91176  -7.213  -93.131  -10.151 0.0000000000
162658  -7.639  -93.488  -10.124 0.0000000000
162661  -6.816  -93.151  -9.221 0.0000000000
63031  -7.140  -93.471  -8.921 0.0000000000
91178  -6.544  -92.742  -9.640 0.0000000000
40569  -6.070  -92.374  -9.355 0.0000000000
162671  -5.681  -91.990  -8.907 0.0000000000
162672  -5.680  -91.992  -7.874 0.0000000000
40572  -5.361  -91.554  -8.405 0.0000000000
91186  -5.475  -91.550  -9.425 0.0000000000
162670  -5.826  -91.880  -9.911 0.0000000000
162673  -5.456  -91.576  -7.359 0.0000000000
53431  -5.871  -92.025  -6.886 0.0000000000
22711  -5.729  -91.588  -6.470 0.0000000000
91188  -5.170  -91.135  -7.855 0.0000000000
162674  -5.329  -91.196  -6.787 0.0000000000
40573  -5.041  -90.770  -7.066 0.0000000000
162675  -5.220  -90.910  -6.069 0.0000000000
114607  -5.627  -91.281  -5.786 0.0000000000
10110  -5.534  -90.862  -5.076 0.0000000000
162677  -4.915  -90.555  -6.365 0.0000000000
162678  -5.225  -90.575  -5.331 0.0000000000
40574  -4.945  -90.216  -5.501 0.0000000000
91191  -4.755  -90.119  -6.572 0.0000000000
162676  -4.838  -90.316  -7.343 0.0000000000
162679  -5.286  -90.132  -4.617 0.0000000000
91171  -5.771  -90.445  -4.487 0.0000000000
91218  -19.344  -86.758  -8.011 0.0000000000
40585  -18.803  -86.743  -8.280 0.0000000000
162713  -18.285  -86.725  -8.715 0.0000000000
162714  -17.495  -87.157  -8.550 0.0000000000
40586  -17.705  -86.716  -9.131 0.0000000000
91221  -18.459  -86.280  -9.170 0.0000000000
162712  -18.995  -86.340  -8.748 0.0000000000
162715  -16.957  -87.074  -8.935 0.0000000000
56056  -16.651  -87.555  -8.304 0.0000000000
91223  -17.196  -86.461  -9.475 0.0000000000
40587  -16.753  -86.478  -9.892 0.0000000000
162725  -16.386  -86.414  -10.270 0.0000000000
162726  -15.715  -86.898  -10.219 0.0000000000
40590  -16.041  -86.398  -10.702 0.0000000000
91231  -16.667  -85.918  -10.639 0.0000000000
162724  -16.969  -85.947  -10.322 0.0000000000
162727  -15.388  -86.866  -10.733 0.0000000000
46456  -15.027  -87.318  -10.163 0.0000000000
15736  -14.620  -87.295  -10.656 0.0000000000
91233  -15.687  -86.347  -11.122 0.0000000000
162728  -15.072  -86.836  -11.216 0.0000000000
40591  -15.329  -86.213  -11.540 0.0000000000
162729  -14.707  -86.700  -11.750 0.0000000000
102052  -14.338  -87.199  -11.246 0.0000000000
7138  -13.996  -87.027  -11.905 0.0000000000
162731  -14.901  -85.940  -11.991 0.0000000000
162732  -14.252  -86.388  -12.298 0.0000000000
40592  -14.356  -85.475  -12.445 0.0000000000
91236  -14.971  -84.946  -11.980 0.0000000000
162730  -15.389  -85.460  -11.625 0.0000000000
162733  -13.639  -85.917  -12.819 0.0000000000
70246  -13.397  -86.676  -12.491 0.0000000000
91238  -13.795  -85.023  -12.913 0.0000000000
40593  -13.109  -84.463  -13.176 0.0000000000
162761  -12.515  -84.002  -13.219 0.0000000000
162762  -11.536  -84.372  -13.146 0.0000000000
40602  -11.976  -83.561  -12.974 0.0000000000
91261  -12.944  -83.194  -13.061 0.0000000000
162760  -13.466  -83.540  -13.038 0.0000000000
162763  -11.040  -83.945  -12.687 0.0000000000
44056  -10.700  -84.823  -12.767 0.0000000000
22733  -15.347  -84.483  -11.403 0.0000000000
114645  -15.773  -84.823  -11.093 0.0000000000
91234  -15.840  -85.656  -11.233 0.0000000000
40589  -17.128  -85.271  -10.338 0.0000000000
162723  -17.580  -85.408  -10.110 0.0000000000
91224  -17.384  -86.001  -9.930 0.0000000000
22728  -19.110  -85.871  -9.133 0.0000000000
114636  -19.602  -85.910  -8.875 0.0000000000
91219  -19.474  -86.313  -8.451 0.0000000000
22718  -4.641  -89.782  -7.637 0.0000000000
114618  -4.829  -90.104  -8.458 0.0000000000
91189  -4.989  -90.661  -8.211 0.0000000000
40571  -5.743  -91.433  -10.253 0.0000000000
162669  -6.190  -91.797  -10.586 0.0000000000
91179  -6.290  -92.326  -10.150 0.0000000000
162668  -6.175  -91.238  -10.881 0.0000000000
162666  -6.679  -91.670  -11.033 0.0000000000
10111  -6.695  -92.209  -10.677 0.0000000000
91184  -5.718  -90.934  -10.547 0.0000000000
162667  -6.248  -90.754  -11.096 0.0000000000
40570  -6.726  -91.085  -11.267 0.0000000000
22716  -5.732  -90.452  -10.731 0.0000000000
114614  -6.382  -90.332  -11.179 0.0000000000
91182  -6.823  -90.585  -11.465 0.0000000000
162665  -7.256  -91.497  -11.286 0.0000000000
114612  -7.201  -92.085  -10.965 0.0000000000
91181  -7.361  -90.853  -11.547 0.0000000000
162664  -7.856  -91.178  -11.359 0.0000000000
22714  -7.781  -91.813  -11.051 0.0000000000
28605  -8.042  -90.541  -11.603 0.0000000000
128181  -8.529  -90.733  -11.212 0.0000000000
53434  -8.325  -91.431  -10.997 0.0000000000
22713  -7.654  -93.016  -10.407 0.0000000000
114609  -8.099  -93.264  -10.216 0.0000000000
91174  -8.055  -93.671  -10.060 0.0000000000
22708  -8.330  -92.567  -5.061 0.0000000000
114600  -8.451  -92.963  -5.628 0.0000000000
91159  -9.267  -92.975  -5.362 0.0000000000
21575  -17.468  -101.754  -4.089 0.0000000000
112563  -16.750  -101.971  -4.109 0.0000000000
87766  -16.699  -101.662  -4.881 0.0000000000
39203  -14.585  -101.876  -3.983 0.0000000000
158565  -13.957  -101.570  -3.554 0.0000000000
87756  -14.208  -101.174  -3.875 0.0000000000
15735  -12.926  -87.867  -10.661 0.0000000000
102049  -12.433  -88.314  -10.029 0.0000000000
70241  -11.495  -88.722  -10.157 0.0000000000
15733  -12.806  -89.270  -8.543 0.0000000000
102045  -13.187  -89.507  -8.084 0.0000000000
70234  -12.843  -90.410  -8.026 0.0000000000
128182  -8.772  -90.103  -11.462 0.0000000000
114617  -5.051  -90.081  -9.479 0.0000000000
10112  -5.110  -90.563  -9.324 0.0000000000
114619  -4.769  -89.639  -8.636 0.0000000000
22717  -5.058  -89.628  -9.584 0.0000000000
114616  -5.366  -90.046  -10.281 0.0000000000
91183  -5.300  -90.503  -10.120 0.0000000000
53436  -5.554  -89.526  -10.279 0.0000000000
114615  -5.897  -89.971  -10.815 0.0000000000
22715  -6.194  -89.319  -10.779 0.0000000000
114613  -6.640  -89.774  -11.269 0.0000000000
5653  -7.111  -90.044  -11.582 0.0000000000
128187  -7.428  -89.431  -11.691 0.0000000000
128188  -6.964  -89.128  -11.206 0.0000000000
114611  -7.697  -92.470  -10.701 0.0000000000
91175  -7.204  -92.672  -10.544 0.0000000000
53433  -8.166  -92.180  -10.688 0.0000000000
114610  -8.127  -92.755  -10.433 0.0000000000
114606  -6.219  -91.501  -5.590 0.0000000000
91167  -6.264  -91.060  -4.975 0.0000000000
53430  -6.278  -91.949  -6.095 0.0000000000
114605  -6.796  -91.750  -5.316 0.0000000000
22710  -6.878  -91.225  -4.838 0.0000000000
22709  -6.881  -92.250  -5.780 0.0000000000
114603  -7.421  -91.997  -5.027 0.0000000000
114604  -7.468  -91.369  -4.611 0.0000000000
162649  -7.640  -90.791  -4.139 0.0000000000
10109  -8.195  -91.433  -4.244 0.0000000000
91166  -8.352  -90.824  -3.841 0.0000000000
114602  -7.507  -92.460  -5.540 0.0000000000
91160  -8.211  -92.054  -4.585 0.0000000000
53428  -6.996  -92.662  -6.280 0.0000000000
114601  -7.585  -92.882  -6.022 0.0000000000
112562  -16.043  -102.119  -3.358 0.0000000000
9656  -15.989  -102.043  -4.103 0.0000000000
112564  -16.807  -101.991  -3.336 0.0000000000
21574  -16.098  -102.073  -2.581 0.0000000000
112561  -15.314  -102.177  -2.588 0.0000000000
87760  -15.264  -102.193  -3.345 0.0000000000
102051  -13.811  -87.585  -10.602 0.0000000000
70242  -13.461  -87.417  -11.279 0.0000000000
46455  -14.143  -87.631  -10.045 0.0000000000
102050  -13.287  -87.961  -10.028 0.0000000000
15734  -13.701  -88.049  -9.427 0.0000000000
102048  -12.774  -88.440  -9.472 0.0000000000
7137  -11.912  -88.878  -9.501 0.0000000000
102047  -13.265  -88.567  -8.895 0.0000000000
70235  -12.335  -89.058  -8.994 0.0000000000
46453  -14.119  -88.186  -8.906 0.0000000000
102046  -13.660  -88.766  -8.442 0.0000000000
97726  -9.993  -87.380  -12.603 0.0000000000
97725  -9.784  -88.097  -12.312 0.0000000000
91237  -14.435  -84.525  -12.439 0.0000000000
91239  -13.894  -84.045  -12.830 0.0000000000
10118  -16.303  -85.121  -10.828 0.0000000000
91232  -16.255  -85.843  -10.934 0.0000000000
91230  -16.703  -85.187  -10.570 0.0000000000
10117  -18.031  -85.521  -9.792 0.0000000000
91222  -17.882  -86.110  -9.530 0.0000000000
91220  -18.579  -85.711  -9.442 0.0000000000
7990  -20.149  -85.892  -8.668 0.0000000000
91190  -4.527  -89.566  -6.707 0.0000000000
91192  -4.670  -89.743  -5.707 0.0000000000
10113  -4.394  -89.119  -5.855 0.0000000000
114620  -4.541  -89.281  -7.717 0.0000000000
114621  -4.371  -88.985  -6.788 0.0000000000
91187  -5.136  -91.100  -8.975 0.0000000000
91185  -5.310  -90.997  -9.880 0.0000000000
91180  -7.588  -90.301  -11.739 0.0000000000
128183  -8.327  -89.965  -11.850 0.0000000000
128184  -7.913  -89.690  -11.901 0.0000000000
91177  -6.821  -92.671  -10.188 0.0000000000
91169  -6.368  -90.575  -4.350 0.0000000000
91168  -7.015  -90.698  -4.246 0.0000000000
91162  -8.935  -91.488  -3.810 0.0000000000
91154  -12.217  -90.731  -2.081 0.0000000000
91153  -12.919  -90.776  -1.578 0.0000000000
87767  -18.116  -101.455  -4.041 0.0000000000
87769  -18.665  -101.096  -4.775 0.0000000000
9657  -18.795  -101.223  -4.033 0.0000000000
112565  -17.510  -101.772  -3.323 0.0000000000
112566  -18.202  -101.512  -3.311 0.0000000000
87764  -15.929  -101.730  -4.841 0.0000000000
87762  -15.235  -102.090  -4.095 0.0000000000
87761  -14.541  -102.117  -3.288 0.0000000000
158564  -13.844  -101.886  -3.106 0.0000000000
21573  -14.527  -102.218  -2.546 0.0000000000
158563  -13.822  -102.031  -2.455 0.0000000000
87754  -13.859  -100.761  -3.384 0.0000000000
87749  -13.340  -98.885  -0.882 0.0000000000
87751  -13.427  -99.366  -1.559 0.0000000000
87724  -13.116  -97.551  1.561 0.0000000000
87726  -13.141  -97.833  0.996 0.0000000000
87719  -12.972  -96.181  3.333 0.0000000000
87721  -13.079  -96.608  3.068 0.0000000000
87709  -12.422  -94.603  4.471 0.0000000000
87711  -12.536  -94.908  4.234 0.0000000000
70244  -12.990  -87.232  -11.941 0.0000000000
70239  -11.076  -89.298  -9.683 0.0000000000
70237  -11.513  -89.572  -9.186 0.0000000000
70229  -9.934  -92.314  -9.547 0.0000000000
63034  -9.489  -88.811  -12.005 0.0000000000
63033  -9.124  -89.523  -11.696 0.0000000000
63029  -7.516  -93.824  -8.566 0.0000000000
56054  -16.370  -88.054  -7.708 0.0000000000
53435  -5.798  -88.952  -10.160 0.0000000000
53437  -5.193  -89.071  -9.556 0.0000000000
2519  -5.424  -88.461  -9.457 0.0000000000
128189  -6.514  -88.734  -10.606 0.0000000000
128190  -6.115  -88.354  -9.990 0.0000000000
53429  -6.450  -92.399  -6.524 0.0000000000
46454  -14.539  -87.730  -9.489 0.0000000000
44054  -10.419  -85.656  -12.787 0.0000000000
44055  -10.020  -85.315  -12.256 0.0000000000
13336  -10.295  -84.482  -12.124 0.0000000000
97731  -9.776  -85.049  -11.490 0.0000000000
13334  -9.718  -86.179  -12.344 0.0000000000
97730  -9.396  -85.919  -11.707 0.0000000000
44053  -10.179  -86.519  -12.730 0.0000000000
97727  -9.463  -86.978  -12.309 0.0000000000
91193  -4.870  -89.731  -4.805 0.0000000000
91163  -9.752  -90.922  -3.097 0.0000000000
87770  -19.215  -100.671  -5.468 0.0000000000
87708  -12.330  -94.176  4.796 0.0000000000
53438  -4.777  -89.128  -8.691 0.0000000000
97732  -10.125  -84.268  -11.282 0.0000000000
162764  -10.667  -83.719  -11.905 0.0000000000
97728  -9.068  -86.841  -11.828 0.0000000000
91194  -4.537  -89.196  -4.897 0.0000000000
91196  -4.189  -88.518  -5.096 0.0000000000
114622  -4.104  -88.464  -6.043 0.0000000000
91164  -9.032  -90.887  -3.501 0.0000000000
87771  -19.347  -100.868  -4.712 0.0000000000
158652  -18.882  -101.157  -3.246 0.0000000000
158655  -19.454  -100.879  -3.932 0.0000000000
53439  -4.851  -88.550  -8.712 0.0000000000
53441  -5.036  -87.950  -8.647 0.0000000000
128191  -5.738  -87.913  -9.296 0.0000000000
22719  -4.469  -88.707  -7.752 0.0000000000
53440  -4.468  -88.070  -7.810 0.0000000000
114624  -4.154  -87.661  -7.048 0.0000000000
22721  -4.620  -87.451  -7.806 0.0000000000
114623  -4.196  -88.367  -6.944 0.0000000000
162691  -5.313  -87.389  -8.503 0.0000000000
28606  -8.670  -89.292  -11.969 0.0000000000
128185  -8.994  -88.553  -12.206 0.0000000000
13333  -9.277  -87.788  -12.275 0.0000000000
63035  -8.808  -87.563  -11.922 0.0000000000
5654  -8.505  -87.360  -11.356 0.0000000000
97729  -8.819  -86.643  -11.051 0.0000000000
128195  -8.687  -86.534  -10.225 0.0000000000
13335  -9.252  -85.719  -10.825 0.0000000000
63041  -8.185  -87.234  -10.529 0.0000000000
63042  -9.664  -84.916  -10.579 0.0000000000
5656  -10.026  -84.120  -10.364 0.0000000000
162765  -10.520  -83.526  -11.027 0.0000000000
52295  -16.853  -101.908  -2.564 0.0000000000
21576  -17.558  -101.652  -2.576 0.0000000000
158651  -18.295  -101.326  -2.564 0.0000000000
162685  -3.881  -87.814  -5.267 0.0000000000
22720  -3.924  -87.770  -6.203 0.0000000000
114625  -4.310  -86.979  -7.084 0.0000000000
91197  -3.939  -87.074  -6.339 0.0000000000
10114  -4.119  -86.406  -6.373 0.0000000000
162692  -4.885  -86.857  -7.704 0.0000000000
162693  -4.608  -86.358  -7.033 0.0000000000
128186  -8.249  -89.024  -11.999 0.0000000000
63036  -8.557  -88.291  -11.983 0.0000000000
28607  -7.758  -88.805  -11.572 0.0000000000
63038  -7.321  -88.472  -11.025 0.0000000000
28608  -6.912  -88.269  -10.346 0.0000000000
128192  -6.550  -87.846  -9.695 0.0000000000
28609  -6.137  -87.442  -8.958 0.0000000000
63040  -7.419  -87.670  -10.078 0.0000000000
128193  -7.017  -87.402  -9.312 0.0000000000
28610  -7.915  -87.111  -9.731 0.0000000000
128194  -7.517  -86.914  -8.906 0.0000000000
91202  -6.599  -87.015  -8.562 0.0000000000
5655  -7.154  -86.589  -8.117 0.0000000000
128196  -8.456  -86.468  -9.378 0.0000000000
128197  -8.172  -86.322  -8.505 0.0000000000
63043  -9.142  -85.696  -9.948 0.0000000000
28611  -8.995  -85.662  -9.054 0.0000000000
128198  -8.804  -85.620  -8.156 0.0000000000
114626  -7.882  -86.094  -7.634 0.0000000000
22722  -8.656  -85.358  -7.330 0.0000000000
63045  -9.529  -84.875  -8.745 0.0000000000
128199  -9.458  -84.786  -7.911 0.0000000000
28612  -9.998  -84.005  -8.488 0.0000000000
128200  -9.943  -83.927  -7.698 0.0000000000
53442  -9.285  -84.676  -7.031 0.0000000000
2520  -9.762  -83.929  -6.816 0.0000000000
162770  -10.534  -83.301  -8.320 0.0000000000
162771  -10.518  -83.283  -7.455 0.0000000000
39232  -19.001  -100.943  -2.491 0.0000000000
87833  -18.372  -101.022  -1.802 0.0000000000
158650  -17.666  -101.376  -1.834 0.0000000000
158654  -19.538  -100.745  -3.141 0.0000000000
91203  -5.730  -86.953  -8.192 0.0000000000
40579  -5.339  -86.449  -7.433 0.0000000000
162695  -5.080  -85.899  -6.737 0.0000000000
162696  -4.417  -85.798  -6.267 0.0000000000
40580  -4.914  -85.354  -5.980 0.0000000000
91206  -5.689  -85.539  -6.332 0.0000000000
162694  -5.918  -86.067  -7.027 0.0000000000
162697  -4.197  -85.183  -5.447 0.0000000000
91201  -3.882  -85.837  -5.534 0.0000000000
40605  -11.131  -82.733  -8.099 0.0000000000
91268  -11.120  -82.684  -8.973 0.0000000000
162769  -10.529  -83.331  -9.187 0.0000000000
162779  -11.203  -82.707  -7.247 0.0000000000
162780  -10.406  -83.290  -6.611 0.0000000000
40608  -11.115  -82.598  -6.289 0.0000000000
162781  -10.223  -82.979  -5.733 0.0000000000
53446  -9.541  -83.727  -6.030 0.0000000000
40604  -11.027  -82.754  -9.851 0.0000000000
162768  -10.521  -83.409  -10.167 0.0000000000
63046  -10.022  -84.034  -9.442 0.0000000000
22723  -6.628  -85.758  -6.466 0.0000000000
114627  -6.865  -86.216  -7.313 0.0000000000
91204  -6.235  -86.570  -7.787 0.0000000000
39231  -17.767  -101.030  -1.049 0.0000000000
158649  -17.100  -101.324  -1.129 0.0000000000
52296  -16.917  -101.694  -1.835 0.0000000000
114628  -7.641  -85.739  -6.797 0.0000000000
91205  -6.339  -85.154  -5.844 0.0000000000
91207  -5.361  -84.837  -5.644 0.0000000000
10115  -6.055  -84.379  -5.262 0.0000000000
114629  -7.315  -85.268  -6.070 0.0000000000
114630  -7.028  -84.568  -5.490 0.0000000000
91199  -3.778  -86.478  -5.542 0.0000000000
91198  -3.729  -87.142  -5.443 0.0000000000
63044  -9.593  -84.870  -9.687 0.0000000000
63039  -7.757  -87.873  -10.811 0.0000000000
63037  -8.116  -88.077  -11.470 0.0000000000
53444  -8.921  -84.441  -6.202 0.0000000000
53445  -8.654  -84.037  -5.491 0.0000000000
22726  -9.285  -83.251  -5.265 0.0000000000
114633  -8.338  -83.351  -4.960 0.0000000000
22724  -7.971  -84.639  -5.775 0.0000000000
114632  -7.672  -83.970  -5.242 0.0000000000
53443  -8.333  -85.136  -6.443 0.0000000000
91208  -4.574  -84.630  -5.242 0.0000000000
91209  -5.101  -84.135  -5.029 0.0000000000
91211  -5.779  -83.663  -4.792 0.0000000000
114631  -6.689  -83.826  -5.006 0.0000000000
162703  -6.404  -83.158  -4.554 0.0000000000
22725  -7.353  -83.298  -4.753 0.0000000000
